18
m_mephitis0.000000 200.000000 585.000000 585.000000 485.000000 427.000000 375.000000 546.000000 546.000000 461.000000 391.000000 551.000000 551.000000 629.000000 629.000000 553.000000 492.000000 492.000000 
s_putorius200.000000 0.000000 585.000000 585.000000 485.000000 427.000000 375.000000 546.000000 546.000000 461.000000 391.000000 551.000000 551.000000 629.000000 629.000000 553.000000 492.000000 492.000000 
n_vison    585.000000 585.000000 0.000000 200.000000 300.000000 358.000000 410.000000 749.000000 749.000000 664.000000 594.000000 754.000000 754.000000 832.000000 832.000000 756.000000 695.000000 695.000000 
m_nivalis  585.000000 585.000000 200.000000 0.000000 300.000000 358.000000 410.000000 749.000000 749.000000 664.000000 594.000000 754.000000 754.000000 832.000000 832.000000 756.000000 695.000000 695.000000 
m_american485.000000 485.000000 300.000000 300.000000 0.000000 258.000000 310.000000 649.000000 649.000000 564.000000 494.000000 654.000000 654.000000 732.000000 732.000000 656.000000 595.000000 595.000000 
g_gulo     427.000000 427.000000 358.000000 358.000000 258.000000 0.000000 252.000000 591.000000 591.000000 506.000000 436.000000 596.000000 596.000000 674.000000 674.000000 598.000000 537.000000 537.000000 
m_pennanti375.000000 375.000000 410.000000 410.000000 310.000000 252.000000 0.000000 539.000000 539.000000 454.000000 384.000000 544.000000 544.000000 622.000000 622.000000 546.000000 485.000000 485.000000 
b_astutus  546.000000 546.000000 749.000000 749.000000 649.000000 591.000000 539.000000 0.000000 200.000000 285.000000 355.000000 609.000000 609.000000 687.000000 687.000000 611.000000 550.000000 550.000000 
p_lotor    546.000000 546.000000 749.000000 749.000000 649.000000 591.000000 539.000000 200.000000 0.000000 285.000000 355.000000 609.000000 609.000000 687.000000 687.000000 611.000000 550.000000 550.000000 
n_narica   461.000000 461.000000 664.000000 664.000000 564.000000 506.000000 454.000000 285.000000 285.000000 0.000000 270.000000 524.000000 524.000000 602.000000 602.000000 526.000000 465.000000 465.000000 
t_taxus    391.000000 391.000000 594.000000 594.000000 494.000000 436.000000 384.000000 355.000000 355.000000 270.000000 0.000000 454.000000 454.000000 532.000000 532.000000 456.000000 395.000000 395.000000 
l_rufus    551.000000 551.000000 754.000000 754.000000 654.000000 596.000000 544.000000 609.000000 609.000000 524.000000 454.000000 0.000000 200.000000 474.000000 474.000000 398.000000 457.000000 457.000000 
p_concolor551.000000 551.000000 754.000000 754.000000 654.000000 596.000000 544.000000 609.000000 609.000000 524.000000 454.000000 200.000000 0.000000 474.000000 474.000000 398.000000 457.000000 457.000000 
v_lagopus  629.000000 629.000000 832.000000 832.000000 732.000000 674.000000 622.000000 687.000000 687.000000 602.000000 532.000000 474.000000 474.000000 0.000000 200.000000 276.000000 535.000000 535.000000 
c_lupus    629.000000 629.000000 832.000000 832.000000 732.000000 674.000000 622.000000 687.000000 687.000000 602.000000 532.000000 474.000000 474.000000 200.000000 0.000000 276.000000 535.000000 535.000000 
c_latrans  553.000000 553.000000 756.000000 756.000000 656.000000 598.000000 546.000000 611.000000 611.000000 526.000000 456.000000 398.000000 398.000000 276.000000 276.000000 0.000000 459.000000 459.000000 
u_american492.000000 492.000000 695.000000 695.000000 595.000000 537.000000 485.000000 550.000000 550.000000 465.000000 395.000000 457.000000 457.000000 535.000000 535.000000 459.000000 0.000000 200.000000 
u_arctos   492.000000 492.000000 695.000000 695.000000 595.000000 537.000000 485.000000 550.000000 550.000000 465.000000 395.000000 457.000000 457.000000 535.000000 535.000000 459.000000 200.000000 0.000000 

30
a_lagopus  0.000000 0.499400 0.582100 0.793400 0.904700 0.912300 0.901000 0.930200 0.914700 0.926000 0.929900 0.897200 0.931300 0.932600 0.839100 0.881200 0.766900 0.833000 0.844400 0.811800 0.836700 0.858000 0.779500 0.794100 0.793400 0.813000 0.860200 0.736900 0.795000 0.861300 
c_leuconotus0.499400 0.000000 0.690100 0.901400 1.012700 1.020300 1.009000 1.038200 1.022700 1.034000 1.037900 1.005200 1.039300 1.040600 0.947100 0.989200 0.874900 0.941000 0.952400 0.919800 0.944700 0.966000 0.887500 0.902100 0.901400 0.921000 0.968200 0.844900 0.903000 0.969300 
c_latrans  0.582100 0.690100 0.000000 0.823100 0.934400 0.942000 0.930700 0.959900 0.944400 0.955700 0.959600 0.926900 0.961000 0.962300 0.868800 0.910900 0.796600 0.862700 0.874100 0.841500 0.866400 0.887700 0.809200 0.823800 0.823100 0.842700 0.889900 0.766600 0.824700 0.891000 
l_pardalis0.793400 0.901400 0.823100 0.000000 1.020500 1.028100 1.016800 1.046000 1.030500 1.041800 1.045700 1.013000 1.047100 1.048400 0.954900 0.997000 0.882700 0.948800 0.960200 0.927600 0.952500 0.973800 0.895300 0.909900 0.909200 0.928800 0.976000 0.852700 0.910800 0.977100 
b_astutus  0.904700 1.012700 0.934400 1.020500 0.000000 0.939600 0.936100 0.973900 0.958400 0.969700 0.985200 0.952500 0.988800 0.990100 0.993200 1.035300 0.921000 0.987100 0.998500 0.965900 0.990800 1.012100 0.933600 0.948200 0.947500 0.967100 1.014300 0.891000 0.949100 1.015400 
p_concolor0.912300 1.020300 0.942000 1.028100 0.939600 0.000000 0.943700 0.981500 0.966000 0.977300 0.992800 0.960100 0.996400 0.997700 1.000800 1.042900 0.928600 0.994700 1.006100 0.973500 0.998400 1.019700 0.941200 0.955800 0.955100 0.974700 1.021900 0.898600 0.956700 1.023000 
p_lotor    0.901000 1.009000 0.930700 1.016800 0.936100 0.943700 0.000000 0.970200 0.954700 0.966000 0.981500 0.948800 0.985100 0.986400 0.989500 1.031600 0.917300 0.983400 0.994800 0.962200 0.987100 1.008400 0.929900 0.944500 0.943800 0.963400 1.010600 0.887300 0.945400 1.011700 
s_putorius0.930200 1.038200 0.959900 1.046000 0.973900 0.981500 0.970200 0.000000 0.939900 0.995200 1.010700 0.978000 1.014300 1.015600 1.018700 1.060800 0.946500 1.012600 1.024000 0.991400 1.016300 1.037600 0.959100 0.973700 0.973000 0.992600 1.039800 0.916500 0.974600 1.040900 
s_pygmaea  0.914700 1.022700 0.944400 1.030500 0.958400 0.966000 0.954700 0.939900 0.000000 0.979700 0.995200 0.962500 0.998800 1.000100 1.003200 1.045300 0.931000 0.997100 1.008500 0.975900 1.000800 1.022100 0.943600 0.958200 0.957500 0.977100 1.024300 0.901000 0.959100 1.025400 
n_narica   0.926000 1.034000 0.955700 1.041800 0.969700 0.977300 0.966000 0.995200 0.979700 0.000000 1.006500 0.973800 1.010100 1.011400 1.014500 1.056600 0.942300 1.008400 1.019800 0.987200 1.012100 1.033400 0.954900 0.969500 0.968800 0.988400 1.035600 0.912300 0.970400 1.036700 
t_taxus    0.929900 1.037900 0.959600 1.045700 0.985200 0.992800 0.981500 1.010700 0.995200 1.006500 0.000000 0.945700 1.014000 1.015300 1.018400 1.060500 0.946200 1.012300 1.023700 0.991100 1.016000 1.037300 0.958800 0.973400 0.972700 0.992300 1.039500 0.916200 0.974300 1.040600 
u_arctos   0.897200 1.005200 0.926900 1.013000 0.952500 0.960100 0.948800 0.978000 0.962500 0.973800 0.945700 0.000000 0.981300 0.982600 0.985700 1.027800 0.913500 0.979600 0.991000 0.958400 0.983300 1.004600 0.926100 0.940700 0.940000 0.959600 1.006800 0.883500 0.941600 1.007900 
h_yaguarondi0.931300 1.039300 0.961000 1.047100 0.988800 0.996400 0.985100 1.014300 0.998800 1.010100 1.014000 0.981300 0.000000 1.000300 1.019800 1.061900 0.947600 1.013700 1.025100 0.992500 1.017400 1.038700 0.960200 0.974800 0.974100 0.993700 1.040900 0.917600 0.975700 1.042000 
v_vulpes   0.932600 1.040600 0.962300 1.048400 0.990100 0.997700 0.986400 1.015600 1.000100 1.011400 1.015300 0.982600 1.000300 0.000000 1.021100 1.063200 0.948900 1.015000 1.026400 0.993800 1.018700 1.040000 0.961500 0.976100 0.975400 0.995000 1.042200 0.918900 0.977000 1.043300 
p_onca     0.839100 0.947100 0.868800 0.954900 0.993200 1.000800 0.989500 1.018700 1.003200 1.014500 1.018400 0.985700 1.019800 1.021100 0.000000 0.963500 0.849200 0.915300 0.926700 0.894100 0.919000 0.940300 0.861800 0.876400 0.875700 0.895300 0.942500 0.819200 0.877300 0.943600 
m_vison    0.881200 0.989200 0.910900 0.997000 1.035300 1.042900 1.031600 1.060800 1.045300 1.056600 1.060500 1.027800 1.061900 1.063200 0.963500 0.000000 0.560300 0.908400 0.919800 0.887200 0.912100 0.933400 0.854900 0.869500 0.868800 0.888400 0.935600 0.812300 0.870400 0.936700 
u_littoralis0.766900 0.874900 0.796600 0.882700 0.921000 0.928600 0.917300 0.946500 0.931000 0.942300 0.946200 0.913500 0.947600 0.948900 0.849200 0.560300 0.000000 0.794100 0.805500 0.772900 0.797800 0.819100 0.740600 0.755200 0.754500 0.774100 0.821300 0.698000 0.756100 0.822400 
m_americana0.833000 0.941000 0.862700 0.948800 0.987100 0.994700 0.983400 1.012600 0.997100 1.008400 1.012300 0.979600 1.013700 1.015000 0.915300 0.908400 0.794100 0.000000 0.710800 0.806600 0.831500 0.852800 0.774300 0.788900 0.788200 0.807800 0.855000 0.731700 0.789800 0.856100 
m_pennanti0.844400 0.952400 0.874100 0.960200 0.998500 1.006100 0.994800 1.024000 1.008500 1.019800 1.023700 0.991000 1.025100 1.026400 0.926700 0.919800 0.805500 0.710800 0.000000 0.818000 0.842900 0.864200 0.785700 0.800300 0.799600 0.819200 0.866400 0.743100 0.801200 0.867500 
ly_canaden0.811800 0.919800 0.841500 0.927600 0.965900 0.973500 0.962200 0.991400 0.975900 0.987200 0.991100 0.958400 0.992500 0.993800 0.894100 0.887200 0.772900 0.806600 0.818000 0.000000 0.614300 0.810200 0.731700 0.746300 0.745600 0.765200 0.812400 0.689100 0.747200 0.813500 
l_rufus    0.836700 0.944700 0.866400 0.952500 0.990800 0.998400 0.987100 1.016300 1.000800 1.012100 1.016000 0.983300 1.017400 1.018700 0.919000 0.912100 0.797800 0.831500 0.842900 0.614300 0.000000 0.835100 0.756600 0.771200 0.770500 0.790100 0.837300 0.714000 0.772100 0.838400 
g_gulo     0.858000 0.966000 0.887700 0.973800 1.012100 1.019700 1.008400 1.037600 1.022100 1.033400 1.037300 1.004600 1.038700 1.040000 0.940300 0.933400 0.819100 0.852800 0.864200 0.810200 0.835100 0.000000 0.464100 0.623300 0.664200 0.683800 0.823200 0.699900 0.758000 0.824300 
m_mephitis0.779500 0.887500 0.809200 0.895300 0.933600 0.941200 0.929900 0.959100 0.943600 0.954900 0.958800 0.926100 0.960200 0.961500 0.861800 0.854900 0.740600 0.774300 0.785700 0.731700 0.756600 0.464100 0.000000 0.544800 0.585700 0.605300 0.744700 0.621400 0.679500 0.745800 
lo_canaden0.794100 0.902100 0.823800 0.909900 0.948200 0.955800 0.944500 0.973700 0.958200 0.969500 0.973400 0.940700 0.974800 0.976100 0.876400 0.869500 0.755200 0.788900 0.800300 0.746300 0.771200 0.623300 0.544800 0.000000 0.600300 0.619900 0.759300 0.636000 0.694100 0.760400 
c_lupus    0.793400 0.901400 0.823100 0.909200 0.947500 0.955100 0.943800 0.973000 0.957500 0.968800 0.972700 0.940000 0.974100 0.975400 0.875700 0.868800 0.754500 0.788200 0.799600 0.745600 0.770500 0.664200 0.585700 0.600300 0.000000 0.343200 0.758600 0.635300 0.693400 0.759700 
m_frenata  0.813000 0.921000 0.842700 0.928800 0.967100 0.974700 0.963400 0.992600 0.977100 0.988400 0.992300 0.959600 0.993700 0.995000 0.895300 0.888400 0.774100 0.807800 0.819200 0.765200 0.790100 0.683800 0.605300 0.619900 0.343200 0.000000 0.778200 0.654900 0.713000 0.779300 
m_erminea  0.860200 0.968200 0.889900 0.976000 1.014300 1.021900 1.010600 1.039800 1.024300 1.035600 1.039500 1.006800 1.040900 1.042200 0.942500 0.935600 0.821300 0.855000 0.866400 0.812400 0.837300 0.823200 0.744700 0.759300 0.758600 0.778200 0.000000 0.222700 0.459600 0.651100 
v_velox    0.736900 0.844900 0.766600 0.852700 0.891000 0.898600 0.887300 0.916500 0.901000 0.912300 0.916200 0.883500 0.917600 0.918900 0.819200 0.812300 0.698000 0.731700 0.743100 0.689100 0.714000 0.699900 0.621400 0.636000 0.635300 0.654900 0.222700 0.000000 0.336300 0.527800 
m_nivalis  0.795000 0.903000 0.824700 0.910800 0.949100 0.956700 0.945400 0.974600 0.959100 0.970400 0.974300 0.941600 0.975700 0.977000 0.877300 0.870400 0.756100 0.789800 0.801200 0.747200 0.772100 0.758000 0.679500 0.694100 0.693400 0.713000 0.459600 0.336300 0.000000 0.585900 
u_americanus0.861300 0.969300 0.891000 0.977100 1.015400 1.023000 1.011700 1.040900 1.025400 1.036700 1.040600 1.007900 1.042000 1.043300 0.943600 0.936700 0.822400 0.856100 0.867500 0.813500 0.838400 0.824300 0.745800 0.760400 0.759700 0.779300 0.651100 0.527800 0.585900 0.000000 

