9
m_pennanti0.000000 200.000000 374.000000 374.000000 471.000000 471.000000 371.000000 393.000000 393.000000 
g_gulo     200.000000 0.000000 374.000000 374.000000 471.000000 471.000000 371.000000 393.000000 393.000000 
l_rufus    374.000000 374.000000 0.000000 200.000000 387.000000 387.000000 287.000000 377.000000 377.000000 
p_lotor    374.000000 374.000000 200.000000 0.000000 387.000000 387.000000 287.000000 377.000000 377.000000 
c_latrans  471.000000 471.000000 387.000000 387.000000 0.000000 200.000000 300.000000 474.000000 474.000000 
c_lupus    471.000000 471.000000 387.000000 387.000000 200.000000 0.000000 300.000000 474.000000 474.000000 
s_putorius371.000000 371.000000 287.000000 287.000000 300.000000 300.000000 0.000000 374.000000 374.000000 
u_american393.000000 393.000000 377.000000 377.000000 474.000000 474.000000 374.000000 0.000000 200.000000 
u_arctos   393.000000 393.000000 377.000000 377.000000 474.000000 474.000000 374.000000 200.000000 0.000000 

30
m_frenata  0.000000 0.490100 0.574200 0.739200 0.660700 0.774600 0.695500 0.660800 0.688900 0.718200 0.759800 0.633100 0.770100 0.808200 0.779700 0.729700 0.806500 0.764000 0.823700 0.790900 0.678100 0.695200 0.734900 0.906600 0.760600 0.923000 0.804000 0.908800 0.903800 0.956600 
p_onca     0.490100 0.000000 0.651300 0.816300 0.737800 0.851700 0.772600 0.737900 0.766000 0.795300 0.836900 0.710200 0.847200 0.885300 0.856800 0.806800 0.883600 0.841100 0.900800 0.868000 0.755200 0.772300 0.812000 0.983700 0.837700 1.000100 0.881100 0.985900 0.980900 1.033700 
c_latrans  0.574200 0.651300 0.000000 0.430000 0.498100 0.612000 0.556900 0.522200 0.550300 0.579600 0.621200 0.494500 0.631500 0.717200 0.688700 0.638700 0.715500 0.673000 0.732700 0.699900 0.587100 0.604200 0.643900 0.815600 0.669600 0.832000 0.713000 0.817800 0.812800 0.865600 
ly_canaden0.739200 0.816300 0.430000 0.000000 0.663100 0.777000 0.721900 0.687200 0.715300 0.744600 0.786200 0.659500 0.796500 0.882200 0.853700 0.803700 0.880500 0.838000 0.897700 0.864900 0.752100 0.769200 0.808900 0.980600 0.834600 0.997000 0.878000 0.982800 0.977800 1.030600 
l_rufus    0.660700 0.737800 0.498100 0.663100 0.000000 0.519900 0.643400 0.608700 0.636800 0.666100 0.707700 0.581000 0.718000 0.803700 0.775200 0.725200 0.802000 0.759500 0.819200 0.786400 0.673600 0.690700 0.730400 0.902100 0.756100 0.918500 0.799500 0.904300 0.899300 0.952100 
m_pennanti0.774600 0.851700 0.612000 0.777000 0.519900 0.000000 0.757300 0.722600 0.750700 0.780000 0.821600 0.694900 0.831900 0.917600 0.889100 0.839100 0.915900 0.873400 0.933100 0.900300 0.787500 0.804600 0.844300 1.016000 0.870000 1.032400 0.913400 1.018200 1.013200 1.066000 
lo_canaden0.695500 0.772600 0.556900 0.721900 0.643400 0.757300 0.000000 0.439900 0.619200 0.648500 0.690100 0.563400 0.700400 0.838500 0.810000 0.760000 0.836800 0.794300 0.854000 0.821200 0.708400 0.725500 0.765200 0.936900 0.790900 0.953300 0.834300 0.939100 0.934100 0.986900 
m_mephitis0.660800 0.737900 0.522200 0.687200 0.608700 0.722600 0.439900 0.000000 0.584500 0.613800 0.655400 0.528700 0.665700 0.803800 0.775300 0.725300 0.802100 0.759600 0.819300 0.786500 0.673700 0.690800 0.730500 0.902200 0.756200 0.918600 0.799600 0.904400 0.899400 0.952200 
m_erminea  0.688900 0.766000 0.550300 0.715300 0.636800 0.750700 0.619200 0.584500 0.000000 0.489900 0.608700 0.482000 0.649000 0.831900 0.803400 0.753400 0.830200 0.787700 0.847400 0.814600 0.701800 0.718900 0.758600 0.930300 0.784300 0.946700 0.827700 0.932500 0.927500 0.980300 
m_nivalis  0.718200 0.795300 0.579600 0.744600 0.666100 0.780000 0.648500 0.613800 0.489900 0.000000 0.638000 0.511300 0.678300 0.861200 0.832700 0.782700 0.859500 0.817000 0.876700 0.843900 0.731100 0.748200 0.787900 0.959600 0.813600 0.976000 0.857000 0.961800 0.956800 1.009600 
u_americanus0.759800 0.836900 0.621200 0.786200 0.707700 0.821600 0.690100 0.655400 0.608700 0.638000 0.000000 0.420100 0.719900 0.902800 0.874300 0.824300 0.901100 0.858600 0.918300 0.885500 0.772700 0.789800 0.829500 1.001200 0.855200 1.017600 0.898600 1.003400 0.998400 1.051200 
v_velox    0.633100 0.710200 0.494500 0.659500 0.581000 0.694900 0.563400 0.528700 0.482000 0.511300 0.420100 0.000000 0.593200 0.776100 0.747600 0.697600 0.774400 0.731900 0.791600 0.758800 0.646000 0.663100 0.702800 0.874500 0.728500 0.890900 0.771900 0.876700 0.871700 0.924500 
m_americana0.770100 0.847200 0.631500 0.796500 0.718000 0.831900 0.700400 0.665700 0.649000 0.678300 0.719900 0.593200 0.000000 0.913100 0.884600 0.834600 0.911400 0.868900 0.928600 0.895800 0.783000 0.800100 0.839800 1.011500 0.865500 1.027900 0.908900 1.013700 1.008700 1.061500 
a_lagopus  0.808200 0.885300 0.717200 0.882200 0.803700 0.917600 0.838500 0.803800 0.831900 0.861200 0.902800 0.776100 0.913100 0.000000 0.770100 0.839700 0.916500 0.874000 0.933700 0.900900 0.788100 0.805200 0.844900 1.016600 0.870600 1.033000 0.914000 1.018800 1.013800 1.066600 
b_astutus  0.779700 0.856800 0.688700 0.853700 0.775200 0.889100 0.810000 0.775300 0.803400 0.832700 0.874300 0.747600 0.884600 0.770100 0.000000 0.811200 0.888000 0.845500 0.905200 0.872400 0.759600 0.776700 0.816400 0.988100 0.842100 1.004500 0.885500 0.990300 0.985300 1.038100 
c_lupus    0.729700 0.806800 0.638700 0.803700 0.725200 0.839100 0.760000 0.725300 0.753400 0.782700 0.824300 0.697600 0.834600 0.839700 0.811200 0.000000 0.570000 0.789300 0.849000 0.822400 0.709600 0.726700 0.766400 0.938100 0.792100 0.954500 0.835500 0.940300 0.935300 0.988100 
c_leuconotus0.806500 0.883600 0.715500 0.880500 0.802000 0.915900 0.836800 0.802100 0.830200 0.859500 0.901100 0.774400 0.911400 0.916500 0.888000 0.570000 0.000000 0.866100 0.925800 0.899200 0.786400 0.803500 0.843200 1.014900 0.868900 1.031300 0.912300 1.017100 1.012100 1.064900 
g_gulo     0.764000 0.841100 0.673000 0.838000 0.759500 0.873400 0.794300 0.759600 0.787700 0.817000 0.858600 0.731900 0.868900 0.874000 0.845500 0.789300 0.866100 0.000000 0.609900 0.856700 0.743900 0.761000 0.800700 0.972400 0.826400 0.988800 0.869800 0.974600 0.969600 1.022400 
l_pardalis0.823700 0.900800 0.732700 0.897700 0.819200 0.933100 0.854000 0.819300 0.847400 0.876700 0.918300 0.791600 0.928600 0.933700 0.905200 0.849000 0.925800 0.609900 0.000000 0.916400 0.803600 0.820700 0.860400 1.032100 0.886100 1.048500 0.929500 1.034300 1.029300 1.082100 
m_vison    0.790900 0.868000 0.699900 0.864900 0.786400 0.900300 0.821200 0.786500 0.814600 0.843900 0.885500 0.758800 0.895800 0.900900 0.872400 0.822400 0.899200 0.856700 0.916400 0.000000 0.500000 0.779500 0.819200 0.990900 0.844900 1.007300 0.888300 0.993100 0.988100 1.040900 
u_littoralis0.678100 0.755200 0.587100 0.752100 0.673600 0.787500 0.708400 0.673700 0.701800 0.731100 0.772700 0.646000 0.783000 0.788100 0.759600 0.709600 0.786400 0.743900 0.803600 0.500000 0.000000 0.666700 0.706400 0.878100 0.732100 0.894500 0.775500 0.880300 0.875300 0.928100 
p_lotor    0.695200 0.772300 0.604200 0.769200 0.690700 0.804600 0.725500 0.690800 0.718900 0.748200 0.789800 0.663100 0.800100 0.805200 0.776700 0.726700 0.803500 0.761000 0.820700 0.779500 0.666700 0.000000 0.570100 0.861200 0.715200 0.877600 0.758600 0.863400 0.858400 0.911200 
p_concolor0.734900 0.812000 0.643900 0.808900 0.730400 0.844300 0.765200 0.730500 0.758600 0.787900 0.829500 0.702800 0.839800 0.844900 0.816400 0.766400 0.843200 0.800700 0.860400 0.819200 0.706400 0.570100 0.000000 0.900900 0.754900 0.917300 0.798300 0.903100 0.898100 0.950900 
s_putorius0.906600 0.983700 0.815600 0.980600 0.902100 1.016000 0.936900 0.902200 0.930300 0.959600 1.001200 0.874500 1.011500 1.016600 0.988100 0.938100 1.014900 0.972400 1.032100 0.990900 0.878100 0.861200 0.900900 0.000000 0.600000 1.042800 0.923800 1.028600 1.023600 1.076400 
s_pygmaea  0.760600 0.837700 0.669600 0.834600 0.756100 0.870000 0.790900 0.756200 0.784300 0.813600 0.855200 0.728500 0.865500 0.870600 0.842100 0.792100 0.868900 0.826400 0.886100 0.844900 0.732100 0.715200 0.754900 0.600000 0.000000 0.896800 0.777800 0.882600 0.877600 0.930400 
t_taxus    0.923000 1.000100 0.832000 0.997000 0.918500 1.032400 0.953300 0.918600 0.946700 0.976000 1.017600 0.890900 1.027900 1.033000 1.004500 0.954500 1.031300 0.988800 1.048500 1.007300 0.894500 0.877600 0.917300 1.042800 0.896800 0.000000 0.680000 1.025200 1.020200 1.073000 
u_arctos   0.804000 0.881100 0.713000 0.878000 0.799500 0.913400 0.834300 0.799600 0.827700 0.857000 0.898600 0.771900 0.908900 0.914000 0.885500 0.835500 0.912300 0.869800 0.929500 0.888300 0.775500 0.758600 0.798300 0.923800 0.777800 0.680000 0.000000 0.906200 0.901200 0.954000 
h_yaguarondi0.908800 0.985900 0.817800 0.982800 0.904300 1.018200 0.939100 0.904400 0.932500 0.961800 1.003400 0.876700 1.013700 1.018800 0.990300 0.940300 1.017100 0.974600 1.034300 0.993100 0.880300 0.863400 0.903100 1.028600 0.882600 1.025200 0.906200 0.000000 0.920000 1.002600 
n_narica   0.903800 0.980900 0.812800 0.977800 0.899300 1.013200 0.934100 0.899400 0.927500 0.956800 0.998400 0.871700 1.008700 1.013800 0.985300 0.935300 1.012100 0.969600 1.029300 0.988100 0.875300 0.858400 0.898100 1.023600 0.877600 1.020200 0.901200 0.920000 0.000000 0.997600 
v_vulpes   0.956600 1.033700 0.865600 1.030600 0.952100 1.066000 0.986900 0.952200 0.980300 1.009600 1.051200 0.924500 1.061500 1.066600 1.038100 0.988100 1.064900 1.022400 1.082100 1.040900 0.928100 0.911200 0.950900 1.076400 0.930400 1.073000 0.954000 1.002600 0.997600 0.000000 

