24
u_littoral0.000000 200.000000 296.000000 355.000000 445.000000 445.000000 420.000000 679.000000 679.000000 612.000000 674.000000 674.000000 610.000000 592.000000 579.000000 527.000000 531.000000 531.000000 488.000000 488.000000 455.000000 449.000000 489.000000 489.000000 
v_lagopus  200.000000 0.000000 296.000000 355.000000 445.000000 445.000000 420.000000 679.000000 679.000000 612.000000 674.000000 674.000000 610.000000 592.000000 579.000000 527.000000 531.000000 531.000000 488.000000 488.000000 455.000000 449.000000 489.000000 489.000000 
u_arctos   296.000000 296.000000 0.000000 259.000000 349.000000 349.000000 324.000000 583.000000 583.000000 516.000000 578.000000 578.000000 514.000000 496.000000 483.000000 431.000000 435.000000 435.000000 392.000000 392.000000 359.000000 353.000000 393.000000 393.000000 
u_american355.000000 355.000000 259.000000 0.000000 290.000000 290.000000 265.000000 524.000000 524.000000 457.000000 519.000000 519.000000 455.000000 437.000000 424.000000 372.000000 376.000000 376.000000 333.000000 333.000000 300.000000 294.000000 334.000000 334.000000 
ly_canaden445.000000 445.000000 349.000000 290.000000 0.000000 200.000000 225.000000 562.000000 562.000000 495.000000 557.000000 557.000000 493.000000 475.000000 462.000000 410.000000 414.000000 414.000000 371.000000 371.000000 338.000000 332.000000 372.000000 372.000000 
l_rufus    445.000000 445.000000 349.000000 290.000000 200.000000 0.000000 225.000000 562.000000 562.000000 495.000000 557.000000 557.000000 493.000000 475.000000 462.000000 410.000000 414.000000 414.000000 371.000000 371.000000 338.000000 332.000000 372.000000 372.000000 
p_concolor420.000000 420.000000 324.000000 265.000000 225.000000 225.000000 0.000000 537.000000 537.000000 470.000000 532.000000 532.000000 468.000000 450.000000 437.000000 385.000000 389.000000 389.000000 346.000000 346.000000 313.000000 307.000000 347.000000 347.000000 
m_nivalis  679.000000 679.000000 583.000000 524.000000 562.000000 562.000000 537.000000 0.000000 200.000000 267.000000 355.000000 355.000000 291.000000 287.000000 300.000000 352.000000 500.000000 500.000000 497.000000 497.000000 464.000000 536.000000 576.000000 576.000000 
t_taxus    679.000000 679.000000 583.000000 524.000000 562.000000 562.000000 537.000000 200.000000 0.000000 267.000000 355.000000 355.000000 291.000000 287.000000 300.000000 352.000000 500.000000 500.000000 497.000000 497.000000 464.000000 536.000000 576.000000 576.000000 
m_erminea  612.000000 612.000000 516.000000 457.000000 495.000000 495.000000 470.000000 267.000000 267.000000 0.000000 288.000000 288.000000 224.000000 220.000000 233.000000 285.000000 433.000000 433.000000 430.000000 430.000000 397.000000 469.000000 509.000000 509.000000 
lo_canaden674.000000 674.000000 578.000000 519.000000 557.000000 557.000000 532.000000 355.000000 355.000000 288.000000 0.000000 200.000000 264.000000 282.000000 295.000000 347.000000 495.000000 495.000000 492.000000 492.000000 459.000000 531.000000 571.000000 571.000000 
m_pennanti674.000000 674.000000 578.000000 519.000000 557.000000 557.000000 532.000000 355.000000 355.000000 288.000000 200.000000 0.000000 264.000000 282.000000 295.000000 347.000000 495.000000 495.000000 492.000000 492.000000 459.000000 531.000000 571.000000 571.000000 
g_gulo     610.000000 610.000000 514.000000 455.000000 493.000000 493.000000 468.000000 291.000000 291.000000 224.000000 264.000000 264.000000 0.000000 218.000000 231.000000 283.000000 431.000000 431.000000 428.000000 428.000000 395.000000 467.000000 507.000000 507.000000 
m_frenata  592.000000 592.000000 496.000000 437.000000 475.000000 475.000000 450.000000 287.000000 287.000000 220.000000 282.000000 282.000000 218.000000 0.000000 213.000000 265.000000 413.000000 413.000000 410.000000 410.000000 377.000000 449.000000 489.000000 489.000000 
n_vison    579.000000 579.000000 483.000000 424.000000 462.000000 462.000000 437.000000 300.000000 300.000000 233.000000 295.000000 295.000000 231.000000 213.000000 0.000000 252.000000 400.000000 400.000000 397.000000 397.000000 364.000000 436.000000 476.000000 476.000000 
m_american527.000000 527.000000 431.000000 372.000000 410.000000 410.000000 385.000000 352.000000 352.000000 285.000000 347.000000 347.000000 283.000000 265.000000 252.000000 0.000000 348.000000 348.000000 345.000000 345.000000 312.000000 384.000000 424.000000 424.000000 
s_putorius531.000000 531.000000 435.000000 376.000000 414.000000 414.000000 389.000000 500.000000 500.000000 433.000000 495.000000 495.000000 431.000000 413.000000 400.000000 348.000000 0.000000 200.000000 349.000000 349.000000 316.000000 388.000000 428.000000 428.000000 
m_mephitis531.000000 531.000000 435.000000 376.000000 414.000000 414.000000 389.000000 500.000000 500.000000 433.000000 495.000000 495.000000 431.000000 413.000000 400.000000 348.000000 200.000000 0.000000 349.000000 349.000000 316.000000 388.000000 428.000000 428.000000 
b_astutus  488.000000 488.000000 392.000000 333.000000 371.000000 371.000000 346.000000 497.000000 497.000000 430.000000 492.000000 492.000000 428.000000 410.000000 397.000000 345.000000 349.000000 349.000000 0.000000 200.000000 233.000000 345.000000 385.000000 385.000000 
p_lotor    488.000000 488.000000 392.000000 333.000000 371.000000 371.000000 346.000000 497.000000 497.000000 430.000000 492.000000 492.000000 428.000000 410.000000 397.000000 345.000000 349.000000 349.000000 200.000000 0.000000 233.000000 345.000000 385.000000 385.000000 
n_narica   455.000000 455.000000 359.000000 300.000000 338.000000 338.000000 313.000000 464.000000 464.000000 397.000000 459.000000 459.000000 395.000000 377.000000 364.000000 312.000000 316.000000 316.000000 233.000000 233.000000 0.000000 312.000000 352.000000 352.000000 
c_latrans  449.000000 449.000000 353.000000 294.000000 332.000000 332.000000 307.000000 536.000000 536.000000 469.000000 531.000000 531.000000 467.000000 449.000000 436.000000 384.000000 388.000000 388.000000 345.000000 345.000000 312.000000 0.000000 240.000000 240.000000 
v_velox    489.000000 489.000000 393.000000 334.000000 372.000000 372.000000 347.000000 576.000000 576.000000 509.000000 571.000000 571.000000 507.000000 489.000000 476.000000 424.000000 428.000000 428.000000 385.000000 385.000000 352.000000 240.000000 0.000000 200.000000 
c_lupus    489.000000 489.000000 393.000000 334.000000 372.000000 372.000000 347.000000 576.000000 576.000000 509.000000 571.000000 571.000000 507.000000 489.000000 476.000000 424.000000 428.000000 428.000000 385.000000 385.000000 352.000000 240.000000 200.000000 0.000000 

30
c_lupus    0.000000 0.580000 0.934900 0.822100 0.773000 0.668700 0.819900 0.814700 0.910700 0.893400 0.974800 0.649500 0.714100 0.912000 0.721300 0.906600 0.717200 0.768600 0.575400 0.850800 0.716700 0.667100 0.794200 0.783400 0.778400 0.686900 0.684100 0.706200 0.673000 0.803000 
c_leuconotus0.580000 0.000000 1.027700 0.914900 0.865800 0.761500 0.912700 0.907500 1.003500 0.986200 1.067600 0.742300 0.806900 1.004800 0.814100 0.999400 0.810000 0.861400 0.668200 0.943600 0.809500 0.759900 0.887000 0.876200 0.871200 0.779700 0.776900 0.799000 0.765800 0.895800 
t_taxus    0.934900 1.027700 0.000000 0.689800 0.873900 0.769600 0.920800 1.007800 1.103800 1.086500 1.167900 0.842600 0.907200 1.105100 0.914400 1.099700 0.933900 0.985300 0.792100 1.067500 0.933400 0.883800 1.010900 1.000100 0.995100 0.903600 0.900800 0.922900 0.889700 1.019700 
u_arctos   0.822100 0.914900 0.689800 0.000000 0.761100 0.656800 0.808000 0.895000 0.991000 0.973700 1.055100 0.729800 0.794400 0.992300 0.801600 0.986900 0.821100 0.872500 0.679300 0.954700 0.820600 0.771000 0.898100 0.887300 0.882300 0.790800 0.788000 0.810100 0.776900 0.906900 
u_americanus0.773000 0.865800 0.873900 0.761100 0.000000 0.419900 0.617100 0.845900 0.941900 0.924600 1.006000 0.680700 0.745300 0.943200 0.752500 0.937800 0.772000 0.823400 0.630200 0.905600 0.771500 0.721900 0.849000 0.838200 0.833200 0.741700 0.738900 0.761000 0.727800 0.857800 
v_velox    0.668700 0.761500 0.769600 0.656800 0.419900 0.000000 0.512800 0.741600 0.837600 0.820300 0.901700 0.576400 0.641000 0.838900 0.648200 0.833500 0.667700 0.719100 0.525900 0.801300 0.667200 0.617600 0.744700 0.733900 0.728900 0.637400 0.634600 0.656700 0.623500 0.753500 
m_vison    0.819900 0.912700 0.920800 0.808000 0.617100 0.512800 0.000000 0.892800 0.988800 0.971500 1.052900 0.727600 0.792200 0.990100 0.799400 0.984700 0.818900 0.870300 0.677100 0.952500 0.818400 0.768800 0.895900 0.885100 0.880100 0.788600 0.785800 0.807900 0.774700 0.904700 
b_astutus  0.814700 0.907500 1.007800 0.895000 0.845900 0.741600 0.892800 0.000000 0.829800 0.871300 0.952700 0.704200 0.768800 0.966700 0.776000 0.961300 0.813700 0.865100 0.671900 0.947300 0.813200 0.763600 0.890700 0.879900 0.874900 0.783400 0.780600 0.802700 0.769500 0.899500 
h_yaguarondi0.910700 1.003500 1.103800 0.991000 0.941900 0.837600 0.988800 0.829800 0.000000 0.967300 1.048700 0.800200 0.864800 1.062700 0.872000 1.057300 0.909700 0.961100 0.767900 1.043300 0.909200 0.859600 0.986700 0.975900 0.970900 0.879400 0.876600 0.898700 0.865500 0.995500 
a_lagopus  0.893400 0.986200 1.086500 0.973700 0.924600 0.820300 0.971500 0.871300 0.967300 0.000000 0.998800 0.782900 0.847500 1.045400 0.854700 1.040000 0.892400 0.943800 0.750600 1.026000 0.891900 0.842300 0.969400 0.958600 0.953600 0.862100 0.859300 0.881400 0.848200 0.978200 
v_vulpes   0.974800 1.067600 1.167900 1.055100 1.006000 0.901700 1.052900 0.952700 1.048700 0.998800 0.000000 0.864300 0.928900 1.126800 0.936100 1.121400 0.973800 1.025200 0.832000 1.107400 0.973300 0.923700 1.050800 1.040000 1.035000 0.943500 0.940700 0.962800 0.929600 1.059600 
p_lotor    0.649500 0.742300 0.842600 0.729800 0.680700 0.576400 0.727600 0.704200 0.800200 0.782900 0.864300 0.000000 0.519600 0.758100 0.567400 0.752700 0.648500 0.699900 0.506700 0.782100 0.648000 0.598400 0.725500 0.714700 0.709700 0.618200 0.615400 0.637500 0.604300 0.734300 
p_concolor0.714100 0.806900 0.907200 0.794400 0.745300 0.641000 0.792200 0.768800 0.864800 0.847500 0.928900 0.519600 0.000000 0.822700 0.632000 0.817300 0.713100 0.764500 0.571300 0.846700 0.712600 0.663000 0.790100 0.779300 0.774300 0.682800 0.680000 0.702100 0.668900 0.798900 
s_putorius0.912000 1.004800 1.105100 0.992300 0.943200 0.838900 0.990100 0.966700 1.062700 1.045400 1.126800 0.758100 0.822700 0.000000 0.539900 1.015200 0.911000 0.962400 0.769200 1.044600 0.910500 0.860900 0.988000 0.977200 0.972200 0.880700 0.877900 0.900000 0.866800 0.996800 
s_pygmaea  0.721300 0.814100 0.914400 0.801600 0.752500 0.648200 0.799400 0.776000 0.872000 0.854700 0.936100 0.567400 0.632000 0.539900 0.000000 0.824500 0.720300 0.771700 0.578500 0.853900 0.719800 0.670200 0.797300 0.786500 0.781500 0.690000 0.687200 0.709300 0.676100 0.806100 
n_narica   0.906600 0.999400 1.099700 0.986900 0.937800 0.833500 0.984700 0.961300 1.057300 1.040000 1.121400 0.752700 0.817300 1.015200 0.824500 0.000000 0.905600 0.957000 0.763800 1.039200 0.905100 0.855500 0.982600 0.971800 0.966800 0.875300 0.872500 0.894600 0.861400 0.991400 
m_frenata  0.717200 0.810000 0.933900 0.821100 0.772000 0.667700 0.818900 0.813700 0.909700 0.892400 0.973800 0.648500 0.713100 0.911000 0.720300 0.905600 0.000000 0.390000 0.533000 0.808400 0.674300 0.624700 0.751800 0.741000 0.736000 0.644500 0.641700 0.663800 0.630600 0.760600 
p_onca     0.768600 0.861400 0.985300 0.872500 0.823400 0.719100 0.870300 0.865100 0.961100 0.943800 1.025200 0.699900 0.764500 0.962400 0.771700 0.957000 0.390000 0.000000 0.584400 0.859800 0.725700 0.676100 0.803200 0.792400 0.787400 0.695900 0.693100 0.715200 0.682000 0.812000 
c_latrans  0.575400 0.668200 0.792100 0.679300 0.630200 0.525900 0.677100 0.671900 0.767900 0.750600 0.832000 0.506700 0.571300 0.769200 0.578500 0.763800 0.533000 0.584400 0.000000 0.370000 0.432300 0.471900 0.599000 0.588200 0.583200 0.491700 0.488900 0.511000 0.477800 0.607800 
l_pardalis0.850800 0.943600 1.067500 0.954700 0.905600 0.801300 0.952500 0.947300 1.043300 1.026000 1.107400 0.782100 0.846700 1.044600 0.853900 1.039200 0.808400 0.859800 0.370000 0.000000 0.707700 0.747300 0.874400 0.863600 0.858600 0.767100 0.764300 0.786400 0.753200 0.883200 
ly_canaden0.716700 0.809500 0.933400 0.820600 0.771500 0.667200 0.818400 0.813200 0.909200 0.891900 0.973300 0.648000 0.712600 0.910500 0.719800 0.905100 0.674300 0.725700 0.432300 0.707700 0.000000 0.613200 0.740300 0.729500 0.724500 0.633000 0.630200 0.652300 0.619100 0.749100 
l_rufus    0.667100 0.759900 0.883800 0.771000 0.721900 0.617600 0.768800 0.763600 0.859600 0.842300 0.923700 0.598400 0.663000 0.860900 0.670200 0.855500 0.624700 0.676100 0.471900 0.747300 0.613200 0.000000 0.400100 0.634100 0.629100 0.537600 0.534800 0.556900 0.523700 0.653700 
m_pennanti0.794200 0.887000 1.010900 0.898100 0.849000 0.744700 0.895900 0.890700 0.986700 0.969400 1.050800 0.725500 0.790100 0.988000 0.797300 0.982600 0.751800 0.803200 0.599000 0.874400 0.740300 0.400100 0.000000 0.761200 0.756200 0.664700 0.661900 0.684000 0.650800 0.780800 
m_americana0.783400 0.876200 1.000100 0.887300 0.838200 0.733900 0.885100 0.879900 0.975900 0.958600 1.040000 0.714700 0.779300 0.977200 0.786500 0.971800 0.741000 0.792400 0.588200 0.863600 0.729500 0.634100 0.761200 0.000000 0.549800 0.581500 0.578700 0.626400 0.593200 0.723200 
m_nivalis  0.778400 0.871200 0.995100 0.882300 0.833200 0.728900 0.880100 0.874900 0.970900 0.953600 1.035000 0.709700 0.774300 0.972200 0.781500 0.966800 0.736000 0.787400 0.583200 0.858600 0.724500 0.629100 0.756200 0.549800 0.000000 0.576500 0.573700 0.621400 0.588200 0.718200 
m_erminea  0.686900 0.779700 0.903600 0.790800 0.741700 0.637400 0.788600 0.783400 0.879400 0.862100 0.943500 0.618200 0.682800 0.880700 0.690000 0.875300 0.644500 0.695900 0.491700 0.767100 0.633000 0.537600 0.664700 0.581500 0.576500 0.000000 0.409800 0.529900 0.496700 0.626700 
u_littoralis0.684100 0.776900 0.900800 0.788000 0.738900 0.634600 0.785800 0.780600 0.876600 0.859300 0.940700 0.615400 0.680000 0.877900 0.687200 0.872500 0.641700 0.693100 0.488900 0.764300 0.630200 0.534800 0.661900 0.578700 0.573700 0.409800 0.000000 0.527100 0.493900 0.623900 
lo_canaden0.706200 0.799000 0.922900 0.810100 0.761000 0.656700 0.807900 0.802700 0.898700 0.881400 0.962800 0.637500 0.702100 0.900000 0.709300 0.894600 0.663800 0.715200 0.511000 0.786400 0.652300 0.556900 0.684000 0.626400 0.621400 0.529900 0.527100 0.000000 0.379600 0.612000 
m_mephitis0.673000 0.765800 0.889700 0.776900 0.727800 0.623500 0.774700 0.769500 0.865500 0.848200 0.929600 0.604300 0.668900 0.866800 0.676100 0.861400 0.630600 0.682000 0.477800 0.753200 0.619100 0.523700 0.650800 0.593200 0.588200 0.496700 0.493900 0.379600 0.000000 0.578800 
g_gulo     0.803000 0.895800 1.019700 0.906900 0.857800 0.753500 0.904700 0.899500 0.995500 0.978200 1.059600 0.734300 0.798900 0.996800 0.806100 0.991400 0.760600 0.812000 0.607800 0.883200 0.749100 0.653700 0.780800 0.723200 0.718200 0.626700 0.623900 0.612000 0.578800 0.000000 

