20
p_onca     0.000000 200.000000 233.000000 291.000000 291.000000 366.000000 366.000000 337.000000 309.000000 293.000000 305.000000 305.000000 316.000000 316.000000 435.000000 435.000000 384.000000 362.000000 327.000000 303.000000 
l_pardalis200.000000 0.000000 233.000000 291.000000 291.000000 366.000000 366.000000 337.000000 309.000000 293.000000 305.000000 305.000000 316.000000 316.000000 435.000000 435.000000 384.000000 362.000000 327.000000 303.000000 
ly_canaden233.000000 233.000000 0.000000 258.000000 258.000000 333.000000 333.000000 304.000000 276.000000 260.000000 272.000000 272.000000 283.000000 283.000000 402.000000 402.000000 351.000000 329.000000 294.000000 270.000000 
v_lagopus  291.000000 291.000000 258.000000 0.000000 200.000000 345.000000 345.000000 316.000000 288.000000 272.000000 284.000000 284.000000 295.000000 295.000000 414.000000 414.000000 363.000000 341.000000 306.000000 282.000000 
c_lupus    291.000000 291.000000 258.000000 200.000000 0.000000 345.000000 345.000000 316.000000 288.000000 272.000000 284.000000 284.000000 295.000000 295.000000 414.000000 414.000000 363.000000 341.000000 306.000000 282.000000 
lo_canaden366.000000 366.000000 333.000000 345.000000 345.000000 0.000000 200.000000 229.000000 257.000000 273.000000 309.000000 309.000000 320.000000 320.000000 439.000000 439.000000 388.000000 366.000000 331.000000 307.000000 
m_mephitis366.000000 366.000000 333.000000 345.000000 345.000000 200.000000 0.000000 229.000000 257.000000 273.000000 309.000000 309.000000 320.000000 320.000000 439.000000 439.000000 388.000000 366.000000 331.000000 307.000000 
s_putorius337.000000 337.000000 304.000000 316.000000 316.000000 229.000000 229.000000 0.000000 228.000000 244.000000 280.000000 280.000000 291.000000 291.000000 410.000000 410.000000 359.000000 337.000000 302.000000 278.000000 
b_astutus  309.000000 309.000000 276.000000 288.000000 288.000000 257.000000 257.000000 228.000000 0.000000 216.000000 252.000000 252.000000 263.000000 263.000000 382.000000 382.000000 331.000000 309.000000 274.000000 250.000000 
p_lotor    293.000000 293.000000 260.000000 272.000000 272.000000 273.000000 273.000000 244.000000 216.000000 0.000000 236.000000 236.000000 247.000000 247.000000 366.000000 366.000000 315.000000 293.000000 258.000000 234.000000 
t_taxus    305.000000 305.000000 272.000000 284.000000 284.000000 309.000000 309.000000 280.000000 252.000000 236.000000 0.000000 200.000000 247.000000 247.000000 366.000000 366.000000 315.000000 293.000000 258.000000 234.000000 
n_narica   305.000000 305.000000 272.000000 284.000000 284.000000 309.000000 309.000000 280.000000 252.000000 236.000000 200.000000 0.000000 247.000000 247.000000 366.000000 366.000000 315.000000 293.000000 258.000000 234.000000 
u_arctos   316.000000 316.000000 283.000000 295.000000 295.000000 320.000000 320.000000 291.000000 263.000000 247.000000 247.000000 247.000000 0.000000 200.000000 357.000000 357.000000 306.000000 284.000000 249.000000 225.000000 
m_american316.000000 316.000000 283.000000 295.000000 295.000000 320.000000 320.000000 291.000000 263.000000 247.000000 247.000000 247.000000 200.000000 0.000000 357.000000 357.000000 306.000000 284.000000 249.000000 225.000000 
g_gulo     435.000000 435.000000 402.000000 414.000000 414.000000 439.000000 439.000000 410.000000 382.000000 366.000000 366.000000 366.000000 357.000000 357.000000 0.000000 200.000000 251.000000 273.000000 308.000000 332.000000 
m_erminea  435.000000 435.000000 402.000000 414.000000 414.000000 439.000000 439.000000 410.000000 382.000000 366.000000 366.000000 366.000000 357.000000 357.000000 200.000000 0.000000 251.000000 273.000000 308.000000 332.000000 
n_vison    384.000000 384.000000 351.000000 363.000000 363.000000 388.000000 388.000000 359.000000 331.000000 315.000000 315.000000 315.000000 306.000000 306.000000 251.000000 251.000000 0.000000 222.000000 257.000000 281.000000 
m_nivalis  362.000000 362.000000 329.000000 341.000000 341.000000 366.000000 366.000000 337.000000 309.000000 293.000000 293.000000 293.000000 284.000000 284.000000 273.000000 273.000000 222.000000 0.000000 235.000000 259.000000 
m_frenata  327.000000 327.000000 294.000000 306.000000 306.000000 331.000000 331.000000 302.000000 274.000000 258.000000 258.000000 258.000000 249.000000 249.000000 308.000000 308.000000 257.000000 235.000000 0.000000 224.000000 
m_pennanti303.000000 303.000000 270.000000 282.000000 282.000000 307.000000 307.000000 278.000000 250.000000 234.000000 234.000000 234.000000 225.000000 225.000000 332.000000 332.000000 281.000000 259.000000 224.000000 0.000000 

30
b_astutus  0.000000 6.491300 7.014900 8.692000 8.013900 8.053600 8.192800 8.004800 7.459300 8.543200 7.837700 8.456200 8.113700 9.589100 7.763700 8.974000 8.149000 9.254000 7.159200 9.526700 9.209000 9.377300 9.523500 8.707900 9.637300 9.998900 9.234400 10.130600 10.341500 10.187300 
l_canadensis6.491300 0.000000 6.716200 8.393300 7.715200 7.754900 7.894100 7.706100 7.160600 8.244500 7.539000 8.157500 7.815000 9.290400 7.465000 8.675300 7.850300 8.955300 6.860500 9.228000 8.910300 9.078600 9.224800 8.409200 9.338600 9.700200 8.935700 9.831900 10.042800 9.888600 
c_latrans  7.014900 6.716200 0.000000 2.748500 5.597200 5.636900 5.776100 5.588100 5.042600 6.126500 5.421000 6.880500 6.538000 8.013400 6.188000 7.398300 6.573300 7.678300 5.583500 7.951000 7.633300 7.801600 7.947800 7.132200 8.061600 8.423200 7.658700 8.554900 8.765800 8.611600 
m_pennanti8.692000 8.393300 2.748500 0.000000 7.274300 7.314000 7.453200 7.265200 6.719700 7.803600 7.098100 8.557600 8.215100 9.690500 7.865100 9.075400 8.250400 9.355400 7.260600 9.628100 9.310400 9.478700 9.624900 8.809300 9.738700 10.100300 9.335800 10.232000 10.442900 10.288700 
l_rufus    8.013900 7.715200 5.597200 7.274300 0.000000 4.970500 6.387700 6.199700 5.654200 6.738100 6.032600 7.879500 7.537000 9.012400 7.187000 8.397300 7.572300 8.677300 6.582500 8.950000 8.632300 8.800600 8.946800 8.131200 9.060600 9.422200 8.657700 9.553900 9.764800 9.610600 
m_erminea  8.053600 7.754900 5.636900 7.314000 4.970500 0.000000 6.427400 6.239400 5.693900 6.777800 6.072300 7.919200 7.576700 9.052100 7.226700 8.437000 7.612000 8.717000 6.622200 8.989700 8.672000 8.840300 8.986500 8.170900 9.100300 9.461900 8.697400 9.593600 9.804500 9.650300 
l_canadensis8.192800 7.894100 5.776100 7.453200 6.387700 6.427400 0.000000 4.736800 5.551900 6.635800 5.930300 8.058400 7.715900 9.191300 7.365900 8.576200 7.751200 8.856200 6.761400 9.128900 8.811200 8.979500 9.125700 8.310100 9.239500 9.601100 8.836600 9.732800 9.943700 9.789500 
m_nivalis  8.004800 7.706100 5.588100 7.265200 6.199700 6.239400 4.736800 0.000000 5.363900 6.447800 5.742300 7.870400 7.527900 9.003300 7.177900 8.388200 7.563200 8.668200 6.573400 8.940900 8.623200 8.791500 8.937700 8.122100 9.051500 9.413100 8.648600 9.544800 9.755700 9.601500 
m_mephitis7.459300 7.160600 5.042600 6.719700 5.654200 5.693900 5.551900 5.363900 0.000000 3.567100 4.721400 7.324900 6.982400 8.457800 6.632400 7.842700 7.017700 8.122700 6.027900 8.395400 8.077700 8.246000 8.392200 7.576600 8.506000 8.867600 8.103100 8.999300 9.210200 9.056000 
p_onca     8.543200 8.244500 6.126500 7.803600 6.738100 6.777800 6.635800 6.447800 3.567100 0.000000 5.805300 8.408800 8.066300 9.541700 7.716300 8.926600 8.101600 9.206600 7.111800 9.479300 9.161600 9.329900 9.476100 8.660500 9.589900 9.951500 9.187000 10.083200 10.294100 10.139900 
m_frenata  7.837700 7.539000 5.421000 7.098100 6.032600 6.072300 5.930300 5.742300 4.721400 5.805300 0.000000 7.703300 7.360800 8.836200 7.010800 8.221100 7.396100 8.501100 6.406300 8.773800 8.456100 8.624400 8.770600 7.955000 8.884400 9.246000 8.481500 9.377700 9.588600 9.434400 
p_lotor    8.456200 8.157500 6.880500 8.557600 7.879500 7.919200 8.058400 7.870400 7.324900 8.408800 7.703300 0.000000 4.736700 8.773900 6.948500 8.832800 8.007800 9.112800 7.018000 9.385500 9.067800 9.236100 9.382300 8.566700 9.496100 9.857700 9.093200 9.989400 10.200300 10.046100 
p_concolor8.113700 7.815000 6.538000 8.215100 7.537000 7.576700 7.715900 7.527900 6.982400 8.066300 7.360800 4.736700 0.000000 8.431400 6.606000 8.490300 7.665300 8.770300 6.675500 9.043000 8.725300 8.893600 9.039800 8.224200 9.153600 9.515200 8.750700 9.646900 9.857800 9.703600 
s_putorius9.589100 9.290400 8.013400 9.690500 9.012400 9.052100 9.191300 9.003300 8.457800 9.541700 8.836200 8.773900 8.431400 0.000000 4.795400 9.965700 9.140700 10.245700 8.150900 10.518400 10.200700 10.369000 10.515200 9.699600 10.629000 10.990600 10.226100 11.122300 11.333200 11.179000 
s_pygmaea  7.763700 7.465000 6.188000 7.865100 7.187000 7.226700 7.365900 7.177900 6.632400 7.716300 7.010800 6.948500 6.606000 4.795400 0.000000 8.140300 7.315300 8.420300 6.325500 8.693000 8.375300 8.543600 8.689800 7.874200 8.803600 9.165200 8.400700 9.296900 9.507800 9.353600 
m_americana8.974000 8.675300 7.398300 9.075400 8.397300 8.437000 8.576200 8.388200 7.842700 8.926600 8.221100 8.832800 8.490300 9.965700 8.140300 0.000000 6.666400 9.201000 7.106200 9.473700 9.156000 9.324300 9.470500 8.654900 9.584300 9.945900 9.181400 10.077600 10.288500 10.134300 
u_littoralis8.149000 7.850300 6.573300 8.250400 7.572300 7.612000 7.751200 7.563200 7.017700 8.101600 7.396100 8.007800 7.665300 9.140700 7.315300 6.666400 0.000000 8.376000 6.281200 8.648700 8.331000 8.499300 8.645500 7.829900 8.759300 9.120900 8.356400 9.252600 9.463500 9.309300 
m_vison    9.254000 8.955300 7.678300 9.355400 8.677300 8.717000 8.856200 8.668200 8.122700 9.206600 8.501100 9.112800 8.770300 10.245700 8.420300 9.201000 8.376000 0.000000 3.684200 8.006500 9.067400 9.604300 9.750500 8.934900 9.864300 10.225900 9.461400 10.357600 10.568500 10.414300 
v_velox    7.159200 6.860500 5.583500 7.260600 6.582500 6.622200 6.761400 6.573400 6.027900 7.111800 6.406300 7.018000 6.675500 8.150900 6.325500 7.106200 6.281200 3.684200 0.000000 5.911700 6.972600 7.509500 7.655700 6.840100 7.769500 8.131100 7.366600 8.262800 8.473700 8.319500 
u_americanus9.526700 9.228000 7.951000 9.628100 8.950000 8.989700 9.128900 8.940900 8.395400 9.479300 8.773800 9.385500 9.043000 10.518400 8.693000 9.473700 8.648700 8.006500 5.911700 0.000000 9.340100 9.877000 10.023200 9.207600 10.137000 10.498600 9.734100 10.630300 10.841200 10.687000 
g_gulo     9.209000 8.910300 7.633300 9.310400 8.632300 8.672000 8.811200 8.623200 8.077700 9.161600 8.456100 9.067800 8.725300 10.200700 8.375300 9.156000 8.331000 9.067400 6.972600 9.340100 0.000000 9.559300 9.705500 8.889900 9.819300 10.180900 9.416400 10.312600 10.523500 10.369300 
a_lagopus  9.377300 9.078600 7.801600 9.478700 8.800600 8.840300 8.979500 8.791500 8.246000 9.329900 8.624400 9.236100 8.893600 10.369000 8.543600 9.324300 8.499300 9.604300 7.509500 9.877000 9.559300 0.000000 7.368800 8.088000 9.017400 9.945800 9.181300 10.077500 10.288400 10.134200 
c_leuconotus9.523500 9.224800 7.947800 9.624900 8.946800 8.986500 9.125700 8.937700 8.392200 9.476100 8.770600 9.382300 9.039800 10.515200 8.689800 9.470500 8.645500 9.750500 7.655700 10.023200 9.705500 7.368800 0.000000 8.234200 9.163600 10.092000 9.327500 10.223700 10.434600 10.280400 
c_lupus    8.707900 8.409200 7.132200 8.809300 8.131200 8.170900 8.310100 8.122100 7.576600 8.660500 7.955000 8.566700 8.224200 9.699600 7.874200 8.654900 7.829900 8.934900 6.840100 9.207600 8.889900 8.088000 8.234200 0.000000 6.549800 9.276400 8.511900 9.408100 9.619000 9.464800 
l_pardalis9.637300 9.338600 8.061600 9.738700 9.060600 9.100300 9.239500 9.051500 8.506000 9.589900 8.884400 9.496100 9.153600 10.629000 8.803600 9.584300 8.759300 9.864300 7.769500 10.137000 9.819300 9.017400 9.163600 6.549800 0.000000 10.205800 9.441300 10.337500 10.548400 10.394200 
t_taxus    9.998900 9.700200 8.423200 10.100300 9.422200 9.461900 9.601100 9.413100 8.867600 9.951500 9.246000 9.857700 9.515200 10.990600 9.165200 9.945900 9.120900 10.225900 8.131100 10.498600 10.180900 9.945800 10.092000 9.276400 10.205800 0.000000 7.134500 10.166300 10.377200 10.223000 
u_arctos   9.234400 8.935700 7.658700 9.335800 8.657700 8.697400 8.836600 8.648600 8.103100 9.187000 8.481500 9.093200 8.750700 10.226100 8.400700 9.181400 8.356400 9.461400 7.366600 9.734100 9.416400 9.181300 9.327500 8.511900 9.441300 7.134500 0.000000 9.401800 9.612700 9.458500 
h_yaguarondi10.130600 9.831900 8.554900 10.232000 9.553900 9.593600 9.732800 9.544800 8.999300 10.083200 9.377700 9.989400 9.646900 11.122300 9.296900 10.077600 9.252600 10.357600 8.262800 10.630300 10.312600 10.077500 10.223700 9.408100 10.337500 10.166300 9.401800 0.000000 10.000100 9.894500 
v_vulpes   10.341500 10.042800 8.765800 10.442900 9.764800 9.804500 9.943700 9.755700 9.210200 10.294100 9.588600 10.200300 9.857800 11.333200 9.507800 10.288500 9.463500 10.568500 8.473700 10.841200 10.523500 10.288400 10.434600 9.619000 10.548400 10.377200 9.612700 10.000100 0.000000 10.105400 
n_narica   10.187300 9.888600 8.611600 10.288700 9.610600 9.650300 9.789500 9.601500 9.056000 10.139900 9.434400 10.046100 9.703600 11.179000 9.353600 10.134300 9.309300 10.414300 8.319500 10.687000 10.369300 10.134200 10.280400 9.464800 10.394200 10.223000 9.458500 9.894500 10.105400 0.000000 

