20
p_onca     0.000000 200.000000 233.000000 291.000000 291.000000 366.000000 366.000000 337.000000 309.000000 293.000000 305.000000 305.000000 316.000000 316.000000 435.000000 435.000000 384.000000 362.000000 327.000000 303.000000 
l_pardalis200.000000 0.000000 233.000000 291.000000 291.000000 366.000000 366.000000 337.000000 309.000000 293.000000 305.000000 305.000000 316.000000 316.000000 435.000000 435.000000 384.000000 362.000000 327.000000 303.000000 
ly_canaden233.000000 233.000000 0.000000 258.000000 258.000000 333.000000 333.000000 304.000000 276.000000 260.000000 272.000000 272.000000 283.000000 283.000000 402.000000 402.000000 351.000000 329.000000 294.000000 270.000000 
v_lagopus  291.000000 291.000000 258.000000 0.000000 200.000000 345.000000 345.000000 316.000000 288.000000 272.000000 284.000000 284.000000 295.000000 295.000000 414.000000 414.000000 363.000000 341.000000 306.000000 282.000000 
c_lupus    291.000000 291.000000 258.000000 200.000000 0.000000 345.000000 345.000000 316.000000 288.000000 272.000000 284.000000 284.000000 295.000000 295.000000 414.000000 414.000000 363.000000 341.000000 306.000000 282.000000 
lo_canaden366.000000 366.000000 333.000000 345.000000 345.000000 0.000000 200.000000 229.000000 257.000000 273.000000 309.000000 309.000000 320.000000 320.000000 439.000000 439.000000 388.000000 366.000000 331.000000 307.000000 
m_mephitis366.000000 366.000000 333.000000 345.000000 345.000000 200.000000 0.000000 229.000000 257.000000 273.000000 309.000000 309.000000 320.000000 320.000000 439.000000 439.000000 388.000000 366.000000 331.000000 307.000000 
s_putorius337.000000 337.000000 304.000000 316.000000 316.000000 229.000000 229.000000 0.000000 228.000000 244.000000 280.000000 280.000000 291.000000 291.000000 410.000000 410.000000 359.000000 337.000000 302.000000 278.000000 
b_astutus  309.000000 309.000000 276.000000 288.000000 288.000000 257.000000 257.000000 228.000000 0.000000 216.000000 252.000000 252.000000 263.000000 263.000000 382.000000 382.000000 331.000000 309.000000 274.000000 250.000000 
p_lotor    293.000000 293.000000 260.000000 272.000000 272.000000 273.000000 273.000000 244.000000 216.000000 0.000000 236.000000 236.000000 247.000000 247.000000 366.000000 366.000000 315.000000 293.000000 258.000000 234.000000 
t_taxus    305.000000 305.000000 272.000000 284.000000 284.000000 309.000000 309.000000 280.000000 252.000000 236.000000 0.000000 200.000000 247.000000 247.000000 366.000000 366.000000 315.000000 293.000000 258.000000 234.000000 
n_narica   305.000000 305.000000 272.000000 284.000000 284.000000 309.000000 309.000000 280.000000 252.000000 236.000000 200.000000 0.000000 247.000000 247.000000 366.000000 366.000000 315.000000 293.000000 258.000000 234.000000 
u_arctos   316.000000 316.000000 283.000000 295.000000 295.000000 320.000000 320.000000 291.000000 263.000000 247.000000 247.000000 247.000000 0.000000 200.000000 357.000000 357.000000 306.000000 284.000000 249.000000 225.000000 
m_american316.000000 316.000000 283.000000 295.000000 295.000000 320.000000 320.000000 291.000000 263.000000 247.000000 247.000000 247.000000 200.000000 0.000000 357.000000 357.000000 306.000000 284.000000 249.000000 225.000000 
g_gulo     435.000000 435.000000 402.000000 414.000000 414.000000 439.000000 439.000000 410.000000 382.000000 366.000000 366.000000 366.000000 357.000000 357.000000 0.000000 200.000000 251.000000 273.000000 308.000000 332.000000 
m_erminea  435.000000 435.000000 402.000000 414.000000 414.000000 439.000000 439.000000 410.000000 382.000000 366.000000 366.000000 366.000000 357.000000 357.000000 200.000000 0.000000 251.000000 273.000000 308.000000 332.000000 
n_vison    384.000000 384.000000 351.000000 363.000000 363.000000 388.000000 388.000000 359.000000 331.000000 315.000000 315.000000 315.000000 306.000000 306.000000 251.000000 251.000000 0.000000 222.000000 257.000000 281.000000 
m_nivalis  362.000000 362.000000 329.000000 341.000000 341.000000 366.000000 366.000000 337.000000 309.000000 293.000000 293.000000 293.000000 284.000000 284.000000 273.000000 273.000000 222.000000 0.000000 235.000000 259.000000 
m_frenata  327.000000 327.000000 294.000000 306.000000 306.000000 331.000000 331.000000 302.000000 274.000000 258.000000 258.000000 258.000000 249.000000 249.000000 308.000000 308.000000 257.000000 235.000000 0.000000 224.000000 
m_pennanti303.000000 303.000000 270.000000 282.000000 282.000000 307.000000 307.000000 278.000000 250.000000 234.000000 234.000000 234.000000 225.000000 225.000000 332.000000 332.000000 281.000000 259.000000 224.000000 0.000000 

30
p_lotor    0.000000 4.327600 9.075800 7.344400 9.110500 6.938400 9.279600 9.157300 9.866900 9.451200 9.248500 9.806100 9.601000 9.430300 9.795800 10.231500 10.308700 10.186700 8.724300 8.615600 8.211400 8.351400 7.021600 9.026600 8.000800 8.243100 7.660800 8.709300 7.886200 7.968500 
p_concolor4.327600 0.000000 8.503600 6.772200 8.538300 6.366200 8.707400 8.585100 9.294700 8.879000 8.676300 9.233900 9.028800 8.858100 9.223600 9.659300 9.736500 9.614500 8.152100 8.043400 7.639200 7.779200 6.449400 8.454400 7.428600 7.670900 7.088600 8.137100 7.314000 7.396300 
s_putorius9.075800 8.503600 0.000000 4.385800 9.963300 7.791200 10.132400 10.010100 10.719700 10.304000 10.101300 10.658900 10.453800 10.283100 10.648600 11.084300 11.161500 11.039500 9.577100 9.468400 9.064200 9.204200 7.874400 9.879400 8.853600 9.095900 8.513600 9.562100 8.739000 8.821300 
s_pygmaea  7.344400 6.772200 4.385800 0.000000 8.231900 6.059800 8.401000 8.278700 8.988300 8.572600 8.369900 8.927500 8.722400 8.551700 8.917200 9.352900 9.430100 9.308100 7.845700 7.737000 7.332800 7.472800 6.143000 8.148000 7.122200 7.364500 6.782200 7.830700 7.007600 7.089900 
m_vison    9.110500 8.538300 9.963300 8.231900 0.000000 2.923900 7.957500 9.225000 9.934600 9.518900 9.316200 9.873800 9.668700 9.498000 9.863500 10.299200 10.376400 10.254400 9.217200 9.108500 8.704300 8.844300 7.514500 9.519500 8.493700 8.736000 8.153700 9.202200 8.379100 8.461400 
v_velox    6.938400 6.366200 7.791200 6.059800 2.923900 0.000000 5.785400 7.052900 7.762500 7.346800 7.144100 7.701700 7.496600 7.325900 7.691400 8.127100 8.204300 8.082300 7.045100 6.936400 6.532200 6.672200 5.342400 7.347400 6.321600 6.563900 5.981600 7.030100 6.207000 6.289300 
u_americanus9.279600 8.707400 10.132400 8.401000 7.957500 5.785400 0.000000 9.394100 10.103700 9.688000 9.485300 10.042900 9.837800 9.667100 10.032600 10.468300 10.545500 10.423500 9.386300 9.277600 8.873400 9.013400 7.683600 9.688600 8.662800 8.905100 8.322800 9.371300 8.548200 8.630500 
m_americana9.157300 8.585100 10.010100 8.278700 9.225000 7.052900 9.394100 0.000000 9.981400 9.565700 9.363000 9.920600 9.715500 9.544800 9.910300 10.346000 10.423200 10.301200 9.264000 9.155300 8.751100 8.891100 7.561300 9.566300 8.540500 8.782800 8.200500 9.249000 8.425900 8.508200 
t_taxus    9.866900 9.294700 10.719700 8.988300 9.934600 7.762500 10.103700 9.981400 0.000000 8.012100 9.560800 10.118400 9.913300 9.742600 10.108100 10.543800 10.621000 10.499000 9.973600 9.864900 9.460700 9.600700 8.270900 10.275900 9.250100 9.492400 8.910100 9.958600 9.135500 9.217800 
u_arctos   9.451200 8.879000 10.304000 8.572600 9.518900 7.346800 9.688000 9.565700 8.012100 0.000000 9.145100 9.702700 9.497600 9.326900 9.692400 10.128100 10.205300 10.083300 9.557900 9.449200 9.045000 9.185000 7.855200 9.860200 8.834400 9.076700 8.494400 9.542900 8.719800 8.802100 
c_lupus    9.248500 8.676300 10.101300 8.369900 9.316200 7.144100 9.485300 9.363000 9.560800 9.145100 0.000000 7.075600 8.756500 8.753600 9.119100 9.641800 9.719000 9.597000 9.355200 9.246500 8.842300 8.982300 7.652500 9.657500 8.631700 8.874000 8.291700 9.340200 8.517100 8.599400 
c_leuconotus9.806100 9.233900 10.658900 8.927500 9.873800 7.701700 10.042900 9.920600 10.118400 9.702700 7.075600 0.000000 9.314100 9.311200 9.676700 10.199400 10.276600 10.154600 9.912800 9.804100 9.399900 9.539900 8.210100 10.215100 9.189300 9.431600 8.849300 9.897800 9.074700 9.157000 
a_lagopus  9.601000 9.028800 10.453800 8.722400 9.668700 7.496600 9.837800 9.715500 9.913300 9.497600 8.756500 9.314100 0.000000 9.106100 9.471600 9.994300 10.071500 9.949500 9.707700 9.599000 9.194800 9.334800 8.005000 10.010000 8.984200 9.226500 8.644200 9.692700 8.869600 8.951900 
g_gulo     9.430300 8.858100 10.283100 8.551700 9.498000 7.325900 9.667100 9.544800 9.742600 9.326900 8.753600 9.311200 9.106100 0.000000 7.602700 9.823600 9.900800 9.778800 9.537000 9.428300 9.024100 9.164100 7.834300 9.839300 8.813500 9.055800 8.473500 9.522000 8.698900 8.781200 
l_pardalis9.795800 9.223600 10.648600 8.917200 9.863500 7.691400 10.032600 9.910300 10.108100 9.692400 9.119100 9.676700 9.471600 7.602700 0.000000 10.189100 10.266300 10.144300 9.902500 9.793800 9.389600 9.529600 8.199800 10.204800 9.179000 9.421300 8.839000 9.887500 9.064400 9.146700 
n_narica   10.231500 9.659300 11.084300 9.352900 10.299200 8.127100 10.468300 10.346000 10.543800 10.128100 9.641800 10.199400 9.994300 9.823600 10.189100 0.000000 10.000200 9.961000 10.338200 10.229500 9.825300 9.965300 8.635500 10.640500 9.614700 9.857000 9.274700 10.323200 9.500100 9.582400 
v_vulpes   10.308700 9.736500 11.161500 9.430100 10.376400 8.204300 10.545500 10.423200 10.621000 10.205300 9.719000 10.276600 10.071500 9.900800 10.266300 10.000200 0.000000 10.038200 10.415400 10.306700 9.902500 10.042500 8.712700 10.717700 9.691900 9.934200 9.351900 10.400400 9.577300 9.659600 
h_yaguarondi10.186700 9.614500 11.039500 9.308100 10.254400 8.082300 10.423500 10.301200 10.499000 10.083300 9.597000 10.154600 9.949500 9.778800 10.144300 9.961000 10.038200 0.000000 10.293400 10.184700 9.780500 9.920500 8.590700 10.595700 9.569900 9.812200 9.229900 10.278400 9.455300 9.537600 
b_astutus  8.724300 8.152100 9.577100 7.845700 9.217200 7.045100 9.386300 9.264000 9.973600 9.557900 9.355200 9.912800 9.707700 9.537000 9.902500 10.338200 10.415400 10.293400 0.000000 6.783700 8.318100 8.458100 7.128300 9.133300 8.107500 8.349800 7.767500 8.816000 7.992900 8.075200 
l_canadensis8.615600 8.043400 9.468400 7.737000 9.108500 6.936400 9.277600 9.155300 9.864900 9.449200 9.246500 9.804100 9.599000 9.428300 9.793800 10.229500 10.306700 10.184700 6.783700 0.000000 8.209400 8.349400 7.019600 9.024600 7.998800 8.241100 7.658800 8.707300 7.884200 7.966500 
l_canadensis8.211400 7.639200 9.064200 7.332800 8.704300 6.532200 8.873400 8.751100 9.460700 9.045000 8.842300 9.399900 9.194800 9.024100 9.389600 9.825300 9.902500 9.780500 8.318100 8.209400 0.000000 5.964800 6.032400 8.037400 7.011600 7.253900 6.671600 7.720100 6.897000 6.979300 
u_littoralis8.351400 7.779200 9.204200 7.472800 8.844300 6.672200 9.013400 8.891100 9.600700 9.185000 8.982300 9.539900 9.334800 9.164100 9.529600 9.965300 10.042500 9.920500 8.458100 8.349400 5.964800 0.000000 6.172400 8.177400 7.151600 7.393900 6.811600 7.860100 7.037000 7.119300 
c_latrans  7.021600 6.449400 7.874400 6.143000 7.514500 5.342400 7.683600 7.561300 8.270900 7.855200 7.652500 8.210100 8.005000 7.834300 8.199800 8.635500 8.712700 8.590700 7.128300 7.019600 6.032400 6.172400 0.000000 2.456400 5.401600 5.643900 5.061600 6.110100 5.287000 5.369300 
m_pennanti9.026600 8.454400 9.879400 8.148000 9.519500 7.347400 9.688600 9.566300 10.275900 9.860200 9.657500 10.215100 10.010000 9.839300 10.204800 10.640500 10.717700 10.595700 9.133300 9.024600 8.037400 8.177400 2.456400 0.000000 7.406600 7.648900 7.066600 8.115100 7.292000 7.374300 
l_rufus    8.000800 7.428600 8.853600 7.122200 8.493700 6.321600 8.662800 8.540500 9.250100 8.834400 8.631700 9.189300 8.984200 8.813500 9.179000 9.614700 9.691900 9.569900 8.107500 7.998800 7.011600 7.151600 5.401600 7.406600 0.000000 4.034900 5.273000 6.321500 5.498400 5.580700 
m_erminea  8.243100 7.670900 9.095900 7.364500 8.736000 6.563900 8.905100 8.782800 9.492400 9.076700 8.874000 9.431600 9.226500 9.055800 9.421300 9.857000 9.934200 9.812200 8.349800 8.241100 7.253900 7.393900 5.643900 7.648900 4.034900 0.000000 5.515300 6.563800 5.740700 5.823000 
m_mephitis7.660800 7.088600 8.513600 6.782200 8.153700 5.981600 8.322800 8.200500 8.910100 8.494400 8.291700 8.849300 8.644200 8.473500 8.839000 9.274700 9.351900 9.229900 7.767500 7.658800 6.671600 6.811600 5.061600 7.066600 5.273000 5.515300 0.000000 3.391900 4.212800 4.779900 
p_onca     8.709300 8.137100 9.562100 7.830700 9.202200 7.030100 9.371300 9.249000 9.958600 9.542900 9.340200 9.897800 9.692700 9.522000 9.887500 10.323200 10.400400 10.278400 8.816000 8.707300 7.720100 7.860100 6.110100 8.115100 6.321500 6.563800 3.391900 0.000000 5.261300 5.828400 
m_frenata  7.886200 7.314000 8.739000 7.007600 8.379100 6.207000 8.548200 8.425900 9.135500 8.719800 8.517100 9.074700 8.869600 8.698900 9.064400 9.500100 9.577300 9.455300 7.992900 7.884200 6.897000 7.037000 5.287000 7.292000 5.498400 5.740700 4.212800 5.261300 0.000000 5.005300 
m_nivalis  7.968500 7.396300 8.821300 7.089900 8.461400 6.289300 8.630500 8.508200 9.217800 8.802100 8.599400 9.157000 8.951900 8.781200 9.146700 9.582400 9.659600 9.537600 8.075200 7.966500 6.979300 7.119300 5.369300 7.374300 5.580700 5.823000 4.779900 5.828400 5.005300 0.000000 

