23
u_arctos   0.000000 200.000000 459.000000 459.000000 400.000000 529.000000 529.000000 579.000000 579.000000 527.000000 839.000000 839.000000 884.000000 884.000000 714.000000 816.000000 816.000000 735.000000 580.000000 705.000000 705.000000 609.000000 425.000000 
u_american200.000000 0.000000 459.000000 459.000000 400.000000 529.000000 529.000000 579.000000 579.000000 527.000000 839.000000 839.000000 884.000000 884.000000 714.000000 816.000000 816.000000 735.000000 580.000000 705.000000 705.000000 609.000000 425.000000 
c_lupus    459.000000 459.000000 0.000000 200.000000 259.000000 588.000000 588.000000 638.000000 638.000000 586.000000 898.000000 898.000000 943.000000 943.000000 773.000000 875.000000 875.000000 794.000000 639.000000 764.000000 764.000000 668.000000 484.000000 
v_lagopus  459.000000 459.000000 200.000000 0.000000 259.000000 588.000000 588.000000 638.000000 638.000000 586.000000 898.000000 898.000000 943.000000 943.000000 773.000000 875.000000 875.000000 794.000000 639.000000 764.000000 764.000000 668.000000 484.000000 
v_velox    400.000000 400.000000 259.000000 259.000000 0.000000 529.000000 529.000000 579.000000 579.000000 527.000000 839.000000 839.000000 884.000000 884.000000 714.000000 816.000000 816.000000 735.000000 580.000000 705.000000 705.000000 609.000000 425.000000 
ly_canaden529.000000 529.000000 588.000000 588.000000 529.000000 0.000000 200.000000 376.000000 376.000000 324.000000 836.000000 836.000000 881.000000 881.000000 711.000000 813.000000 813.000000 732.000000 577.000000 702.000000 702.000000 606.000000 422.000000 
l_rufus    529.000000 529.000000 588.000000 588.000000 529.000000 200.000000 0.000000 376.000000 376.000000 324.000000 836.000000 836.000000 881.000000 881.000000 711.000000 813.000000 813.000000 732.000000 577.000000 702.000000 702.000000 606.000000 422.000000 
p_onca     579.000000 579.000000 638.000000 638.000000 579.000000 376.000000 376.000000 0.000000 200.000000 252.000000 886.000000 886.000000 931.000000 931.000000 761.000000 863.000000 863.000000 782.000000 627.000000 752.000000 752.000000 656.000000 472.000000 
l_pardalis579.000000 579.000000 638.000000 638.000000 579.000000 376.000000 376.000000 200.000000 0.000000 252.000000 886.000000 886.000000 931.000000 931.000000 761.000000 863.000000 863.000000 782.000000 627.000000 752.000000 752.000000 656.000000 472.000000 
p_concolor527.000000 527.000000 586.000000 586.000000 527.000000 324.000000 324.000000 252.000000 252.000000 0.000000 834.000000 834.000000 879.000000 879.000000 709.000000 811.000000 811.000000 730.000000 575.000000 700.000000 700.000000 604.000000 420.000000 
m_nivalis  839.000000 839.000000 898.000000 898.000000 839.000000 836.000000 836.000000 886.000000 886.000000 834.000000 0.000000 200.000000 345.000000 345.000000 325.000000 577.000000 577.000000 496.000000 459.000000 722.000000 722.000000 626.000000 614.000000 
m_erminea  839.000000 839.000000 898.000000 898.000000 839.000000 836.000000 836.000000 886.000000 886.000000 834.000000 200.000000 0.000000 345.000000 345.000000 325.000000 577.000000 577.000000 496.000000 459.000000 722.000000 722.000000 626.000000 614.000000 
m_frenata  884.000000 884.000000 943.000000 943.000000 884.000000 881.000000 881.000000 931.000000 931.000000 879.000000 345.000000 345.000000 0.000000 200.000000 370.000000 622.000000 622.000000 541.000000 504.000000 767.000000 767.000000 671.000000 659.000000 
n_vison    884.000000 884.000000 943.000000 943.000000 884.000000 881.000000 881.000000 931.000000 931.000000 879.000000 345.000000 345.000000 200.000000 0.000000 370.000000 622.000000 622.000000 541.000000 504.000000 767.000000 767.000000 671.000000 659.000000 
lo_canaden714.000000 714.000000 773.000000 773.000000 714.000000 711.000000 711.000000 761.000000 761.000000 709.000000 325.000000 325.000000 370.000000 370.000000 0.000000 452.000000 452.000000 371.000000 334.000000 597.000000 597.000000 501.000000 489.000000 
m_american816.000000 816.000000 875.000000 875.000000 816.000000 813.000000 813.000000 863.000000 863.000000 811.000000 577.000000 577.000000 622.000000 622.000000 452.000000 0.000000 200.000000 281.000000 436.000000 699.000000 699.000000 603.000000 591.000000 
g_gulo     816.000000 816.000000 875.000000 875.000000 816.000000 813.000000 813.000000 863.000000 863.000000 811.000000 577.000000 577.000000 622.000000 622.000000 452.000000 200.000000 0.000000 281.000000 436.000000 699.000000 699.000000 603.000000 591.000000 
m_pennanti735.000000 735.000000 794.000000 794.000000 735.000000 732.000000 732.000000 782.000000 782.000000 730.000000 496.000000 496.000000 541.000000 541.000000 371.000000 281.000000 281.000000 0.000000 355.000000 618.000000 618.000000 522.000000 510.000000 
t_taxus    580.000000 580.000000 639.000000 639.000000 580.000000 577.000000 577.000000 627.000000 627.000000 575.000000 459.000000 459.000000 504.000000 504.000000 334.000000 436.000000 436.000000 355.000000 0.000000 463.000000 463.000000 367.000000 355.000000 
b_astutus  705.000000 705.000000 764.000000 764.000000 705.000000 702.000000 702.000000 752.000000 752.000000 700.000000 722.000000 722.000000 767.000000 767.000000 597.000000 699.000000 699.000000 618.000000 463.000000 0.000000 200.000000 296.000000 480.000000 
p_lotor    705.000000 705.000000 764.000000 764.000000 705.000000 702.000000 702.000000 752.000000 752.000000 700.000000 722.000000 722.000000 767.000000 767.000000 597.000000 699.000000 699.000000 618.000000 463.000000 200.000000 0.000000 296.000000 480.000000 
n_narica   609.000000 609.000000 668.000000 668.000000 609.000000 606.000000 606.000000 656.000000 656.000000 604.000000 626.000000 626.000000 671.000000 671.000000 501.000000 603.000000 603.000000 522.000000 367.000000 296.000000 296.000000 0.000000 384.000000 
m_mephitis425.000000 425.000000 484.000000 484.000000 425.000000 422.000000 422.000000 472.000000 472.000000 420.000000 614.000000 614.000000 659.000000 659.000000 489.000000 591.000000 591.000000 510.000000 355.000000 480.000000 480.000000 384.000000 0.000000 

30
a_lagopus  0.000000 0.859500 0.979100 0.978300 0.979300 1.000400 0.918700 0.786100 1.039600 0.853600 1.028000 0.986000 0.903300 0.955000 0.958300 0.909200 0.921400 0.955400 0.913000 0.934800 0.897800 0.963300 0.924600 1.001000 0.963200 1.006100 0.867400 1.071600 0.820600 1.084300 
b_astutus  0.859500 0.000000 0.975400 0.974600 0.975600 0.996700 0.915000 0.782400 1.035900 0.849900 1.024300 0.982300 0.899600 0.951300 0.954600 0.905500 0.917700 0.951700 0.909300 0.931100 0.894100 0.959600 0.920900 0.997300 0.959500 1.002400 0.863700 1.067900 0.816900 1.080600 
h_yaguarondi0.979100 0.975400 0.000000 0.953200 0.981200 1.002300 0.953000 0.820400 1.073900 0.887900 1.062300 1.020300 0.937600 0.989300 0.992600 0.943500 0.955700 0.989700 0.947300 0.969100 0.932100 0.997600 0.958900 1.035300 0.997500 1.040400 0.901700 1.105900 0.854900 1.118600 
n_narica   0.978300 0.974600 0.953200 0.000000 0.980400 1.001500 0.952200 0.819600 1.073100 0.887100 1.061500 1.019500 0.936800 0.988500 0.991800 0.942700 0.954900 0.988900 0.946500 0.968300 0.931300 0.996800 0.958100 1.034500 0.996700 1.039600 0.900900 1.105100 0.854100 1.117800 
s_putorius0.979300 0.975600 0.981200 0.980400 0.000000 0.999900 0.953200 0.820600 1.074100 0.888100 1.062500 1.020500 0.937800 0.989500 0.992800 0.943700 0.955900 0.989900 0.947500 0.969300 0.932300 0.997800 0.959100 1.035500 0.997700 1.040600 0.901900 1.106100 0.855100 1.118800 
v_vulpes   1.000400 0.996700 1.002300 1.001500 0.999900 0.000000 0.974300 0.841700 1.095200 0.909200 1.083600 1.041600 0.958900 1.010600 1.013900 0.964800 0.977000 1.011000 0.968600 0.990400 0.953400 1.018900 0.980200 1.056600 1.018800 1.061700 0.923000 1.127200 0.876200 1.139900 
p_onca     0.918700 0.915000 0.953000 0.952200 0.953200 0.974300 0.000000 0.730000 0.983500 0.797500 0.971900 0.929900 0.847200 0.898900 0.902200 0.853100 0.865300 0.899300 0.856900 0.878700 0.841700 0.907200 0.868500 0.944900 0.907100 0.950000 0.811300 1.015500 0.764500 1.028200 
c_latrans  0.786100 0.782400 0.820400 0.819600 0.820600 0.841700 0.730000 0.000000 0.508700 0.489300 0.663700 0.703700 0.621000 0.672700 0.676000 0.626900 0.639100 0.673100 0.630700 0.652500 0.615500 0.681000 0.642300 0.718700 0.680900 0.723800 0.585100 0.789300 0.538300 0.802000 
c_leuconotus1.039600 1.035900 1.073900 1.073100 1.074100 1.095200 0.983500 0.508700 0.000000 0.742800 0.917200 0.957200 0.874500 0.926200 0.929500 0.880400 0.892600 0.926600 0.884200 0.906000 0.869000 0.934500 0.895800 0.972200 0.934400 0.977300 0.838600 1.042800 0.791800 1.055500 
c_lupus    0.853600 0.849900 0.887900 0.887100 0.888100 0.909200 0.797500 0.489300 0.742800 0.000000 0.438800 0.771200 0.688500 0.740200 0.743500 0.694400 0.706600 0.740600 0.698200 0.720000 0.683000 0.748500 0.709800 0.786200 0.748400 0.791300 0.652600 0.856800 0.605800 0.869500 
l_pardalis1.028000 1.024300 1.062300 1.061500 1.062500 1.083600 0.971900 0.663700 0.917200 0.438800 0.000000 0.945600 0.862900 0.914600 0.917900 0.868800 0.881000 0.915000 0.872600 0.894400 0.857400 0.922900 0.884200 0.960600 0.922800 0.965700 0.827000 1.031200 0.780200 1.043900 
m_pennanti0.986000 0.982300 1.020300 1.019500 1.020500 1.041600 0.929900 0.703700 0.957200 0.771200 0.945600 0.000000 0.725100 0.778800 0.782100 0.733000 0.745200 0.779200 0.736800 0.758600 0.721600 0.787100 0.748400 0.917600 0.879800 0.922700 0.784000 0.988200 0.737200 1.000900 
p_lotor    0.903300 0.899600 0.937600 0.936800 0.937800 0.958900 0.847200 0.621000 0.874500 0.688500 0.862900 0.725100 0.000000 0.696100 0.699400 0.650300 0.662500 0.696500 0.654100 0.675900 0.638900 0.704400 0.665700 0.834900 0.797100 0.840000 0.701300 0.905500 0.654500 0.918200 
g_gulo     0.955000 0.951300 0.989300 0.988500 0.989500 1.010600 0.898900 0.672700 0.926200 0.740200 0.914600 0.778800 0.696100 0.000000 0.596500 0.623800 0.636000 0.725200 0.682800 0.704600 0.667600 0.733100 0.694400 0.886600 0.848800 0.891700 0.753000 0.957200 0.706200 0.969900 
l_rufus    0.958300 0.954600 0.992600 0.991800 0.992800 1.013900 0.902200 0.676000 0.929500 0.743500 0.917900 0.782100 0.699400 0.596500 0.000000 0.627100 0.639300 0.728500 0.686100 0.707900 0.670900 0.736400 0.697700 0.889900 0.852100 0.895000 0.756300 0.960500 0.709500 0.973200 
lo_canaden0.909200 0.905500 0.943500 0.942700 0.943700 0.964800 0.853100 0.626900 0.880400 0.694400 0.868800 0.733000 0.650300 0.623800 0.627100 0.000000 0.421200 0.679400 0.637000 0.658800 0.621800 0.687300 0.648600 0.840800 0.803000 0.845900 0.707200 0.911400 0.660400 0.924100 
m_mephitis0.921400 0.917700 0.955700 0.954900 0.955900 0.977000 0.865300 0.639100 0.892600 0.706600 0.881000 0.745200 0.662500 0.636000 0.639300 0.421200 0.000000 0.691600 0.649200 0.671000 0.634000 0.699500 0.660800 0.853000 0.815200 0.858100 0.719400 0.923600 0.672600 0.936300 
ly_canaden0.955400 0.951700 0.989700 0.988900 0.989900 1.011000 0.899300 0.673100 0.926600 0.740600 0.915000 0.779200 0.696500 0.725200 0.728500 0.679400 0.691600 0.000000 0.608200 0.689600 0.652600 0.718100 0.679400 0.887000 0.849200 0.892100 0.753400 0.957600 0.706600 0.970300 
m_frenata  0.913000 0.909300 0.947300 0.946500 0.947500 0.968600 0.856900 0.630700 0.884200 0.698200 0.872600 0.736800 0.654100 0.682800 0.686100 0.637000 0.649200 0.608200 0.000000 0.647200 0.610200 0.675700 0.637000 0.844600 0.806800 0.849700 0.711000 0.915200 0.664200 0.927900 
m_erminea  0.934800 0.931100 0.969100 0.968300 0.969300 0.990400 0.878700 0.652500 0.906000 0.720000 0.894400 0.758600 0.675900 0.704600 0.707900 0.658800 0.671000 0.689600 0.647200 0.000000 0.415200 0.640100 0.601400 0.866400 0.828600 0.871500 0.732800 0.937000 0.686000 0.949700 
m_nivalis  0.897800 0.894100 0.932100 0.931300 0.932300 0.953400 0.841700 0.615500 0.869000 0.683000 0.857400 0.721600 0.638900 0.667600 0.670900 0.621800 0.634000 0.652600 0.610200 0.415200 0.000000 0.603100 0.564400 0.829400 0.791600 0.834500 0.695800 0.900000 0.649000 0.912700 
m_americana0.963300 0.959600 0.997600 0.996800 0.997800 1.018900 0.907200 0.681000 0.934500 0.748500 0.922900 0.787100 0.704400 0.733100 0.736400 0.687300 0.699500 0.718100 0.675700 0.640100 0.603100 0.000000 0.532300 0.894900 0.857100 0.900000 0.761300 0.965500 0.714500 0.978200 
u_littoralis0.924600 0.920900 0.958900 0.958100 0.959100 0.980200 0.868500 0.642300 0.895800 0.709800 0.884200 0.748400 0.665700 0.694400 0.697700 0.648600 0.660800 0.679400 0.637000 0.601400 0.564400 0.532300 0.000000 0.856200 0.818400 0.861300 0.722600 0.926800 0.675800 0.939500 
p_concolor1.001000 0.997300 1.035300 1.034500 1.035500 1.056600 0.944900 0.718700 0.972200 0.786200 0.960600 0.917600 0.834900 0.886600 0.889900 0.840800 0.853000 0.887000 0.844600 0.866400 0.829400 0.894900 0.856200 0.000000 0.637400 0.936900 0.798200 1.002400 0.751400 1.015100 
s_pygmaea  0.963200 0.959500 0.997500 0.996700 0.997700 1.018800 0.907100 0.680900 0.934400 0.748400 0.922800 0.879800 0.797100 0.848800 0.852100 0.803000 0.815200 0.849200 0.806800 0.828600 0.791600 0.857100 0.818400 0.637400 0.000000 0.899100 0.760400 0.964600 0.713600 0.977300 
m_vison    1.006100 1.002400 1.040400 1.039600 1.040600 1.061700 0.950000 0.723800 0.977300 0.791300 0.965700 0.922700 0.840000 0.891700 0.895000 0.845900 0.858100 0.892100 0.849700 0.871500 0.834500 0.900000 0.861300 0.936900 0.899100 0.000000 0.426900 0.918700 0.667700 0.931400 
u_americanus0.867400 0.863700 0.901700 0.900900 0.901900 0.923000 0.811300 0.585100 0.838600 0.652600 0.827000 0.784000 0.701300 0.753000 0.756300 0.707200 0.719400 0.753400 0.711000 0.732800 0.695800 0.761300 0.722600 0.798200 0.760400 0.426900 0.000000 0.780000 0.529000 0.792700 
u_arctos   1.071600 1.067900 1.105900 1.105100 1.106100 1.127200 1.015500 0.789300 1.042800 0.856800 1.031200 0.988200 0.905500 0.957200 0.960500 0.911400 0.923600 0.957600 0.915200 0.937000 0.900000 0.965500 0.926800 1.002400 0.964600 0.918700 0.780000 0.000000 0.426400 0.956500 
v_velox    0.820600 0.816900 0.854900 0.854100 0.855100 0.876200 0.764500 0.538300 0.791800 0.605800 0.780200 0.737200 0.654500 0.706200 0.709500 0.660400 0.672600 0.706600 0.664200 0.686000 0.649000 0.714500 0.675800 0.751400 0.713600 0.667700 0.529000 0.426400 0.000000 0.705500 
t_taxus    1.084300 1.080600 1.118600 1.117800 1.118800 1.139900 1.028200 0.802000 1.055500 0.869500 1.043900 1.000900 0.918200 0.969900 0.973200 0.924100 0.936300 0.970300 0.927900 0.949700 0.912700 0.978200 0.939500 1.015100 0.977300 0.931400 0.792700 0.956500 0.705500 0.000000 

