20
g_gulo     0.000000 200.000000 258.000000 276.000000 304.000000 404.000000 404.000000 383.000000 414.000000 706.000000 706.000000 636.000000 634.000000 634.000000 587.000000 587.000000 514.000000 575.000000 575.000000 442.000000 
m_erminea  200.000000 0.000000 258.000000 276.000000 304.000000 404.000000 404.000000 383.000000 414.000000 706.000000 706.000000 636.000000 634.000000 634.000000 587.000000 587.000000 514.000000 575.000000 575.000000 442.000000 
n_vison    258.000000 258.000000 0.000000 218.000000 246.000000 346.000000 346.000000 325.000000 356.000000 648.000000 648.000000 578.000000 576.000000 576.000000 529.000000 529.000000 456.000000 517.000000 517.000000 384.000000 
m_nivalis  276.000000 276.000000 218.000000 0.000000 228.000000 328.000000 328.000000 307.000000 338.000000 630.000000 630.000000 560.000000 558.000000 558.000000 511.000000 511.000000 438.000000 499.000000 499.000000 366.000000 
m_american304.000000 304.000000 246.000000 228.000000 0.000000 300.000000 300.000000 279.000000 310.000000 602.000000 602.000000 532.000000 530.000000 530.000000 483.000000 483.000000 410.000000 471.000000 471.000000 338.000000 
lo_canaden404.000000 404.000000 346.000000 328.000000 300.000000 0.000000 200.000000 303.000000 334.000000 626.000000 626.000000 556.000000 554.000000 554.000000 507.000000 507.000000 434.000000 495.000000 495.000000 362.000000 
m_frenata  404.000000 404.000000 346.000000 328.000000 300.000000 200.000000 0.000000 303.000000 334.000000 626.000000 626.000000 556.000000 554.000000 554.000000 507.000000 507.000000 434.000000 495.000000 495.000000 362.000000 
m_pennanti383.000000 383.000000 325.000000 307.000000 279.000000 303.000000 303.000000 0.000000 231.000000 523.000000 523.000000 453.000000 451.000000 451.000000 404.000000 404.000000 331.000000 392.000000 392.000000 259.000000 
u_arctos   414.000000 414.000000 356.000000 338.000000 310.000000 334.000000 334.000000 231.000000 0.000000 492.000000 492.000000 422.000000 420.000000 420.000000 373.000000 373.000000 300.000000 361.000000 361.000000 228.000000 
l_pardalis706.000000 706.000000 648.000000 630.000000 602.000000 626.000000 626.000000 523.000000 492.000000 0.000000 200.000000 270.000000 464.000000 464.000000 581.000000 581.000000 508.000000 569.000000 569.000000 464.000000 
ly_canaden706.000000 706.000000 648.000000 630.000000 602.000000 626.000000 626.000000 523.000000 492.000000 200.000000 0.000000 270.000000 464.000000 464.000000 581.000000 581.000000 508.000000 569.000000 569.000000 464.000000 
p_onca     636.000000 636.000000 578.000000 560.000000 532.000000 556.000000 556.000000 453.000000 422.000000 270.000000 270.000000 0.000000 394.000000 394.000000 511.000000 511.000000 438.000000 499.000000 499.000000 394.000000 
c_lupus    634.000000 634.000000 576.000000 558.000000 530.000000 554.000000 554.000000 451.000000 420.000000 464.000000 464.000000 394.000000 0.000000 200.000000 509.000000 509.000000 436.000000 497.000000 497.000000 392.000000 
v_lagopus  634.000000 634.000000 576.000000 558.000000 530.000000 554.000000 554.000000 451.000000 420.000000 464.000000 464.000000 394.000000 200.000000 0.000000 509.000000 509.000000 436.000000 497.000000 497.000000 392.000000 
p_lotor    587.000000 587.000000 529.000000 511.000000 483.000000 507.000000 507.000000 404.000000 373.000000 581.000000 581.000000 511.000000 509.000000 509.000000 0.000000 200.000000 273.000000 404.000000 404.000000 345.000000 
b_astutus  587.000000 587.000000 529.000000 511.000000 483.000000 507.000000 507.000000 404.000000 373.000000 581.000000 581.000000 511.000000 509.000000 509.000000 200.000000 0.000000 273.000000 404.000000 404.000000 345.000000 
n_narica   514.000000 514.000000 456.000000 438.000000 410.000000 434.000000 434.000000 331.000000 300.000000 508.000000 508.000000 438.000000 436.000000 436.000000 273.000000 273.000000 0.000000 331.000000 331.000000 272.000000 
s_putorius575.000000 575.000000 517.000000 499.000000 471.000000 495.000000 495.000000 392.000000 361.000000 569.000000 569.000000 499.000000 497.000000 497.000000 404.000000 404.000000 331.000000 0.000000 200.000000 333.000000 
m_mephitis575.000000 575.000000 517.000000 499.000000 471.000000 495.000000 495.000000 392.000000 361.000000 569.000000 569.000000 499.000000 497.000000 497.000000 404.000000 404.000000 331.000000 200.000000 0.000000 333.000000 
t_taxus    442.000000 442.000000 384.000000 366.000000 338.000000 362.000000 362.000000 259.000000 228.000000 464.000000 464.000000 394.000000 392.000000 392.000000 345.000000 345.000000 272.000000 333.000000 333.000000 0.000000 

30
p_lotor    0.000000 2.799700 6.311700 8.422400 5.236200 8.509500 5.852700 9.039400 10.020000 5.042200 7.495000 9.946500 6.513200 9.916500 9.884400 10.571500 10.867900 8.039100 6.192400 5.771800 6.553900 6.079500 6.161900 5.859300 5.673600 5.580900 5.555900 7.014400 6.755900 6.230900 
p_concolor2.799700 0.000000 5.201000 7.311700 4.125500 7.398800 4.742000 7.928700 8.909300 3.931500 6.384300 8.835800 5.402500 8.805800 8.773700 9.460800 9.757200 6.928400 5.081700 4.661100 5.443200 4.968800 5.051200 4.748600 4.562900 4.470200 4.445200 5.903700 5.645200 5.120200 
a_lagopus  6.311700 5.201000 0.000000 3.498700 2.557900 5.831200 4.023400 7.210100 8.635500 3.657700 6.110500 8.562000 5.128700 8.532000 8.499900 9.187000 9.483400 6.885000 5.038300 4.617700 5.399800 4.925400 5.007800 4.705200 4.519500 4.426800 4.401800 5.860300 5.601800 5.076800 
b_astutus  8.422400 7.311700 3.498700 0.000000 4.668600 7.941900 6.134100 9.320800 10.746200 5.768400 8.221200 10.672700 7.239400 10.642700 10.610600 11.297700 11.594100 8.995700 7.149000 6.728400 7.510500 7.036100 7.118500 6.815900 6.630200 6.537500 6.512500 7.971000 7.712500 7.187500 
c_latrans  5.236200 4.125500 2.557900 4.668600 0.000000 3.273300 2.947900 6.134600 7.560000 2.582200 5.035000 7.486500 4.053200 7.456500 7.424400 8.111500 8.407900 5.809500 3.962800 3.542200 4.324300 3.849900 3.932300 3.629700 3.444000 3.351300 3.326300 4.784800 4.526300 4.001300 
l_pardalis8.509500 7.398800 5.831200 7.941900 3.273300 0.000000 6.221200 9.407900 10.833300 5.855500 8.308300 10.759800 7.326500 10.729800 10.697700 11.384800 11.681200 9.082800 7.236100 6.815500 7.597600 7.123200 7.205600 6.903000 6.717300 6.624600 6.599600 8.058100 7.799600 7.274600 
c_lupus    5.852700 4.742000 4.023400 6.134100 2.947900 6.221200 0.000000 3.186700 8.176500 3.198700 5.651500 8.103000 4.669700 8.073000 8.040900 8.728000 9.024400 6.426000 4.579300 4.158700 4.940800 4.466400 4.548800 4.246200 4.060500 3.967800 3.942800 5.401300 5.142800 4.617800 
c_leuconotus9.039400 7.928700 7.210100 9.320800 6.134600 9.407900 3.186700 0.000000 11.363200 6.385400 8.838200 11.289700 7.856400 11.259700 11.227600 11.914700 12.211100 9.612700 7.766000 7.345400 8.127500 7.653100 7.735500 7.432900 7.247200 7.154500 7.129500 8.588000 8.329500 7.804500 
t_taxus    10.020000 8.909300 8.635500 10.746200 7.560000 10.833300 8.176500 11.363200 0.000000 4.977800 7.430600 11.725100 8.291800 11.695100 11.663000 12.350100 12.646500 10.593300 8.746600 8.326000 9.108100 8.633700 8.716100 8.413500 8.227800 8.135100 8.110100 9.568600 9.310100 8.785100 
v_velox    5.042200 3.931500 3.657700 5.768400 2.582200 5.855500 3.198700 6.385400 4.977800 0.000000 2.452800 6.747300 3.314000 6.717300 6.685200 7.372300 7.668700 5.615500 3.768800 3.348200 4.130300 3.655900 3.738300 3.435700 3.250000 3.157300 3.132300 4.590800 4.332300 3.807300 
u_americanus7.495000 6.384300 6.110500 8.221200 5.035000 8.308300 5.651500 8.838200 7.430600 2.452800 0.000000 9.200100 5.766800 9.170100 9.138000 9.825100 10.121500 8.068300 6.221600 5.801000 6.583100 6.108700 6.191100 5.888500 5.702800 5.610100 5.585100 7.043600 6.785100 6.260100 
s_putorius9.946500 8.835800 8.562000 10.672700 7.486500 10.759800 8.103000 11.289700 11.725100 6.747300 9.200100 0.000000 3.433300 11.035400 11.003300 11.690400 11.986800 10.519800 8.673100 8.252500 9.034600 8.560200 8.642600 8.340000 8.154300 8.061600 8.036600 9.495100 9.236600 8.711600 
s_pygmaea  6.513200 5.402500 5.128700 7.239400 4.053200 7.326500 4.669700 7.856400 8.291800 3.314000 5.766800 3.433300 0.000000 7.602100 7.570000 8.257100 8.553500 7.086500 5.239800 4.819200 5.601300 5.126900 5.209300 4.906700 4.721000 4.628300 4.603300 6.061800 5.803300 5.278300 
h_yaguarondi9.916500 8.805800 8.532000 10.642700 7.456500 10.729800 8.073000 11.259700 11.695100 6.717300 9.170100 11.035400 7.602100 0.000000 8.799900 9.868000 10.164400 10.489800 8.643100 8.222500 9.004600 8.530200 8.612600 8.310000 8.124300 8.031600 8.006600 9.465100 9.206600 8.681600 
n_narica   9.884400 8.773700 8.499900 10.610600 7.424400 10.697700 8.040900 11.227600 11.663000 6.685200 9.138000 11.003300 7.570000 8.799900 0.000000 9.835900 10.132300 10.457700 8.611000 8.190400 8.972500 8.498100 8.580500 8.277900 8.092200 7.999500 7.974500 9.433000 9.174500 8.649500 
u_arctos   10.571500 9.460800 9.187000 11.297700 8.111500 11.384800 8.728000 11.914700 12.350100 7.372300 9.825100 11.690400 8.257100 9.868000 9.835900 0.000000 9.999400 11.144800 9.298100 8.877500 9.659600 9.185200 9.267600 8.965000 8.779300 8.686600 8.661600 10.120100 9.861600 9.336600 
v_vulpes   10.867900 9.757200 9.483400 11.594100 8.407900 11.681200 9.024400 12.211100 12.646500 7.668700 10.121500 11.986800 8.553500 10.164400 10.132300 9.999400 0.000000 11.441200 9.594500 9.173900 9.956000 9.481600 9.564000 9.261400 9.075700 8.983000 8.958000 10.416500 10.158000 9.633000 
m_vison    8.039100 6.928400 6.885000 8.995700 5.809500 9.082800 6.426000 9.612700 10.593300 5.615500 8.068300 10.519800 7.086500 10.489800 10.457700 11.144800 11.441200 0.000000 1.846700 6.073500 6.855600 6.381200 6.463600 6.161000 5.975300 5.882600 5.857600 7.316100 7.057600 6.532600 
p_onca     6.192400 5.081700 5.038300 7.149000 3.962800 7.236100 4.579300 7.766000 8.746600 3.768800 6.221600 8.673100 5.239800 8.643100 8.611000 9.298100 9.594500 1.846700 0.000000 4.226800 5.008900 4.534500 4.616900 4.314300 4.128600 4.035900 4.010900 5.469400 5.210900 4.685900 
l_canadensis5.771800 4.661100 4.617700 6.728400 3.542200 6.815500 4.158700 7.345400 8.326000 3.348200 5.801000 8.252500 4.819200 8.222500 8.190400 8.877500 9.173900 6.073500 4.226800 0.000000 1.200900 1.808500 2.137100 2.263900 2.078200 1.985500 1.960500 3.419000 3.160500 2.635500 
m_pennanti6.553900 5.443200 5.399800 7.510500 4.324300 7.597600 4.940800 8.127500 9.108100 4.130300 6.583100 9.034600 5.601300 9.004600 8.972500 9.659600 9.956000 6.855600 5.008900 1.200900 0.000000 2.590600 2.919200 3.046000 2.860300 2.767600 2.742600 4.201100 3.942600 3.417600 
l_rufus    6.079500 4.968800 4.925400 7.036100 3.849900 7.123200 4.466400 7.653100 8.633700 3.655900 6.108700 8.560200 5.126900 8.530200 8.498100 9.185200 9.481600 6.381200 4.534500 1.808500 2.590600 0.000000 2.444800 2.571600 2.385900 2.293200 2.268200 3.726700 3.468200 2.943200 
l_canadensis6.161900 5.051200 5.007800 7.118500 3.932300 7.205600 4.548800 7.735500 8.716100 3.738300 6.191100 8.642600 5.209300 8.612600 8.580500 9.267600 9.564000 6.463600 4.616900 2.137100 2.919200 2.444800 0.000000 2.654000 2.468300 2.375600 2.350600 3.809100 3.550600 3.025600 
m_erminea  5.859300 4.748600 4.705200 6.815900 3.629700 6.903000 4.246200 7.432900 8.413500 3.435700 5.888500 8.340000 4.906700 8.310000 8.277900 8.965000 9.261400 6.161000 4.314300 2.263900 3.046000 2.571600 2.654000 0.000000 0.999900 1.355400 1.330400 3.091900 3.248000 2.723000 
m_frenata  5.673600 4.562900 4.519500 6.630200 3.444000 6.717300 4.060500 7.247200 8.227800 3.250000 5.702800 8.154300 4.721000 8.124300 8.092200 8.779300 9.075700 5.975300 4.128600 2.078200 2.860300 2.385900 2.468300 0.999900 0.000000 1.169700 1.144700 2.906200 3.062300 2.537300 
m_mephitis5.580900 4.470200 4.426800 6.537500 3.351300 6.624600 3.967800 7.154500 8.135100 3.157300 5.610100 8.061600 4.628300 8.031600 7.999500 8.686600 8.983000 5.882600 4.035900 1.985500 2.767600 2.293200 2.375600 1.355400 1.169700 0.000000 0.700000 2.813500 2.969600 2.444600 
m_nivalis  5.555900 4.445200 4.401800 6.512500 3.326300 6.599600 3.942800 7.129500 8.110100 3.132300 5.585100 8.036600 4.603300 8.006600 7.974500 8.661600 8.958000 5.857600 4.010900 1.960500 2.742600 2.268200 2.350600 1.330400 1.144700 0.700000 0.000000 2.788500 2.944600 2.419600 
g_gulo     7.014400 5.903700 5.860300 7.971000 4.784800 8.058100 5.401300 8.588000 9.568600 4.590800 7.043600 9.495100 6.061800 9.465100 9.433000 10.120100 10.416500 7.316100 5.469400 3.419000 4.201100 3.726700 3.809100 3.091900 2.906200 2.813500 2.788500 0.000000 4.403100 3.878100 
m_americana6.755900 5.645200 5.601800 7.712500 4.526300 7.799600 5.142800 8.329500 9.310100 4.332300 6.785100 9.236600 5.803300 9.206600 9.174500 9.861600 10.158000 7.057600 5.210900 3.160500 3.942600 3.468200 3.550600 3.248000 3.062300 2.969600 2.944600 4.403100 0.000000 2.699800 
u_littoralis6.230900 5.120200 5.076800 7.187500 4.001300 7.274600 4.617800 7.804500 8.785100 3.807300 6.260100 8.711600 5.278300 8.681600 8.649500 9.336600 9.633000 6.532600 4.685900 2.635500 3.417600 2.943200 3.025600 2.723000 2.537300 2.444600 2.419600 3.878100 2.699800 0.000000 

