

STATISTIQUES



MATRICE DES DISTANCES RF NORMALISEES
 	prec_0.24_0.83	prec_0.83_0.9	prec_0.9_0.92	prec_0.92_0.93	prec_0.93_0.94	prec_0.94_0.95	prec_0.95_0.96	prec_0.96_0.97	prec_0.97_0.98	prec_0.98_0.99	prec_0.99_1.0	prec_1.0_1.1	prec_1.1_1.2	prec_1.2_1.3	prec_1.3_1.4	temp_1064_1345	temp_121_155	temp_12_120	temp_1345_1614	temp_155_201	temp_1614_1871	temp_1871_2278	temp_201_249	temp_2287_6065	temp_249_304	temp_304_372	temp_372_467	temp_467_588	temp_588_764	temp_764_1064	
adenosine_A3_receptor	0.8571428571428571	0.9642857142857143	1.0	1.0	0.9285714285714286	1.0	0.8214285714285714	1.0	0.9642857142857143	1.0	0.8571428571428571	0.9285714285714286	0.8928571428571429	0.8928571428571429	0.8928571428571429	0.8928571428571429	1.0	1.0	1.0	1.0	0.9642857142857143	0.8928571428571429	0.9642857142857143	1.0	0.9642857142857143	1.0	0.9285714285714286	1.0	0.9642857142857143	0.9642857142857143	
NADH_dehydrogenase_subunit_1	0.7727272727272727	0.9090909090909091	0.9090909090909091	1.0	1.0	1.0	0.9090909090909091	1.0	0.9545454545454546	1.0	0.9090909090909091	0.9090909090909091	0.9090909090909091	0.9090909090909091	0.9090909090909091	1.0	0.9090909090909091	1.0	1.0	1.0	0.9545454545454546	0.9090909090909091	0.9545454545454546	1.0	0.9090909090909091	0.8181818181818182	1.0	1.0	1.0	1.0	
Retinoid_Binding_Protein	0.8125	0.9375	0.9375	1.0	1.0	1.0	0.9375	1.0	0.96875	1.0	0.8125	0.9375	0.90625	0.9375	0.9375	0.9375	1.0	0.90625	0.9375	1.0	0.9375	0.90625	0.96875	1.0	0.90625	0.9375	1.0	1.0	0.90625	0.96875	
adenosine_A3_receptor1	0.8571428571428571	0.8928571428571429	0.9285714285714286	1.0	1.0	1.0	0.8928571428571429	1.0	0.9642857142857143	1.0	1.0	1.0	0.8928571428571429	0.8928571428571429	0.9642857142857143	0.8928571428571429	1.0	0.9285714285714286	0.9285714285714286	1.0	0.9642857142857143	0.8928571428571429	0.9642857142857143	1.0	0.9642857142857143	1.0	1.0	1.0	0.8928571428571429	0.9642857142857143	
NADH_Dehydrogenase_Subunit_2	0.8333333333333334	0.9333333333333333	0.8666666666666667	1.0	1.0	1.0	0.9	1.0	0.9666666666666667	1.0	0.8	0.8666666666666667	0.7666666666666667	0.7666666666666667	0.7666666666666667	0.9	1.0	1.0	0.9333333333333333	1.0	0.9666666666666667	0.9	0.9666666666666667	1.0	0.9	0.8666666666666667	