9
m_pennanti0.000000 200.000000 374.000000 374.000000 471.000000 471.000000 371.000000 393.000000 393.000000 
g_gulo     200.000000 0.000000 374.000000 374.000000 471.000000 471.000000 371.000000 393.000000 393.000000 
l_rufus    374.000000 374.000000 0.000000 200.000000 387.000000 387.000000 287.000000 377.000000 377.000000 
p_lotor    374.000000 374.000000 200.000000 0.000000 387.000000 387.000000 287.000000 377.000000 377.000000 
c_latrans  471.000000 471.000000 387.000000 387.000000 0.000000 200.000000 300.000000 474.000000 474.000000 
c_lupus    471.000000 471.000000 387.000000 387.000000 200.000000 0.000000 300.000000 474.000000 474.000000 
s_putorius371.000000 371.000000 287.000000 287.000000 300.000000 300.000000 0.000000 374.000000 374.000000 
u_american393.000000 393.000000 377.000000 377.000000 474.000000 474.000000 374.000000 0.000000 200.000000 
u_arctos   393.000000 393.000000 377.000000 377.000000 474.000000 474.000000 374.000000 200.000000 0.000000 

30
b_astutus  0.000000 0.877500 0.887400 0.975800 0.939000 0.932900 0.978100 0.917500 0.932800 0.914100 0.926600 0.928400 0.957000 0.966700 0.976900 0.946800 0.967500 0.968600 0.986900 0.988500 0.988500 0.988500 0.988500 0.988500 0.988500 0.988500 0.988500 0.988500 0.988500 0.988500 
c_lupus    0.877500 0.000000 0.913500 1.001900 0.965100 0.959000 1.004200 0.943600 0.958900 0.940200 0.952700 0.954500 0.983100 0.992800 1.003000 0.972900 0.993600 0.994700 1.013000 1.014600 1.014600 1.014600 1.014600 1.014600 1.014600 1.014600 1.014600 1.014600 1.014600 1.014600 
c_latrans  0.887400 0.913500 0.000000 0.608000 0.811800 0.805700 0.850900 0.790300 0.805600 0.786900 0.799400 0.801200 0.829800 0.929100 0.939300 0.909200 0.929900 0.931000 0.949300 0.950900 0.950900 0.950900 0.950900 0.950900 0.950900 0.950900 0.950900 0.950900 0.950900 0.950900 
g_gulo     0.975800 1.001900 0.608000 0.000000 0.900200 0.894100 0.939300 0.878700 0.894000 0.875300 0.887800 0.889600 0.918200 1.017500 1.027700 0.997600 1.018300 1.019400 1.037700 1.039300 1.039300 1.039300 1.039300 1.039300 1.039300 1.039300 1.039300 1.039300 1.039300 1.039300 
c_leuconotus0.939000 0.965100 0.811800 0.900200 0.000000 0.707500 0.840100 0.779500 0.794800 0.776100 0.788600 0.790400 0.819000 0.980700 0.990900 0.960800 0.981500 0.982600 1.000900 1.002500 1.002500 1.002500 1.002500 1.002500 1.002500 1.002500 1.002500 1.002500 1.002500 1.002500 
m_vison    0.932900 0.959000 0.805700 0.894100 0.707500 0.000000 0.834000 0.773400 0.788700 0.770000 0.782500 0.784300 0.812900 0.974600 0.984800 0.954700 0.975400 0.976500 0.994800 0.996400 0.996400 0.996400 0.996400 0.996400 0.996400 0.996400 0.996400 0.996400 0.996400 0.996400 
m_frenata  0.978100 1.004200 0.850900 0.939300 0.840100 0.834000 0.000000 0.374400 0.524300 0.589600 0.602100 0.782700 0.811300 1.019800 1.030000 0.999900 1.020600 1.021700 1.040000 1.041600 1.041600 1.041600 1.041600 1.041600 1.041600 1.041600 1.041600 1.041600 1.041600 1.041600 
p_lotor    0.917500 0.943600 0.790300 0.878700 0.779500 0.773400 0.374400 0.000000 0.463700 0.529000 0.541500 0.722100 0.750700 0.959200 0.969400 0.939300 0.960000 0.961100 0.979400 0.981000 0.981000 0.981000 0.981000 0.981000 0.981000 0.981000 0.981000 0.981000 0.981000 0.981000 
p_onca     0.932800 0.958900 0.805600 0.894000 0.794800 0.788700 0.524300 0.463700 0.000000 0.544300 0.556800 0.737400 0.766000 0.974500 0.984700 0.954600 0.975300 0.976400 0.994700 0.996300 0.996300 0.996300 0.996300 0.996300 0.996300 0.996300 0.996300 0.996300 0.996300 0.996300 
h_yaguarondi0.914100 0.940200 0.786900 0.875300 0.776100 0.770000 0.589600 0.529000 0.544300 0.000000 0.432900 0.718700 0.747300 0.955800 0.966000 0.935900 0.956600 0.957700 0.976000 0.977600 0.977600 0.977600 0.977600 0.977600 0.977600 0.977600 0.977600 0.977600 0.977600 0.977600 
n_narica   0.926600 0.952700 0.799400 0.887800 0.788600 0.782500 0.602100 0.541500 0.556800 0.432900 0.000000 0.731200 0.759800 0.968300 0.978500 0.948400 0.969100 0.970200 0.988500 0.990100 0.990100 0.990100 0.990100 0.990100 0.990100 0.990100 0.990100 0.990100 0.990100 0.990100 
l_pardalis0.928400 0.954500 0.801200 0.889600 0.790400 0.784300 0.782700 0.722100 0.737400 0.718700 0.731200 0.000000 0.245600 0.970100 0.980300 0.950200 0.970900 0.972000 0.990300 0.991900 0.991900 0.991900 0.991900 0.991900 0.991900 0.991900 0.991900 0.991900 0.991900 0.991900 
m_erminea  0.957000 0.983100 0.829800 0.918200 0.819000 0.812900 0.811300 0.750700 0.766000 0.747300 0.759800 0.245600 0.000000 0.998700 1.008900 0.978800 0.999500 1.000600 1.018900 1.020500 1.020500 1.020500 1.020500 1.020500 1.020500 1.020500 1.020500 1.020500 1.020500 1.020500 
ly_canaden0.966700 0.992800 0.929100 1.017500 0.980700 0.974600 1.019800 0.959200 0.974500 0.955800 0.968300 0.970100 0.998700 0.000000 0.994400 0.964300 0.985000 0.986100 1.004400 1.006000 1.006000 1.006000 1.006000 1.006000 1.006000 1.006000 1.006000 1.006000 1.006000 1.006000 
p_concolor0.976900 1.003000 0.939300 1.027700 0.990900 0.984800 1.030000 0.969400 0.984700 0.966000 0.978500 0.980300 1.008900 0.994400 0.000000 0.906500 0.991800 0.992900 1.011200 1.012800 1.012800 1.012800 1.012800 1.012800 1.012800 1.012800 1.012800 1.012800 1.012800 1.012800 
s_putorius0.946800 0.972900 0.909200 0.997600 0.960800 0.954700 0.999900 0.939300 0.954600 0.935900 0.948400 0.950200 0.978800 0.964300 0.906500 0.000000 0.961700 0.962800 0.981100 0.982700 0.982700 0.982700 0.982700 0.982700 0.982700 0.982700 0.982700 0.982700 0.982700 0.982700 
l_rufus    0.967500 0.993600 0.929900 1.018300 0.981500 0.975400 1.020600 0.960000 0.975300 0.956600 0.969100 0.970900 0.999500 0.985000 0.991800 0.961700 0.000000 0.970700 1.001800 1.003400 1.003400 1.003400 1.003400 1.003400 1.003400 1.003400 1.003400 1.003400 1.003400 1.003400 
s_pygmaea  0.968600 0.994700 0.931000 1.019400 0.982600 0.976500 1.021700 0.961100 0.976400 0.957700 0.970200 0.972000 1.000600 0.986100 0.992900 0.962800 0.970700 0.000000 1.002900 1.004500 1.004500 1.004500 1.004500 1.004500 1.004500 1.004500 1.004500 1.004500 1.004500 1.004500 
a_lagopus  0.986900 1.013000 0.949300 1.037700 1.000900 0.994800 1.040000 0.979400 0.994700 0.976000 0.988500 0.990300 1.018900 1.004400 1.011200 0.981100 1.001800 1.002900 0.000000 1.000000 1.000000 1.000000 1.000000 1.000000 1.000000 1.000000 1.000000 1.000000 1.000000 1.000000 
m_mephitis0.988500 1.014600 0.950900 1.039300 1.002500 0.996400 1.041600 0.981000 0.996300 0.977600 0.990100 0.991900 1.020500 1.006000 1.012800 0.982700 1.003400 1.004500 1.000000 0.000000 1.000000 1.000000 1.000000 1.000000 1.000000 1.000000 1.000000 1.000000 1.000000 1.000000 
u_americanus0.988500 1.014600 0.950900 1.039300 1.002500 0.996400 1.041600 0.981000 0.996300 0.977600 0.990100 0.991900 1.020500 1.006000 1.012800 0.982700 1.003400 1.004500 1.000000 1.000000 0.000000 1.000000 1.000000 1.000000 1.000000 1.000000 1.000000 1.000000 1.000000 1.000000 
v_velox    0.988500 1.014600 0.950900 1.039300 1.002500 0.996400 1.041600 0.981000 0.996300 0.977600 0.990100 0.991900 1.020500 1.006000 1.012800 0.982700 1.003400 1.004500 1.000000 1.000000 1.000000 0.000000 1.000000 1.000000 1.000000 1.000000 1.000000 1.000000 1.000000 1.000000 
t_taxus    0.988500 1.014600 0.950900 1.039300 1.002500 0.996400 1.041600 0.981000 0.996300 0.977600 0.990100 0.991900 1.020500 1.006000 1.012800 0.982700 1.003400 1.004500 1.000000 1.000000 1.000000 1.000000 0.000000 1.000000 1.000000 1.000000 1.000000 1.000000 1.000000 1.000000 
v_vulpes   0.988500 1.014600 0.950900 1.039300 1.002500 0.996400 1.041600 0.981000 0.996300 0.977600 0.990100 0.991900 1.020500 1.006000 1.012800 0.982700 1.003400 1.004500 1.000000 1.000000 1.000000 1.000000 1.000000 0.000000 1.000000 1.000000 1.000000 1.000000 1.000000 1.000000 
u_arctos   0.988500 1.014600 0.950900 1.039300 1.002500 0.996400 1.041600 0.981000 0.996300 0.977600 0.990100 0.991900 1.020500 1.006000 1.012800 0.982700 1.003400 1.004500 1.000000 1.000000 1.000000 1.000000 1.000000 1.000000 0.000000 1.000000 1.000000 1.000000 1.000000 1.000000 
lo_canaden0.988500 1.014600 0.950900 1.039300 1.002500 0.996400 1.041600 0.981000 0.996300 0.977600 0.990100 0.991900 1.020500 1.006000 1.012800 0.982700 1.003400 1.004500 1.000000 1.000000 1.000000 1.000000 1.000000 1.000000 1.000000 0.000000 1.000000 1.000000 1.000000 1.000000 
u_littoralis0.988500 1.014600 0.950900 1.039300 1.002500 0.996400 1.041600 0.981000 0.996300 0.977600 0.990100 0.991900 1.020500 1.006000 1.012800 0.982700 1.003400 1.004500 1.000000 1.000000 1.000000 1.000000 1.000000 1.000000 1.000000 1.000000 0.000000 1.000000 1.000000 1.000000 
m_nivalis  0.988500 1.014600 0.950900 1.039300 1.002500 0.996400 1.041600 0.981000 0.996300 0.977600 0.990100 0.991900 1.020500 1.006000 1.012800 0.982700 1.003400 1.004500 1.000000 1.000000 1.000000 1.000000 1.000000 1.000000 1.000000 1.000000 1.000000 0.000000 1.000000 1.000000 
m_americana0.988500 1.014600 0.950900 1.039300 1.002500 0.996400 1.041600 0.981000 0.996300 0.977600 0.990100 0.991900 1.020500 1.006000 1.012800 0.982700 1.003400 1.004500 1.000000 1.000000 1.000000 1.000000 1.000000 1.000000 1.000000 1.000000 1.000000 1.000000 0.000000 1.000000 
m_pennanti0.988500 1.014600 0.950900 1.039300 1.002500 0.996400 1.041600 0.981000 0.996300 0.977600 0.990100 0.991900 1.020500 1.006000 1.012800 0.982700 1.003400 1.004500 1.000000 1.000000 1.000000 1.000000 1.000000 1.000000 1.000000 1.000000 1.000000 1.000000 1.000000 0.000000 

