20
g_gulo     0.000000 200.000000 258.000000 276.000000 304.000000 404.000000 404.000000 383.000000 414.000000 706.000000 706.000000 636.000000 634.000000 634.000000 587.000000 587.000000 514.000000 575.000000 575.000000 442.000000 
m_erminea  200.000000 0.000000 258.000000 276.000000 304.000000 404.000000 404.000000 383.000000 414.000000 706.000000 706.000000 636.000000 634.000000 634.000000 587.000000 587.000000 514.000000 575.000000 575.000000 442.000000 
n_vison    258.000000 258.000000 0.000000 218.000000 246.000000 346.000000 346.000000 325.000000 356.000000 648.000000 648.000000 578.000000 576.000000 576.000000 529.000000 529.000000 456.000000 517.000000 517.000000 384.000000 
m_nivalis  276.000000 276.000000 218.000000 0.000000 228.000000 328.000000 328.000000 307.000000 338.000000 630.000000 630.000000 560.000000 558.000000 558.000000 511.000000 511.000000 438.000000 499.000000 499.000000 366.000000 
m_american304.000000 304.000000 246.000000 228.000000 0.000000 300.000000 300.000000 279.000000 310.000000 602.000000 602.000000 532.000000 530.000000 530.000000 483.000000 483.000000 410.000000 471.000000 471.000000 338.000000 
lo_canaden404.000000 404.000000 346.000000 328.000000 300.000000 0.000000 200.000000 303.000000 334.000000 626.000000 626.000000 556.000000 554.000000 554.000000 507.000000 507.000000 434.000000 495.000000 495.000000 362.000000 
m_frenata  404.000000 404.000000 346.000000 328.000000 300.000000 200.000000 0.000000 303.000000 334.000000 626.000000 626.000000 556.000000 554.000000 554.000000 507.000000 507.000000 434.000000 495.000000 495.000000 362.000000 
m_pennanti383.000000 383.000000 325.000000 307.000000 279.000000 303.000000 303.000000 0.000000 231.000000 523.000000 523.000000 453.000000 451.000000 451.000000 404.000000 404.000000 331.000000 392.000000 392.000000 259.000000 
u_arctos   414.000000 414.000000 356.000000 338.000000 310.000000 334.000000 334.000000 231.000000 0.000000 492.000000 492.000000 422.000000 420.000000 420.000000 373.000000 373.000000 300.000000 361.000000 361.000000 228.000000 
l_pardalis706.000000 706.000000 648.000000 630.000000 602.000000 626.000000 626.000000 523.000000 492.000000 0.000000 200.000000 270.000000 464.000000 464.000000 581.000000 581.000000 508.000000 569.000000 569.000000 464.000000 
ly_canaden706.000000 706.000000 648.000000 630.000000 602.000000 626.000000 626.000000 523.000000 492.000000 200.000000 0.000000 270.000000 464.000000 464.000000 581.000000 581.000000 508.000000 569.000000 569.000000 464.000000 
p_onca     636.000000 636.000000 578.000000 560.000000 532.000000 556.000000 556.000000 453.000000 422.000000 270.000000 270.000000 0.000000 394.000000 394.000000 511.000000 511.000000 438.000000 499.000000 499.000000 394.000000 
c_lupus    634.000000 634.000000 576.000000 558.000000 530.000000 554.000000 554.000000 451.000000 420.000000 464.000000 464.000000 394.000000 0.000000 200.000000 509.000000 509.000000 436.000000 497.000000 497.000000 392.000000 
v_lagopus  634.000000 634.000000 576.000000 558.000000 530.000000 554.000000 554.000000 451.000000 420.000000 464.000000 464.000000 394.000000 200.000000 0.000000 509.000000 509.000000 436.000000 497.000000 497.000000 392.000000 
p_lotor    587.000000 587.000000 529.000000 511.000000 483.000000 507.000000 507.000000 404.000000 373.000000 581.000000 581.000000 511.000000 509.000000 509.000000 0.000000 200.000000 273.000000 404.000000 404.000000 345.000000 
b_astutus  587.000000 587.000000 529.000000 511.000000 483.000000 507.000000 507.000000 404.000000 373.000000 581.000000 581.000000 511.000000 509.000000 509.000000 200.000000 0.000000 273.000000 404.000000 404.000000 345.000000 
n_narica   514.000000 514.000000 456.000000 438.000000 410.000000 434.000000 434.000000 331.000000 300.000000 508.000000 508.000000 438.000000 436.000000 436.000000 273.000000 273.000000 0.000000 331.000000 331.000000 272.000000 
s_putorius575.000000 575.000000 517.000000 499.000000 471.000000 495.000000 495.000000 392.000000 361.000000 569.000000 569.000000 499.000000 497.000000 497.000000 404.000000 404.000000 331.000000 0.000000 200.000000 333.000000 
m_mephitis575.000000 575.000000 517.000000 499.000000 471.000000 495.000000 495.000000 392.000000 361.000000 569.000000 569.000000 499.000000 497.000000 497.000000 404.000000 404.000000 331.000000 200.000000 0.000000 333.000000 
t_taxus    442.000000 442.000000 384.000000 366.000000 338.000000 362.000000 362.000000 259.000000 228.000000 464.000000 464.000000 394.000000 392.000000 392.000000 345.000000 345.000000 272.000000 333.000000 333.000000 0.000000 

30
m_vison    0.000000 2.455700 7.820300 9.067000 9.144500 9.698000 9.548000 9.392700 9.779100 10.073200 9.684800 10.281500 10.398400 10.270700 9.925600 8.378000 8.942500 8.673000 9.296200 8.836700 7.487900 9.530500 8.430200 8.128200 8.735900 8.408200 8.401000 9.029700 8.591000 8.726800 
v_velox    2.455700 0.000000 5.690000 6.936700 7.014200 7.567700 7.417700 7.262400 7.648800 7.942900 7.554500 8.151200 8.268100 8.140400 7.795300 6.247700 6.812200 6.542700 7.165900 6.706400 5.357600 7.400200 6.299900 5.997900 6.605600 6.277900 6.270700 6.899400 6.460700 6.596500 
u_americanus7.820300 5.690000 0.000000 9.198500 9.276000 9.829500 9.679500 9.524200 9.910600 10.204700 9.816300 10.413000 10.529900 10.402200 10.057100 8.509500 9.074000 8.804500 9.427700 8.968200 7.619400 9.662000 8.561700 8.259700 8.867400 8.539700 8.532500 9.161200 8.722500 8.858300 
m_americana9.067000 6.936700 9.198500 0.000000 9.110300 9.663800 9.513800 9.358500 9.744900 10.039000 9.650600 10.247300 10.364200 10.236500 9.891400 8.343800 8.908300 8.638800 9.262000 8.802500 7.453700 9.496300 8.396000 8.094000 8.701700 8.374000 8.366800 8.995500 8.556800 8.692600 
c_lupus    9.144500 7.014200 9.276000 9.110300 0.000000 7.075900 8.670700 8.737200 9.123600 9.502700 9.114300 9.711000 9.827900 9.700200 9.912500 8.364900 8.929400 8.659900 9.283100 8.823600 7.474800 9.517400 8.417100 8.115100 8.722800 8.395100 8.387900 9.016600 8.577900 8.713700 
c_leuconotus9.698000 7.567700 9.829500 9.663800 7.075900 0.000000 9.224200 9.290700 9.677100 10.056200 9.667800 10.264500 10.381400 10.253700 10.466000 8.918400 9.482900 9.213400 9.836600 9.377100 8.028300 10.070900 8.970600 8.668600 9.276300 8.948600 8.941400 9.570100 9.131400 9.267200 
a_lagopus  9.548000 7.417700 9.679500 9.513800 8.670700 9.224200 0.000000 9.140700 9.527100 9.906200 9.517800 10.114500 10.231400 10.103700 10.316000 8.768400 9.332900 9.063400 9.686600 9.227100 7.878300 9.920900 8.820600 8.518600 9.126300 8.798600 8.791400 9.420100 8.981400 9.117200 
g_gulo     9.392700 7.262400 9.524200 9.358500 8.737200 9.290700 9.140700 0.000000 7.719600 9.750900 9.362500 9.959200 10.076100 9.948400 10.160700 8.613100 9.177600 8.908100 9.531300 9.071800 7.723000 9.765600 8.665300 8.363300 8.971000 8.643300 8.636100 9.264800 8.826100 8.961900 
l_pardalis9.779100 7.648800 9.910600 9.744900 9.123600 9.677100 9.527100 7.719600 0.000000 10.137300 9.748900 10.345600 10.462500 10.334800 10.547100 8.999500 9.564000 9.294500 9.917700 9.458200 8.109400 10.152000 9.051700 8.749700 9.357400 9.029700 9.022500 9.651200 9.212500 9.348300 
t_taxus    10.073200 7.942900 10.204700 10.039000 9.502700 10.056200 9.906200 9.750900 10.137300 0.000000 8.421000 10.090700 10.207600 10.079900 10.841200 9.293600 9.858100 9.588600 10.211800 9.752300 8.403500 10.446100 9.345800 9.043800 9.651500 9.323800 9.316600 9.945300 9.506600 9.642400 
u_arctos   9.684800 7.554500 9.816300 9.650600 9.114300 9.667800 9.517800 9.362500 9.748900 8.421000 0.000000 9.702300 9.819200 9.691500 10.452800 8.905200 9.469700 9.200200 9.823400 9.363900 8.015100 10.057700 8.957400 8.655400 9.263100 8.935400 8.928200 9.556900 9.118200 9.254000 
h_yaguarondi10.281500 8.151200 10.413000 10.247300 9.711000 10.264500 10.114500 9.959200 10.345600 10.090700 9.702300 0.000000 10.000100 9.941400 11.049500 9.501900 10.066400 9.796900 10.420100 9.960600 8.611800 10.654400 9.554100 9.252100 9.859800 9.532100 9.524900 10.153600 9.714900 9.850700 
v_vulpes   10.398400 8.268100 10.529900 10.364200 9.827900 10.381400 10.231400 10.076100 10.462500 10.207600 9.819200 10.000100 0.000000 10.058300 11.166400 9.618800 10.183300 9.913800 10.537000 10.077500 8.728700 10.771300 9.671000 9.369000 9.976700 9.649000 9.641800 10.270500 9.831800 9.967600 
n_narica   10.270700 8.140400 10.402200 10.236500 9.700200 10.253700 10.103700 9.948400 10.334800 10.079900 9.691500 9.941400 10.058300 0.000000 11.038700 9.491100 10.055600 9.786100 10.409300 9.949800 8.601000 10.643600 9.543300 9.241300 9.849000 9.521300 9.514100 10.142800 9.704100 9.839900 
s_putorius9.925600 7.795300 10.057100 9.891400 9.912500 10.466000 10.316000 10.160700 10.547100 10.841200 10.452800 11.049500 11.166400 11.038700 0.000000 5.614200 8.993300 8.723800 9.878400 9.418900 8.070100 10.112700 9.012400 8.710400 9.318100 8.990400 8.983200 9.611900 9.173200 9.309000 
s_pygmaea  8.378000 6.247700 8.509500 8.343800 8.364900 8.918400 8.768400 8.613100 8.999500 9.293600 8.905200 9.501900 9.618800 9.491100 5.614200 0.000000 7.445700 7.176200 8.330800 7.871300 6.522500 8.565100 7.464800 7.162800 7.770500 7.442800 7.435600 8.064300 7.625600 7.761400 
p_lotor    8.942500 6.812200 9.074000 8.908300 8.929400 9.482900 9.332900 9.177600 9.564000 9.858100 9.469700 10.066400 10.183300 10.055600 8.993300 7.445700 0.000000 5.379900 8.895300 8.435800 7.087000 9.129600 8.029300 7.727300 8.335000 8.007300 8.000100 8.628800 8.190100 8.325900 
p_concolor8.673000 6.542700 8.804500 8.638800 8.659900 9.213400 9.063400 8.908100 9.294500 9.588600 9.200200 9.796900 9.913800 9.786100 8.723800 7.176200 5.379900 0.000000 8.625800 8.166300 6.817500 8.860100 7.759800 7.457800 8.065500 7.737800 7.730600 8.359300 7.920600 8.056400 
b_astutus  9.296200 7.165900 9.427700 9.262000 9.283100 9.836600 9.686600 9.531300 9.917700 10.211800 9.823400 10.420100 10.537000 10.409300 9.878400 8.330800 8.895300 8.625800 0.000000 7.602100 7.331500 9.374100 8.273800 7.971800 8.579500 8.251800 8.244600 8.873300 8.434600 8.570400 
l_canadensis8.836700 6.706400 8.968200 8.802500 8.823600 9.377100 9.227100 9.071800 9.458200 9.752300 9.363900 9.960600 10.077500 9.949800 9.418900 7.871300 8.435800 8.166300 7.602100 0.000000 6.872000 8.914600 7.814300 7.512300 8.120000 7.792300 7.785100 8.413800 7.975100 8.110900 
c_latrans  7.487900 5.357600 7.619400 7.453700 7.474800 8.028300 7.878300 7.723000 8.109400 8.403500 8.015100 8.611800 8.728700 8.601000 8.070100 6.522500 7.087000 6.817500 7.331500 6.872000 0.000000 2.690200 4.855500 4.974700 5.582400 5.254700 5.247500 5.876200 6.097700 6.233500 
m_pennanti9.530500 7.400200 9.662000 9.496300 9.517400 10.070900 9.920900 9.765600 10.152000 10.446100 10.057700 10.654400 10.771300 10.643600 10.112700 8.565100 9.129600 8.860100 9.374100 8.914600 2.690200 0.000000 6.898100 7.017300 7.625000 7.297300 7.290100 7.918800 8.140300 8.276100 
l_rufus    8.430200 6.299900 8.561700 8.396000 8.417100 8.970600 8.820600 8.665300 9.051700 9.345800 8.957400 9.554100 9.671000 9.543300 9.012400 7.464800 8.029300 7.759800 8.273800 7.814300 4.855500 6.898100 0.000000 5.917000 6.524700 6.197000 6.189800 6.818500 7.040000 7.175800 
m_mephitis8.128200 5.997900 8.259700 8.094000 8.115100 8.668600 8.518600 8.363300 8.749700 9.043800 8.655400 9.252100 9.369000 9.241300 8.710400 7.162800 7.727300 7.457800 7.971800 7.512300 4.974700 7.017300 5.917000 0.000000 3.274900 4.871400 5.218200 5.846900 6.738000 6.873800 
m_erminea  8.735900 6.605600 8.867400 8.701700 8.722800 9.276300 9.126300 8.971000 9.357400 9.651500 9.263100 9.859800 9.976700 9.849000 9.318100 7.770500 8.335000 8.065500 8.579500 8.120000 5.582400 7.625000 6.524700 3.274900 0.000000 5.479100 5.825900 6.454600 7.345700 7.481500 
m_nivalis  8.408200 6.277900 8.539700 8.374000 8.395100 8.948600 8.798600 8.643300 9.029700 9.323800 8.935400 9.532100 9.649000 9.521300 8.990400 7.442800 8.007300 7.737800 8.251800 7.792300 5.254700 7.297300 6.197000 4.871400 5.479100 0.000000 5.498200 6.126900 7.018000 7.153800 
m_frenata  8.401000 6.270700 8.532500 8.366800 8.387900 8.941400 8.791400 8.636100 9.022500 9.316600 8.928200 9.524900 9.641800 9.514100 8.983200 7.435600 8.000100 7.730600 8.244600 7.785100 5.247500 7.290100 6.189800 5.218200 5.825900 5.498200 0.000000 3.391700 7.010800 7.146600 
p_onca     9.029700 6.899400 9.161200 8.995500 9.016600 9.570100 9.420100 9.264800 9.651200 9.945300 9.556900 10.153600 10.270500 10.142800 9.611900 8.064300 8.628800 8.359300 8.873300 8.413800 5.876200 7.918800 6.818500 5.846900 6.454600 6.126900 3.391700 0.000000 7.639500 7.775300 
l_canadensis8.591000 6.460700 8.722500 8.556800 8.577900 9.131400 8.981400 8.826100 9.212500 9.506600 9.118200 9.714900 9.831800 9.704100 9.173200 7.625600 8.190100 7.920600 8.434600 7.975100 6.097700 8.140300 7.040000 6.738000 7.345700 7.018000 7.010800 7.639500 0.000000 6.257200 
u_littoralis8.726800 6.596500 8.858300 8.692600 8.713700 9.267200 9.117200 8.961900 9.348300 9.642400 9.254000 9.850700 9.967600 9.839900 9.309000 7.761400 8.325900 8.056400 8.570400 8.110900 6.233500 8.276100 7.175800 6.873800 7.481500 7.153800 7.146600 7.775300 6.257200 0.000000 

