19
p_concolor0.000000 200.000000 265.000000 315.000000 544.000000 544.000000 471.000000 585.000000 585.000000 682.000000 682.000000 582.000000 483.000000 652.000000 652.000000 609.000000 560.000000 577.000000 577.000000 
p_onca     200.000000 0.000000 265.000000 315.000000 544.000000 544.000000 471.000000 585.000000 585.000000 682.000000 682.000000 582.000000 483.000000 652.000000 652.000000 609.000000 560.000000 577.000000 577.000000 
ly_canaden265.000000 265.000000 0.000000 250.000000 479.000000 479.000000 406.000000 520.000000 520.000000 617.000000 617.000000 517.000000 418.000000 587.000000 587.000000 544.000000 495.000000 512.000000 512.000000 
l_rufus    315.000000 315.000000 250.000000 0.000000 429.000000 429.000000 356.000000 470.000000 470.000000 567.000000 567.000000 467.000000 368.000000 537.000000 537.000000 494.000000 445.000000 462.000000 462.000000 
m_mephitis544.000000 544.000000 479.000000 429.000000 0.000000 200.000000 273.000000 511.000000 511.000000 608.000000 608.000000 508.000000 409.000000 578.000000 578.000000 535.000000 486.000000 503.000000 503.000000 
s_putorius544.000000 544.000000 479.000000 429.000000 200.000000 0.000000 273.000000 511.000000 511.000000 608.000000 608.000000 508.000000 409.000000 578.000000 578.000000 535.000000 486.000000 503.000000 503.000000 
t_taxus    471.000000 471.000000 406.000000 356.000000 273.000000 273.000000 0.000000 438.000000 438.000000 535.000000 535.000000 435.000000 336.000000 505.000000 505.000000 462.000000 413.000000 430.000000 430.000000 
u_arctos   585.000000 585.000000 520.000000 470.000000 511.000000 511.000000 438.000000 0.000000 200.000000 497.000000 497.000000 397.000000 382.000000 551.000000 551.000000 508.000000 459.000000 476.000000 476.000000 
u_american585.000000 585.000000 520.000000 470.000000 511.000000 511.000000 438.000000 200.000000 0.000000 497.000000 497.000000 397.000000 382.000000 551.000000 551.000000 508.000000 459.000000 476.000000 476.000000 
c_lupus    682.000000 682.000000 617.000000 567.000000 608.000000 608.000000 535.000000 497.000000 497.000000 0.000000 200.000000 300.000000 479.000000 648.000000 648.000000 605.000000 556.000000 573.000000 573.000000 
c_latrans  682.000000 682.000000 617.000000 567.000000 608.000000 608.000000 535.000000 497.000000 497.000000 200.000000 0.000000 300.000000 479.000000 648.000000 648.000000 605.000000 556.000000 573.000000 573.000000 
v_lagopus  582.000000 582.000000 517.000000 467.000000 508.000000 508.000000 435.000000 397.000000 397.000000 300.000000 300.000000 0.000000 379.000000 548.000000 548.000000 505.000000 456.000000 473.000000 473.000000 
p_lotor    483.000000 483.000000 418.000000 368.000000 409.000000 409.000000 336.000000 382.000000 382.000000 479.000000 479.000000 379.000000 0.000000 369.000000 369.000000 326.000000 277.000000 294.000000 294.000000 
lo_canaden652.000000 652.000000 587.000000 537.000000 578.000000 578.000000 505.000000 551.000000 551.000000 648.000000 648.000000 548.000000 369.000000 0.000000 200.000000 243.000000 292.000000 377.000000 377.000000 
m_nivalis  652.000000 652.000000 587.000000 537.000000 578.000000 578.000000 505.000000 551.000000 551.000000 648.000000 648.000000 548.000000 369.000000 200.000000 0.000000 243.000000 292.000000 377.000000 377.000000 
n_vison    609.000000 609.000000 544.000000 494.000000 535.000000 535.000000 462.000000 508.000000 508.000000 605.000000 605.000000 505.000000 326.000000 243.000000 243.000000 0.000000 249.000000 334.000000 334.000000 
m_american560.000000 560.000000 495.000000 445.000000 486.000000 486.000000 413.000000 459.000000 459.000000 556.000000 556.000000 456.000000 277.000000 292.000000 292.000000 249.000000 0.000000 285.000000 285.000000 
g_gulo     577.000000 577.000000 512.000000 462.000000 503.000000 503.000000 430.000000 476.000000 476.000000 573.000000 573.000000 473.000000 294.000000 377.000000 377.000000 334.000000 285.000000 0.000000 200.000000 
m_pennanti577.000000 577.000000 512.000000 462.000000 503.000000 503.000000 430.000000 476.000000 476.000000 573.000000 573.000000 473.000000 294.000000 377.000000 377.000000 334.000000 285.000000 200.000000 0.000000 

30
ly_canaden0.000000 0.602300 0.533100 0.676800 0.569000 0.689500 0.653600 0.647900 0.694200 0.655400 0.666700 0.742500 0.891800 0.667300 0.893700 0.839200 0.861200 0.894200 0.766900 0.921300 0.906200 0.890100 0.884800 0.824700 0.994400 0.929400 0.993000 1.008000 1.020700 1.004100 
l_rufus    0.602300 0.000000 0.496000 0.639700 0.531900 0.652400 0.616500 0.610800 0.657100 0.618300 0.629600 0.705400 0.854700 0.630200 0.856600 0.802100 0.824100 0.857100 0.729800 0.884200 0.869100 0.853000 0.847700 0.787600 0.957300 0.892300 0.955900 0.970900 0.983600 0.967000 
c_latrans  0.533100 0.496000 0.000000 0.344900 0.450300 0.570800 0.534900 0.529200 0.575500 0.536700 0.548000 0.623800 0.773100 0.548600 0.775000 0.720500 0.742500 0.775500 0.648200 0.802600 0.787500 0.771400 0.766100 0.706000 0.875700 0.810700 0.874300 0.889300 0.902000 0.885400 
m_pennanti0.676800 0.639700 0.344900 0.000000 0.594000 0.714500 0.678600 0.672900 0.719200 0.680400 0.691700 0.767500 0.916800 0.692300 0.918700 0.864200 0.886200 0.919200 0.791900 0.946300 0.931200 0.915100 0.909800 0.849700 1.019400 0.954400 1.018000 1.033000 1.045700 1.029100 
m_mephitis0.569000 0.531900 0.450300 0.594000 0.000000 0.415300 0.554600 0.548900 0.595200 0.556400 0.567700 0.643500 0.792800 0.568300 0.794700 0.740200 0.762200 0.795200 0.667900 0.822300 0.807200 0.791100 0.785800 0.725700 0.895400 0.830400 0.894000 0.909000 0.921700 0.905100 
p_onca     0.689500 0.652400 0.570800 0.714500 0.415300 0.000000 0.675100 0.669400 0.715700 0.676900 0.688200 0.764000 0.913300 0.688800 0.915200 0.860700 0.882700 0.915700 0.788400 0.942800 0.927700 0.911600 0.906300 0.846200 1.015900 0.950900 1.014500 1.029500 1.042200 1.025600 
lo_canaden0.653600 0.616500 0.534900 0.678600 0.554600 0.675100 0.000000 0.345100 0.586200 0.547400 0.558700 0.634500 0.838400 0.613900 0.840300 0.785800 0.807800 0.840800 0.713500 0.867900 0.852800 0.836700 0.831400 0.771300 0.941000 0.876000 0.939600 0.954600 0.967300 0.950700 
m_frenata  0.647900 0.610800 0.529200 0.672900 0.548900 0.669400 0.345100 0.000000 0.580500 0.541700 0.553000 0.628800 0.832700 0.608200 0.834600 0.780100 0.802100 0.835100 0.707800 0.862200 0.847100 0.831000 0.825700 0.765600 0.935300 0.870300 0.933900 0.948900 0.961600 0.945000 
m_erminea  0.694200 0.657100 0.575500 0.719200 0.595200 0.715700 0.586200 0.580500 0.000000 0.315600 0.455100 0.675100 0.879000 0.654500 0.880900 0.826400 0.848400 0.881400 0.754100 0.908500 0.893400 0.877300 0.872000 0.811900 0.981600 0.916600 0.980200 0.995200 1.007900 0.991300 
m_nivalis  0.655400 0.618300 0.536700 0.680400 0.556400 0.676900 0.547400 0.541700 0.315600 0.000000 0.416300 0.636300 0.840200 0.615700 0.842100 0.787600 0.809600 0.842600 0.715300 0.869700 0.854600 0.838500 0.833200 0.773100 0.942800 0.877800 0.941400 0.956400 0.969100 0.952500 
u_littoralis0.666700 0.629600 0.548000 0.691700 0.567700 0.688200 0.558700 0.553000 0.455100 0.416300 0.000000 0.647600 0.851500 0.627000 0.853400 0.798900 0.820900 0.853900 0.726600 0.881000 0.865900 0.849800 0.844500 0.784400 0.954100 0.889100 0.952700 0.967700 0.980400 0.963800 
m_americana0.742500 0.705400 0.623800 0.767500 0.643500 0.764000 0.634500 0.628800 0.675100 0.636300 0.647600 0.000000 0.927300 0.702800 0.929200 0.874700 0.896700 0.929700 0.802400 0.956800 0.941700 0.925600 0.920300 0.860200 1.029900 0.964900 1.028500 1.043500 1.056200 1.039600 
m_vison    0.891800 0.854700 0.773100 0.916800 0.792800 0.913300 0.838400 0.832700 0.879000 0.840200 0.851500 0.927300 0.000000 0.309700 0.717900 0.867400 0.936000 0.969000 0.841700 0.996100 0.981000 0.964900 0.959600 0.899500 1.069200 1.004200 1.067800 1.082800 1.095500 1.078900 
v_velox    0.667300 0.630200 0.548600 0.692300 0.568300 0.688800 0.613900 0.608200 0.654500 0.615700 0.627000 0.702800 0.309700 0.000000 0.493400 0.642900 0.711500 0.744500 0.617200 0.771600 0.756500 0.740400 0.735100 0.675000 0.844700 0.779700 0.843300 0.858300 0.871000 0.854400 
u_americanus0.893700 0.856600 0.775000 0.918700 0.794700 0.915200 0.840300 0.834600 0.880900 0.842100 0.853400 0.929200 0.717900 0.493400 0.000000 0.869300 0.937900 0.970900 0.843600 0.998000 0.982900 0.966800 0.961500 0.901400 1.071100 1.006100 1.069700 1.084700 1.097400 1.080800 
g_gulo     0.839200 0.802100 0.720500 0.864200 0.740200 0.860700 0.785800 0.780100 0.826400 0.787600 0.798900 0.874700 0.867400 0.642900 0.869300 0.000000 0.883400 0.916400 0.789100 0.943500 0.928400 0.912300 0.907000 0.846900 1.016600 0.951600 1.015200 1.030200 1.042900 1.026300 
a_lagopus  0.861200 0.824100 0.742500 0.886200 0.762200 0.882700 0.807800 0.802100 0.848400 0.809600 0.820900 0.896700 0.936000 0.711500 0.937900 0.883400 0.000000 0.648800 0.713300 0.867700 0.916200 0.900100 0.894800 0.834700 1.004400 0.939400 1.003000 1.018000 1.030700 1.014100 
c_leuconotus0.894200 0.857100 0.775500 0.919200 0.795200 0.915700 0.840800 0.835100 0.881400 0.842600 0.853900 0.929700 0.969000 0.744500 0.970900 0.916400 0.648800 0.000000 0.746300 0.900700 0.949200 0.933100 0.927800 0.867700 1.037400 0.972400 1.036000 1.051000 1.063700 1.047100 
c_lupus    0.766900 0.729800 0.648200 0.791900 0.667900 0.788400 0.713500 0.707800 0.754100 0.715300 0.726600 0.802400 0.841700 0.617200 0.843600 0.789100 0.713300 0.746300 0.000000 0.462200 0.821900 0.805800 0.800500 0.740400 0.910100 0.845100 0.908700 0.923700 0.936400 0.919800 
l_pardalis0.921300 0.884200 0.802600 0.946300 0.822300 0.942800 0.867900 0.862200 0.908500 0.869700 0.881000 0.956800 0.996100 0.771600 0.998000 0.943500 0.867700 0.900700 0.462200 0.000000 0.976300 0.960200 0.954900 0.894800 1.064500 0.999500 1.063100 1.078100 1.090800 1.074200 
b_astutus  0.906200 0.869100 0.787500 0.931200 0.807200 0.927700 0.852800 0.847100 0.893400 0.854600 0.865900 0.941700 0.981000 0.756500 0.982900 0.928400 0.916200 0.949200 0.821900 0.976300 0.000000 0.736900 0.742800 0.682700 0.976800 0.911800 0.975400 0.990400 1.003100 0.986500 
p_concolor0.890100 0.853000 0.771400 0.915100 0.791100 0.911600 0.836700 0.831000 0.877300 0.838500 0.849800 0.925600 0.964900 0.740400 0.966800 0.912300 0.900100 0.933100 0.805800 0.960200 0.736900 0.000000 0.726700 0.666600 0.960700 0.895700 0.959300 0.974300 0.987000 0.970400 
p_lotor    0.884800 0.847700 0.766100 0.909800 0.785800 0.906300 0.831400 0.825700 0.872000 0.833200 0.844500 0.920300 0.959600 0.735100 0.961500 0.907000 0.894800 0.927800 0.800500 0.954900 0.742800 0.726700 0.000000 0.467900 0.955400 0.890400 0.954000 0.969000 0.981700 0.965100 
s_pygmaea  0.824700 0.787600 0.706000 0.849700 0.725700 0.846200 0.771300 0.765600 0.811900 0.773100 0.784400 0.860200 0.899500 0.675000 0.901400 0.846900 0.834700 0.867700 0.740400 0.894800 0.682700 0.666600 0.467900 0.000000 0.895300 0.830300 0.893900 0.908900 0.921600 0.905000 
t_taxus    0.994400 0.957300 0.875700 1.019400 0.895400 1.015900 0.941000 0.935300 0.981600 0.942800 0.954100 1.029900 1.069200 0.844700 1.071100 1.016600 1.004400 1.037400 0.910100 1.064500 0.976800 0.960700 0.955400 0.895300 0.000000 0.771800 0.924400 1.014000 1.026700 1.010100 
u_arctos   0.929400 0.892300 0.810700 0.954400 0.830400 0.950900 0.876000 0.870300 0.916600 0.877800 0.889100 0.964900 1.004200 0.779700 1.006100 0.951600 0.939400 0.972400 0.845100 0.999500 0.911800 0.895700 0.890400 0.830300 0.771800 0.000000 0.859400 0.949000 0.961700 0.945100 
s_putorius0.993000 0.955900 0.874300 1.018000 0.894000 1.014500 0.939600 0.933900 0.980200 0.941400 0.952700 1.028500 1.067800 0.843300 1.069700 1.015200 1.003000 1.036000 0.908700 1.063100 0.975400 0.959300 0.954000 0.893900 0.924400 0.859400 0.000000 1.012600 1.025300 1.008700 
n_narica   1.008000 0.970900 0.889300 1.033000 0.909000 1.029500 0.954600 0.948900 0.995200 0.956400 0.967700 1.043500 1.082800 0.858300 1.084700 1.030200 1.018000 1.051000 0.923700 1.078100 0.990400 0.974300 0.969000 0.908900 1.014000 0.949000 1.012600 0.000000 0.999900 0.993700 
v_vulpes   1.020700 0.983600 0.902000 1.045700 0.921700 1.042200 0.967300 0.961600 1.007900 0.969100 0.980400 1.056200 1.095500 0.871000 1.097400 1.042900 1.030700 1.063700 0.936400 1.090800 1.003100 0.987000 0.981700 0.921600 1.026700 0.961700 1.025300 0.999900 0.000000 1.006400 
h_yaguarondi1.004100 0.967000 0.885400 1.029100 0.905100 1.025600 0.950700 0.945000 0.991300 0.952500 0.963800 1.039600 1.078900 0.854400 1.080800 1.026300 1.014100 1.047100 0.919800 1.074200 0.986500 0.970400 0.965100 0.905000 1.010100 0.945100 1.008700 0.993700 1.006400 0.000000 

