18
s_putorius0.000000 200.000000 490.000000 490.000000 392.000000 536.000000 536.000000 455.000000 587.000000 587.000000 539.000000 613.000000 613.000000 539.000000 487.000000 554.000000 554.000000 454.000000 
m_mephitis200.000000 0.000000 490.000000 490.000000 392.000000 536.000000 536.000000 455.000000 587.000000 587.000000 539.000000 613.000000 613.000000 539.000000 487.000000 554.000000 554.000000 454.000000 
c_lupus    490.000000 490.000000 0.000000 200.000000 298.000000 628.000000 628.000000 547.000000 679.000000 679.000000 631.000000 705.000000 705.000000 631.000000 579.000000 646.000000 646.000000 546.000000 
c_latrans  490.000000 490.000000 200.000000 0.000000 298.000000 628.000000 628.000000 547.000000 679.000000 679.000000 631.000000 705.000000 705.000000 631.000000 579.000000 646.000000 646.000000 546.000000 
v_lagopus  392.000000 392.000000 298.000000 298.000000 0.000000 530.000000 530.000000 449.000000 581.000000 581.000000 533.000000 607.000000 607.000000 533.000000 481.000000 548.000000 548.000000 448.000000 
ly_canaden536.000000 536.000000 628.000000 628.000000 530.000000 0.000000 200.000000 281.000000 613.000000 613.000000 565.000000 639.000000 639.000000 565.000000 513.000000 580.000000 580.000000 480.000000 
l_rufus    536.000000 536.000000 628.000000 628.000000 530.000000 200.000000 0.000000 281.000000 613.000000 613.000000 565.000000 639.000000 639.000000 565.000000 513.000000 580.000000 580.000000 480.000000 
p_concolor455.000000 455.000000 547.000000 547.000000 449.000000 281.000000 281.000000 0.000000 532.000000 532.000000 484.000000 558.000000 558.000000 484.000000 432.000000 499.000000 499.000000 399.000000 
m_american587.000000 587.000000 679.000000 679.000000 581.000000 613.000000 613.000000 532.000000 0.000000 200.000000 248.000000 382.000000 382.000000 308.000000 300.000000 539.000000 539.000000 439.000000 
lo_canaden587.000000 587.000000 679.000000 679.000000 581.000000 613.000000 613.000000 532.000000 200.000000 0.000000 248.000000 382.000000 382.000000 308.000000 300.000000 539.000000 539.000000 439.000000 
g_gulo     539.000000 539.000000 631.000000 631.000000 533.000000 565.000000 565.000000 484.000000 248.000000 248.000000 0.000000 334.000000 334.000000 260.000000 252.000000 491.000000 491.000000 391.000000 
m_nivalis  613.000000 613.000000 705.000000 705.000000 607.000000 639.000000 639.000000 558.000000 382.000000 382.000000 334.000000 0.000000 200.000000 274.000000 326.000000 565.000000 565.000000 465.000000 
n_vison    613.000000 613.000000 705.000000 705.000000 607.000000 639.000000 639.000000 558.000000 382.000000 382.000000 334.000000 200.000000 0.000000 274.000000 326.000000 565.000000 565.000000 465.000000 
m_pennanti539.000000 539.000000 631.000000 631.000000 533.000000 565.000000 565.000000 484.000000 308.000000 308.000000 260.000000 274.000000 274.000000 0.000000 252.000000 491.000000 491.000000 391.000000 
t_taxus    487.000000 487.000000 579.000000 579.000000 481.000000 513.000000 513.000000 432.000000 300.000000 300.000000 252.000000 326.000000 326.000000 252.000000 0.000000 439.000000 439.000000 339.000000 
u_arctos   554.000000 554.000000 646.000000 646.000000 548.000000 580.000000 580.000000 499.000000 539.000000 539.000000 491.000000 565.000000 565.000000 491.000000 439.000000 0.000000 200.000000 300.000000 
u_american554.000000 554.000000 646.000000 646.000000 548.000000 580.000000 580.000000 499.000000 539.000000 539.000000 491.000000 565.000000 565.000000 491.000000 439.000000 200.000000 0.000000 300.000000 
p_lotor    454.000000 454.000000 546.000000 546.000000 448.000000 480.000000 480.000000 399.000000 439.000000 439.000000 391.000000 465.000000 465.000000 391.000000 339.000000 300.000000 300.000000 0.000000 

30
b_astutus  0.000000 0.615200 0.855800 0.772500 0.882900 0.859700 0.879900 0.814300 0.816300 0.917100 0.669600 0.751200 0.847900 0.822000 0.785300 0.875500 0.881800 0.861400 0.876700 0.884500 0.871000 0.895300 0.961100 0.836700 0.861600 0.983400 0.804500 0.941200 0.986100 1.000200 
ly_canaden0.615200 0.000000 0.876600 0.793300 0.903700 0.880500 0.900700 0.835100 0.837100 0.937900 0.690400 0.772000 0.868700 0.842800 0.806100 0.896300 0.902600 0.882200 0.897500 0.905300 0.891800 0.916100 0.981900 0.857500 0.882400 1.004200 0.825300 0.962000 1.006900 1.021000 
l_pardalis0.855800 0.876600 0.000000 0.527500 0.860900 0.837700 0.857900 0.792300 0.794300 0.895100 0.647600 0.729200 0.886100 0.860200 0.823500 0.913700 0.920000 0.899600 0.914900 0.922700 0.909200 0.933500 0.999300 0.874900 0.899800 1.021600 0.842700 0.979400 1.024300 1.038400 
m_erminea  0.772500 0.793300 0.527500 0.000000 0.777600 0.754400 0.774600 0.709000 0.711000 0.811800 0.564300 0.645900 0.802800 0.776900 0.740200 0.830400 0.836700 0.816300 0.831600 0.839400 0.825900 0.850200 0.916000 0.791600 0.816500 0.938300 0.759400 0.896100 0.941000 0.955100 
h_yaguarondi0.882900 0.903700 0.860900 0.777600 0.000000 0.648400 0.709400 0.797800 0.799800 0.900600 0.653100 0.734700 0.913200 0.887300 0.850600 0.940800 0.947100 0.926700 0.942000 0.949800 0.936300 0.960600 1.026400 0.902000 0.926900 1.048700 0.869800 1.006500 1.051400 1.065500 
m_vison    0.859700 0.880500 0.837700 0.754400 0.648400 0.000000 0.686200 0.774600 0.776600 0.877400 0.629900 0.711500 0.890000 0.864100 0.827400 0.917600 0.923900 0.903500 0.918800 0.926600 0.913100 0.937400 1.003200 0.878800 0.903700 1.025500 0.846600 0.983300 1.028200 1.042300 
c_leuconotus0.879900 0.900700 0.857900 0.774600 0.709400 0.686200 0.000000 0.794800 0.796800 0.897600 0.650100 0.731700 0.910200 0.884300 0.847600 0.937800 0.944100 0.923700 0.939000 0.946800 0.933300 0.957600 1.023400 0.899000 0.923900 1.045700 0.866800 1.003500 1.048400 1.062500 
m_frenata  0.814300 0.835100 0.792300 0.709000 0.797800 0.774600 0.794800 0.000000 0.373600 0.696800 0.523300 0.604900 0.844600 0.818700 0.782000 0.872200 0.878500 0.858100 0.873400 0.881200 0.867700 0.892000 0.957800 0.833400 0.858300 0.980100 0.801200 0.937900 0.982800 0.996900 
p_onca     0.816300 0.837100 0.794300 0.711000 0.799800 0.776600 0.796800 0.373600 0.000000 0.698800 0.525300 0.606900 0.846600 0.820700 0.784000 0.874200 0.880500 0.860100 0.875400 0.883200 0.869700 0.894000 0.959800 0.835400 0.860300 0.982100 0.803200 0.939900 0.984800 0.998900 
n_narica   0.917100 0.937900 0.895100 0.811800 0.900600 0.877400 0.897600 0.696800 0.698800 0.000000 0.626100 0.707700 0.947400 0.921500 0.884800 0.975000 0.981300 0.960900 0.976200 0.984000 0.970500 0.994800 1.060600 0.936200 0.961100 1.082900 0.904000 1.040700 1.085600 1.099700 
c_latrans  0.669600 0.690400 0.647600 0.564300 0.653100 0.629900 0.650100 0.523300 0.525300 0.626100 0.000000 0.329400 0.699900 0.674000 0.637300 0.727500 0.733800 0.713400 0.728700 0.736500 0.723000 0.747300 0.813100 0.688700 0.713600 0.835400 0.656500 0.793200 0.838100 0.852200 
p_lotor    0.751200 0.772000 0.729200 0.645900 0.734700 0.711500 0.731700 0.604900 0.606900 0.707700 0.329400 0.000000 0.781500 0.755600 0.718900 0.809100 0.815400 0.795000 0.810300 0.818100 0.804600 0.828900 0.894700 0.770300 0.795200 0.917000 0.738100 0.874800 0.919700 0.933800 
p_concolor0.847900 0.868700 0.886100 0.802800 0.913200 0.890000 0.910200 0.844600 0.846600 0.947400 0.699900 0.781500 0.000000 0.560300 0.650400 0.835200 0.891300 0.870900 0.886200 0.894000 0.880500 0.904800 0.970600 0.846200 0.871100 0.992900 0.814000 0.950700 0.995600 1.009700 
s_pygmaea  0.822000 0.842800 0.860200 0.776900 0.887300 0.864100 0.884300 0.818700 0.820700 0.921500 0.674000 0.755600 0.560300 0.000000 0.624500 0.809300 0.865400 0.845000 0.860300 0.868100 0.854600 0.878900 0.944700 0.820300 0.845200 0.967000 0.788100 0.924800 0.969700 0.983800 
l_rufus    0.785300 0.806100 0.823500 0.740200 0.850600 0.827400 0.847600 0.782000 0.784000 0.884800 0.637300 0.718900 0.650400 0.624500 0.000000 0.772600 0.828700 0.808300 0.823600 0.831400 0.817900 0.842200 0.908000 0.783600 0.808500 0.930300 0.751400 0.888100 0.933000 0.947100 
m_pennanti0.875500 0.896300 0.913700 0.830400 0.940800 0.917600 0.937800 0.872200 0.874200 0.975000 0.727500 0.809100 0.835200 0.809300 0.772600 0.000000 0.918900 0.898500 0.913800 0.921600 0.908100 0.932400 0.998200 0.873800 0.898700 1.020500 0.841600 0.978300 1.023200 1.037300 
m_americana0.881800 0.902600 0.920000 0.836700 0.947100 0.923900 0.944100 0.878500 0.880500 0.981300 0.733800 0.815400 0.891300 0.865400 0.828700 0.918900 0.000000 0.615400 0.779700 0.787500 0.774000 0.798300 0.886100 0.761700 0.810000 0.978200 0.799300 0.936000 0.980900 0.995000 
m_mephitis0.861400 0.882200 0.899600 0.816300 0.926700 0.903500 0.923700 0.858100 0.860100 0.960900 0.713400 0.795000 0.870900 0.845000 0.808300 0.898500 0.615400 0.000000 0.759300 0.767100 0.753600 0.777900 0.865700 0.741300 0.789600 0.957800 0.778900 0.915600 0.960500 0.974600 
c_lupus    0.876700 0.897500 0.914900 0.831600 0.942000 0.918800 0.939000 0.873400 0.875400 0.976200 0.728700 0.810300 0.886200 0.860300 0.823600 0.913800 0.779700 0.759300 0.000000 0.681200 0.695500 0.719800 0.881000 0.756600 0.804900 0.973100 0.794200 0.930900 0.975800 0.989900 
u_americanus0.884500 0.905300 0.922700 0.839400 0.949800 0.926600 0.946800 0.881200 0.883200 0.984000 0.736500 0.818100 0.894000 0.868100 0.831400 0.921600 0.787500 0.767100 0.681200 0.000000 0.703300 0.727600 0.888800 0.764400 0.812700 0.980900 0.802000 0.938700 0.983600 0.997700 
lo_canaden0.871000 0.891800 0.909200 0.825900 0.936300 0.913100 0.933300 0.867700 0.869700 0.970500 0.723000 0.804600 0.880500 0.854600 0.817900 0.908100 0.774000 0.753600 0.695500 0.703300 0.000000 0.648300 0.875300 0.750900 0.799200 0.967400 0.788500 0.925200 0.970100 0.984200 
m_nivalis  0.895300 0.916100 0.933500 0.850200 0.960600 0.937400 0.957600 0.892000 0.894000 0.994800 0.747300 0.828900 0.904800 0.878900 0.842200 0.932400 0.798300 0.777900 0.719800 0.727600 0.648300 0.000000 0.899600 0.775200 0.823500 0.991700 0.812800 0.949500 0.994400 1.008500 
u_arctos   0.961100 0.981900 0.999300 0.916000 1.026400 1.003200 1.023400 0.957800 0.959800 1.060600 0.813100 0.894700 0.970600 0.944700 0.908000 0.998200 0.886100 0.865700 0.881000 0.888800 0.875300 0.899600 0.000000 0.670200 0.889300 1.057500 0.878600 1.015300 1.060200 1.074300 
v_velox    0.836700 0.857500 0.874900 0.791600 0.902000 0.878800 0.899000 0.833400 0.835400 0.936200 0.688700 0.770300 0.846200 0.820300 0.783600 0.873800 0.761700 0.741300 0.756600 0.764400 0.750900 0.775200 0.670200 0.000000 0.764900 0.933100 0.754200 0.890900 0.935800 0.949900 
g_gulo     0.861600 0.882400 0.899800 0.816500 0.926900 0.903700 0.923900 0.858300 0.860300 0.961100 0.713600 0.795200 0.871100 0.845200 0.808500 0.898700 0.810000 0.789600 0.804900 0.812700 0.799200 0.823500 0.889300 0.764900 0.000000 0.958000 0.779100 0.915800 0.960700 0.974800 
t_taxus    0.983400 1.004200 1.021600 0.938300 1.048700 1.025500 1.045700 0.980100 0.982100 1.082900 0.835400 0.917000 0.992900 0.967000 0.930300 1.020500 0.978200 0.957800 0.973100 0.980900 0.967400 0.991700 1.057500 0.933100 0.958000 0.000000 0.747300 0.957600 1.061100 1.075200 
u_littoralis0.804500 0.825300 0.842700 0.759400 0.869800 0.846600 0.866800 0.801200 0.803200 0.904000 0.656500 0.738100 0.814000 0.788100 0.751400 0.841600 0.799300 0.778900 0.794200 0.802000 0.788500 0.812800 0.878600 0.754200 0.779100 0.747300 0.000000 0.778700 0.882200 0.896300 
s_putorius0.941200 0.962000 0.979400 0.896100 1.006500 0.983300 1.003500 0.937900 0.939900 1.040700 0.793200 0.874800 0.950700 0.924800 0.888100 0.978300 0.936000 0.915600 0.930900 0.938700 0.925200 0.949500 1.015300 0.890900 0.915800 0.957600 0.778700 0.000000 1.018900 1.033000 
a_lagopus  0.986100 1.006900 1.024300 0.941000 1.051400 1.028200 1.048400 0.982800 0.984800 1.085600 0.838100 0.919700 0.995600 0.969700 0.933000 1.023200 0.980900 0.960500 0.975800 0.983600 0.970100 0.994400 1.060200 0.935800 0.960700 1.061100 0.882200 1.018900 0.000000 0.999900 
v_vulpes   1.000200 1.021000 1.038400 0.955100 1.065500 1.042300 1.062500 0.996900 0.998900 1.099700 0.852200 0.933800 1.009700 0.983800 0.947100 1.037300 0.995000 0.974600 0.989900 0.997700 0.984200 1.008500 1.074300 0.949900 0.974800 1.075200 0.896300 1.033000 0.999900 0.000000 

