19
u_arctos   0.000000 200.000000 652.000000 652.000000 601.000000 530.000000 493.000000 450.000000 398.000000 564.000000 564.000000 464.000000 535.000000 535.000000 489.000000 589.000000 761.000000 761.000000 679.000000 
u_american200.000000 0.000000 652.000000 652.000000 601.000000 530.000000 493.000000 450.000000 398.000000 564.000000 564.000000 464.000000 535.000000 535.000000 489.000000 589.000000 761.000000 761.000000 679.000000 
m_pennanti652.000000 652.000000 0.000000 200.000000 251.000000 322.000000 359.000000 402.000000 454.000000 816.000000 816.000000 716.000000 787.000000 787.000000 741.000000 841.000000 1013.000000 1013.000000 931.000000 
g_gulo     652.000000 652.000000 200.000000 0.000000 251.000000 322.000000 359.000000 402.000000 454.000000 816.000000 816.000000 716.000000 787.000000 787.000000 741.000000 841.000000 1013.000000 1013.000000 931.000000 
m_american601.000000 601.000000 251.000000 251.000000 0.000000 271.000000 308.000000 351.000000 403.000000 765.000000 765.000000 665.000000 736.000000 736.000000 690.000000 790.000000 962.000000 962.000000 880.000000 
m_nivalis  530.000000 530.000000 322.000000 322.000000 271.000000 0.000000 237.000000 280.000000 332.000000 694.000000 694.000000 594.000000 665.000000 665.000000 619.000000 719.000000 891.000000 891.000000 809.000000 
n_vison    493.000000 493.000000 359.000000 359.000000 308.000000 237.000000 0.000000 243.000000 295.000000 657.000000 657.000000 557.000000 628.000000 628.000000 582.000000 682.000000 854.000000 854.000000 772.000000 
lo_canaden450.000000 450.000000 402.000000 402.000000 351.000000 280.000000 243.000000 0.000000 252.000000 614.000000 614.000000 514.000000 585.000000 585.000000 539.000000 639.000000 811.000000 811.000000 729.000000 
t_taxus    398.000000 398.000000 454.000000 454.000000 403.000000 332.000000 295.000000 252.000000 0.000000 562.000000 562.000000 462.000000 533.000000 533.000000 487.000000 587.000000 759.000000 759.000000 677.000000 
c_latrans  564.000000 564.000000 816.000000 816.000000 765.000000 694.000000 657.000000 614.000000 562.000000 0.000000 200.000000 300.000000 571.000000 571.000000 525.000000 625.000000 797.000000 797.000000 715.000000 
c_lupus    564.000000 564.000000 816.000000 816.000000 765.000000 694.000000 657.000000 614.000000 562.000000 200.000000 0.000000 300.000000 571.000000 571.000000 525.000000 625.000000 797.000000 797.000000 715.000000 
v_lagopus  464.000000 464.000000 716.000000 716.000000 665.000000 594.000000 557.000000 514.000000 462.000000 300.000000 300.000000 0.000000 471.000000 471.000000 425.000000 525.000000 697.000000 697.000000 615.000000 
m_mephitis535.000000 535.000000 787.000000 787.000000 736.000000 665.000000 628.000000 585.000000 533.000000 571.000000 571.000000 471.000000 0.000000 200.000000 354.000000 454.000000 626.000000 626.000000 544.000000 
s_putorius535.000000 535.000000 787.000000 787.000000 736.000000 665.000000 628.000000 585.000000 533.000000 571.000000 571.000000 471.000000 200.000000 0.000000 354.000000 454.000000 626.000000 626.000000 544.000000 
p_lotor    489.000000 489.000000 741.000000 741.000000 690.000000 619.000000 582.000000 539.000000 487.000000 525.000000 525.000000 425.000000 354.000000 354.000000 0.000000 300.000000 472.000000 472.000000 390.000000 
p_onca     589.000000 589.000000 841.000000 841.000000 790.000000 719.000000 682.000000 639.000000 587.000000 625.000000 625.000000 525.000000 454.000000 454.000000 300.000000 0.000000 372.000000 372.000000 290.000000 
l_rufus    761.000000 761.000000 1013.000000 1013.000000 962.000000 891.000000 854.000000 811.000000 759.000000 797.000000 797.000000 697.000000 626.000000 626.000000 472.000000 372.000000 0.000000 200.000000 282.000000 
ly_canaden761.000000 761.000000 1013.000000 1013.000000 962.000000 891.000000 854.000000 811.000000 759.000000 797.000000 797.000000 697.000000 626.000000 626.000000 472.000000 372.000000 200.000000 0.000000 282.000000 
p_concolor679.000000 679.000000 931.000000 931.000000 880.000000 809.000000 772.000000 729.000000 677.000000 715.000000 715.000000 615.000000 544.000000 544.000000 390.000000 290.000000 282.000000 282.000000 0.000000 

30
c_latrans  0.000000 0.305300 0.558100 0.579600 0.501900 0.585000 0.494800 0.582900 0.473900 0.513600 0.585100 0.563500 0.571000 0.755500 0.556200 0.704200 0.796700 0.835400 0.846900 0.842500 0.815800 0.748900 0.742600 0.779800 0.575800 0.636900 0.724400 0.483600 0.705300 0.681800 
l_pardalis0.305300 0.000000 0.863400 0.884900 0.807200 0.890300 0.800100 0.888200 0.779200 0.818900 0.890400 0.868800 0.876300 1.060800 0.861500 1.009500 1.102000 1.140700 1.152200 1.147800 1.121100 1.054200 1.047900 1.085100 0.881100 0.942200 1.029700 0.788900 1.010600 0.987100 
m_frenata  0.558100 0.863400 0.000000 0.292300 0.613600 0.696700 0.606500 0.694600 0.585600 0.625300 0.696800 0.715200 0.722700 0.907200 0.707900 0.855900 0.948400 0.987100 0.998600 0.994200 0.967500 0.900600 0.894300 0.931500 0.727500 0.788600 0.876100 0.635300 0.857000 0.833500 
p_onca     0.579600 0.884900 0.292300 0.000000 0.635100 0.718200 0.628000 0.716100 0.607100 0.646800 0.718300 0.736700 0.744200 0.928700 0.729400 0.877400 0.969900 1.008600 1.020100 1.015700 0.989000 0.922100 0.915800 0.953000 0.749000 0.810100 0.897600 0.656800 0.878500 0.855000 
l_rufus    0.501900 0.807200 0.613600 0.635100 0.000000 0.298300 0.535500 0.623600 0.514600 0.554300 0.625800 0.659000 0.666500 0.851000 0.651700 0.799700 0.892200 0.930900 0.942400 0.938000 0.911300 0.844400 0.838100 0.875300 0.671300 0.732400 0.819900 0.579100 0.800800 0.777300 
m_pennanti0.585000 0.890300 0.696700 0.718200 0.298300 0.000000 0.618600 0.706700 0.597700 0.637400 0.708900 0.742100 0.749600 0.934100 0.734800 0.882800 0.975300 1.014000 1.025500 1.021100 0.994400 0.927500 0.921200 0.958400 0.754400 0.815500 0.903000 0.662200 0.883900 0.860400 
lo_canaden0.494800 0.800100 0.606500 0.628000 0.535500 0.618600 0.000000 0.473900 0.476700 0.516400 0.587900 0.651900 0.659400 0.843900 0.644600 0.792600 0.885100 0.923800 0.935300 0.930900 0.904200 0.837300 0.831000 0.868200 0.664200 0.725300 0.812800 0.572000 0.793700 0.770200 
ly_canaden0.582900 0.888200 0.694600 0.716100 0.623600 0.706700 0.473900 0.000000 0.564800 0.604500 0.676000 0.740000 0.747500 0.932000 0.732700 0.880700 0.973200 1.011900 1.023400 1.019000 0.992300 0.925400 0.919100 0.956300 0.752300 0.813400 0.900900 0.660100 0.881800 0.858300 
m_mephitis0.473900 0.779200 0.585600 0.607100 0.514600 0.597700 0.476700 0.564800 0.000000 0.268900 0.518200 0.631000 0.638500 0.823000 0.623700 0.771700 0.864200 0.902900 0.914400 0.910000 0.883300 0.816400 0.810100 0.847300 0.643300 0.704400 0.791900 0.551100 0.772800 0.749300 
m_erminea  0.513600 0.818900 0.625300 0.646800 0.554300 0.637400 0.516400 0.604500 0.268900 0.000000 0.557900 0.670700 0.678200 0.862700 0.663400 0.811400 0.903900 0.942600 0.954100 0.949700 0.923000 0.856100 0.849800 0.887000 0.683000 0.744100 0.831600 0.590800 0.812500 0.789000 
m_nivalis  0.585100 0.890400 0.696800 0.718300 0.625800 0.708900 0.587900 0.676000 0.518200 0.557900 0.000000 0.742200 0.749700 0.934200 0.734900 0.882900 0.975400 1.014100 1.025600 1.021200 0.994500 0.927600 0.921300 0.958500 0.754500 0.815600 0.903100 0.662300 0.884000 0.860500 
p_lotor    0.563500 0.868800 0.715200 0.736700 0.659000 0.742100 0.651900 0.740000 0.631000 0.670700 0.742200 0.000000 0.432700 0.822400 0.623100 0.815900 0.908400 0.947100 0.958600 0.954200 0.927500 0.860600 0.854300 0.891500 0.687500 0.748600 0.836100 0.595300 0.817000 0.793500 
p_concolor0.571000 0.876300 0.722700 0.744200 0.666500 0.749600 0.659400 0.747500 0.638500 0.678200 0.749700 0.432700 0.000000 0.829900 0.630600 0.823400 0.915900 0.954600 0.966100 0.961700 0.935000 0.868100 0.861800 0.899000 0.695000 0.756100 0.843600 0.602800 0.824500 0.801000 
s_putorius0.755500 1.060800 0.907200 0.928700 0.851000 0.934100 0.843900 0.932000 0.823000 0.862700 0.934200 0.822400 0.829900 0.000000 0.555900 1.007900 1.100400 1.139100 1.150600 1.146200 1.119500 1.052600 1.046300 1.083500 0.879500 0.940600 1.028100 0.787300 1.009000 0.985500 
s_pygmaea  0.556200 0.861500 0.707900 0.729400 0.651700 0.734800 0.644600 0.732700 0.623700 0.663400 0.734900 0.623100 0.630600 0.555900 0.000000 0.808600 0.901100 0.939800 0.951300 0.946900 0.920200 0.853300 0.847000 0.884200 0.680200 0.741300 0.828800 0.588000 0.809700 0.786200 
c_lupus    0.704200 1.009500 0.855900 0.877400 0.799700 0.882800 0.792600 0.880700 0.771700 0.811400 0.882900 0.815900 0.823400 1.007900 0.808600 0.000000 0.724900 0.937200 0.948700 0.944300 0.917600 0.878900 0.872600 0.995600 0.791600 0.852700 0.940200 0.699400 0.921100 0.897600 
c_leuconotus0.796700 1.102000 0.948400 0.969900 0.892200 0.975300 0.885100 0.973200 0.864200 0.903900 0.975400 0.908400 0.915900 1.100400 0.901100 0.724900 0.000000 1.029700 1.041200 1.036800 1.010100 0.971400 0.965100 1.088100 0.884100 0.945200 1.032700 0.791900 1.013600 0.990100 
n_narica   0.835400 1.140700 0.987100 1.008600 0.930900 1.014000 0.923800 1.011900 0.902900 0.942600 1.014100 0.947100 0.954600 1.139100 0.939800 0.937200 1.029700 0.000000 0.999100 0.994700 0.993800 1.010100 1.003800 1.126800 0.922800 0.983900 1.071400 0.830600 1.052300 1.028800 
v_vulpes   0.846900 1.152200 0.998600 1.020100 0.942400 1.025500 0.935300 1.023400 0.914400 0.954100 1.025600 0.958600 0.966100 1.150600 0.951300 0.948700 1.041200 0.999100 0.000000 1.006200 1.005300 1.021600 1.015300 1.138300 0.934300 0.995400 1.082900 0.842100 1.063800 1.040300 
h_yaguarondi0.842500 1.147800 0.994200 1.015700 0.938000 1.021100 0.930900 1.019000 0.910000 0.949700 1.021200 0.954200 0.961700 1.146200 0.946900 0.944300 1.036800 0.994700 1.006200 0.000000 1.000900 1.017200 1.010900 1.133900 0.929900 0.991000 1.078500 0.837700 1.059400 1.035900 
a_lagopus  0.815800 1.121100 0.967500 0.989000 0.911300 0.994400 0.904200 0.992300 0.883300 0.923000 0.994500 0.927500 0.935000 1.119500 0.920200 0.917600 1.010100 0.993800 1.005300 1.000900 0.000000 0.990500 0.984200 1.107200 0.903200 0.964300 1.051800 0.811000 1.032700 1.009200 
b_astutus  0.748900 1.054200 0.900600 0.922100 0.844400 0.927500 0.837300 0.925400 0.816400 0.856100 0.927600 0.860600 0.868100 1.052600 0.853300 0.878900 0.971400 1.010100 1.021600 1.017200 0.990500 0.000000 0.888900 1.040300 0.836300 0.897400 0.984900 0.744100 0.965800 0.942300 
u_arctos   0.742600 1.047900 0.894300 0.915800 0.838100 0.921200 0.831000 0.919100 0.810100 0.849800 0.921300 0.854300 0.861800 1.046300 0.847000 0.872600 0.965100 1.003800 1.015300 1.010900 0.984200 0.888900 0.000000 1.034000 0.830000 0.891100 0.978600 0.737800 0.959500 0.936000 
t_taxus    0.779800 1.085100 0.931500 0.953000 0.875300 0.958400 0.868200 0.956300 0.847300 0.887000 0.958500 0.891500 0.899000 1.083500 0.884200 0.995600 1.088100 1.126800 1.138300 1.133900 1.107200 1.040300 1.034000 0.000000 0.579200 0.890900 1.010600 0.769800 0.991500 0.968000 
u_littoralis0.575800 0.881100 0.727500 0.749000 0.671300 0.754400 0.664200 0.752300 0.643300 0.683000 0.754500 0.687500 0.695000 0.879500 0.680200 0.791600 0.884100 0.922800 0.934300 0.929900 0.903200 0.836300 0.830000 0.579200 0.000000 0.686900 0.806600 0.565800 0.787500 0.764000 
m_americana0.636900 0.942200 0.788600 0.810100 0.732400 0.815500 0.725300 0.813400 0.704400 0.744100 0.815600 0.748600 0.756100 0.940600 0.741300 0.852700 0.945200 0.983900 0.995400 0.991000 0.964300 0.897400 0.891100 0.890900 0.686900 0.000000 0.867700 0.626900 0.848600 0.825100 
m_vison    0.724400 1.029700 0.876100 0.897600 0.819900 0.903000 0.812800 0.900900 0.791900 0.831600 0.903100 0.836100 0.843600 1.028100 0.828800 0.940200 1.032700 1.071400 1.082900 1.078500 1.051800 0.984900 0.978600 1.010600 0.806600 0.867700 0.000000 0.368400 0.731700 0.909000 
v_velox    0.483600 0.788900 0.635300 0.656800 0.579100 0.662200 0.572000 0.660100 0.551100 0.590800 0.662300 0.595300 0.602800 0.787300 0.588000 0.699400 0.791900 0.830600 0.842100 0.837700 0.811000 0.744100 0.737800 0.769800 0.565800 0.626900 0.368400 0.000000 0.490900 0.668200 
u_americanus0.705300 1.010600 0.857000 0.878500 0.800800 0.883900 0.793700 0.881800 0.772800 0.812500 0.884000 0.817000 0.824500 1.009000 0.809700 0.921100 1.013600 1.052300 1.063800 1.059400 1.032700 0.965800 0.959500 0.991500 0.787500 0.848600 0.731700 0.490900 0.000000 0.889900 
g_gulo     0.681800 0.987100 0.833500 0.855000 0.777300 0.860400 0.770200 0.858300 0.749300 0.789000 0.860500 0.793500 0.801000 0.985500 0.786200 0.897600 0.990100 1.028800 1.040300 1.035900 1.009200 0.942300 0.936000 0.968000 0.764000 0.825100 0.909000 0.668200 0.889900 0.000000 

