20
g_gulo     0.000000 200.000000 258.000000 276.000000 304.000000 404.000000 404.000000 383.000000 414.000000 706.000000 706.000000 636.000000 634.000000 634.000000 587.000000 587.000000 514.000000 575.000000 575.000000 442.000000 
m_erminea  200.000000 0.000000 258.000000 276.000000 304.000000 404.000000 404.000000 383.000000 414.000000 706.000000 706.000000 636.000000 634.000000 634.000000 587.000000 587.000000 514.000000 575.000000 575.000000 442.000000 
n_vison    258.000000 258.000000 0.000000 218.000000 246.000000 346.000000 346.000000 325.000000 356.000000 648.000000 648.000000 578.000000 576.000000 576.000000 529.000000 529.000000 456.000000 517.000000 517.000000 384.000000 
m_nivalis  276.000000 276.000000 218.000000 0.000000 228.000000 328.000000 328.000000 307.000000 338.000000 630.000000 630.000000 560.000000 558.000000 558.000000 511.000000 511.000000 438.000000 499.000000 499.000000 366.000000 
m_american304.000000 304.000000 246.000000 228.000000 0.000000 300.000000 300.000000 279.000000 310.000000 602.000000 602.000000 532.000000 530.000000 530.000000 483.000000 483.000000 410.000000 471.000000 471.000000 338.000000 
lo_canaden404.000000 404.000000 346.000000 328.000000 300.000000 0.000000 200.000000 303.000000 334.000000 626.000000 626.000000 556.000000 554.000000 554.000000 507.000000 507.000000 434.000000 495.000000 495.000000 362.000000 
m_frenata  404.000000 404.000000 346.000000 328.000000 300.000000 200.000000 0.000000 303.000000 334.000000 626.000000 626.000000 556.000000 554.000000 554.000000 507.000000 507.000000 434.000000 495.000000 495.000000 362.000000 
m_pennanti383.000000 383.000000 325.000000 307.000000 279.000000 303.000000 303.000000 0.000000 231.000000 523.000000 523.000000 453.000000 451.000000 451.000000 404.000000 404.000000 331.000000 392.000000 392.000000 259.000000 
u_arctos   414.000000 414.000000 356.000000 338.000000 310.000000 334.000000 334.000000 231.000000 0.000000 492.000000 492.000000 422.000000 420.000000 420.000000 373.000000 373.000000 300.000000 361.000000 361.000000 228.000000 
l_pardalis706.000000 706.000000 648.000000 630.000000 602.000000 626.000000 626.000000 523.000000 492.000000 0.000000 200.000000 270.000000 464.000000 464.000000 581.000000 581.000000 508.000000 569.000000 569.000000 464.000000 
ly_canaden706.000000 706.000000 648.000000 630.000000 602.000000 626.000000 626.000000 523.000000 492.000000 200.000000 0.000000 270.000000 464.000000 464.000000 581.000000 581.000000 508.000000 569.000000 569.000000 464.000000 
p_onca     636.000000 636.000000 578.000000 560.000000 532.000000 556.000000 556.000000 453.000000 422.000000 270.000000 270.000000 0.000000 394.000000 394.000000 511.000000 511.000000 438.000000 499.000000 499.000000 394.000000 
c_lupus    634.000000 634.000000 576.000000 558.000000 530.000000 554.000000 554.000000 451.000000 420.000000 464.000000 464.000000 394.000000 0.000000 200.000000 509.000000 509.000000 436.000000 497.000000 497.000000 392.000000 
v_lagopus  634.000000 634.000000 576.000000 558.000000 530.000000 554.000000 554.000000 451.000000 420.000000 464.000000 464.000000 394.000000 200.000000 0.000000 509.000000 509.000000 436.000000 497.000000 497.000000 392.000000 
p_lotor    587.000000 587.000000 529.000000 511.000000 483.000000 507.000000 507.000000 404.000000 373.000000 581.000000 581.000000 511.000000 509.000000 509.000000 0.000000 200.000000 273.000000 404.000000 404.000000 345.000000 
b_astutus  587.000000 587.000000 529.000000 511.000000 483.000000 507.000000 507.000000 404.000000 373.000000 581.000000 581.000000 511.000000 509.000000 509.000000 200.000000 0.000000 273.000000 404.000000 404.000000 345.000000 
n_narica   514.000000 514.000000 456.000000 438.000000 410.000000 434.000000 434.000000 331.000000 300.000000 508.000000 508.000000 438.000000 436.000000 436.000000 273.000000 273.000000 0.000000 331.000000 331.000000 272.000000 
s_putorius575.000000 575.000000 517.000000 499.000000 471.000000 495.000000 495.000000 392.000000 361.000000 569.000000 569.000000 499.000000 497.000000 497.000000 404.000000 404.000000 331.000000 0.000000 200.000000 333.000000 
m_mephitis575.000000 575.000000 517.000000 499.000000 471.000000 495.000000 495.000000 392.000000 361.000000 569.000000 569.000000 499.000000 497.000000 497.000000 404.000000 404.000000 331.000000 200.000000 0.000000 333.000000 
t_taxus    442.000000 442.000000 384.000000 366.000000 338.000000 362.000000 362.000000 259.000000 228.000000 464.000000 464.000000 394.000000 392.000000 392.000000 345.000000 345.000000 272.000000 333.000000 333.000000 0.000000 

30
u_arctos   0.000000 6.703100 8.860500 8.656500 8.752500 8.995800 8.809600 8.888100 8.893200 10.575500 8.785900 10.152900 10.601800 10.743100 9.706400 9.447400 9.080400 9.982100 9.611800 9.819800 9.993900 9.161900 10.265900 10.034300 10.235500 9.580000 9.599700 10.607300 8.132500 8.948800 
v_velox    6.703100 0.000000 7.616400 7.412400 7.508400 7.751700 7.565500 7.644000 7.649100 9.331400 7.541800 8.908800 9.357700 9.499000 8.462300 8.203300 7.836300 8.738000 8.367700 8.575700 8.749800 7.917800 9.021800 8.790200 8.991400 8.335900 8.355600 9.363200 6.888400 7.704700 
m_americana8.860500 7.616400 0.000000 6.153800 7.740200 7.983500 7.797300 7.875800 8.100500 9.782800 7.993200 9.360200 9.809100 9.950400 8.913700 8.654700 8.287700 9.189400 8.819100 9.027100 9.201200 8.369200 9.473200 9.241600 9.442800 8.787300 8.807000 9.814600 7.339800 8.156100 
m_mephitis8.656500 7.412400 6.153800 0.000000 7.536200 7.779500 7.593300 7.671800 7.896500 9.578800 7.789200 9.156200 9.605100 9.746400 8.709700 8.450700 8.083700 8.985400 8.615100 8.823100 8.997200 8.165200 9.269200 9.037600 9.238800 8.583300 8.603000 9.610600 7.135800 7.952100 
l_canadensis8.752500 7.508400 7.740200 7.536200 0.000000 6.483300 6.954500 7.033000 7.992500 9.674800 7.885200 9.252200 9.701100 9.842400 8.805700 8.546700 8.179700 9.081400 8.711100 8.919100 9.093200 8.261200 9.365200 9.133600 9.334800 8.679300 8.699000 9.706600 7.231800 8.048100 
m_nivalis  8.995800 7.751700 7.983500 7.779500 6.483300 0.000000 7.197800 7.276300 8.235800 9.918100 8.128500 9.495500 9.944400 10.085700 9.049000 8.790000 8.423000 9.324700 8.954400 9.162400 9.336500 8.504500 9.608500 9.376900 9.578100 8.922600 8.942300 9.949900 7.475100 8.291400 
c_lupus    8.809600 7.565500 7.797300 7.593300 6.954500 7.197800 0.000000 6.813100 8.049600 9.731900 7.942300 9.309300 9.758200 9.899500 8.862800 8.603800 8.236800 9.138500 8.768200 8.976200 9.150300 8.318300 9.422300 9.190700 9.391900 8.736400 8.756100 9.763700 7.288900 8.105200 
u_americanus8.888100 7.644000 7.875800 7.671800 7.033000 7.276300 6.813100 0.000000 8.128100 9.810400 8.020800 9.387800 9.836700 9.978000 8.941300 8.682300 8.315300 9.217000 8.846700 9.054700 9.228800 8.396800 9.500800 9.269200 9.470400 8.814900 8.834600 9.842200 7.367400 8.183700 
g_gulo     8.893200 7.649100 8.100500 7.896500 7.992500 8.235800 8.049600 8.128100 0.000000 9.580700 7.791100 9.158100 9.607000 9.748300 8.711600 8.452600 8.085600 8.987300 8.617000 8.825000 8.999100 8.167100 9.271100 9.039500 9.240700 8.585200 8.604900 9.612500 7.137700 7.954000 
t_taxus    10.575500 9.331400 9.782800 9.578800 9.674800 9.918100 9.731900 9.810400 9.580700 0.000000 7.472600 9.575600 10.611900 10.753200 9.929500 9.670500 9.303500 10.205200 9.834900 10.042900 10.217000 9.385000 10.489000 10.257400 10.458600 9.803100 9.822800 10.830400 8.355600 9.171900 
u_littoralis8.785900 7.541800 7.993200 7.789200 7.885200 8.128500 7.942300 8.020800 7.791100 7.472600 0.000000 7.786000 8.822300 8.963600 8.139900 7.880900 7.513900 8.415600 8.045300 8.253300 8.427400 7.595400 8.699400 8.467800 8.669000 8.013500 8.033200 9.040800 6.566000 7.382300 
s_putorius10.152900 8.908800 9.360200 9.156200 9.252200 9.495500 9.309300 9.387800 9.158100 9.575600 7.786000 0.000000 10.189300 10.330600 9.506900 9.247900 8.880900 9.782600 9.412300 9.620300 9.794400 8.962400 10.066400 9.834800 10.036000 9.380500 9.400200 10.407800 7.933000 8.749300 
a_lagopus  10.601800 9.357700 9.809100 9.605100 9.701100 9.944400 9.758200 9.836700 9.607000 10.611900 8.822300 10.189300 0.000000 9.999900 9.955800 9.696800 9.329800 10.231500 9.861200 10.069200 10.243300 9.411300 10.515300 10.283700 10.484900 9.829400 9.849100 10.856700 8.381900 9.198200 
v_vulpes   10.743100 9.499000 9.950400 9.746400 9.842400 10.085700 9.899500 9.978000 9.748300 10.753200 8.963600 10.330600 9.999900 0.000000 10.097100 9.838100 9.471100 10.372800 10.002500 10.210500 10.384600 9.552600 10.656600 10.425000 10.626200 9.970700 9.990400 10.998000 8.523200 9.339500 
p_concolor9.706400 8.462300 8.913700 8.709700 8.805700 9.049000 8.862800 8.941300 8.711600 9.929500 8.139900 9.506900 9.955800 10.097100 0.000000 5.604000 6.503800 8.352900 8.479600 8.687600 8.861700 8.029700 9.133700 8.902100 9.103300 8.447800 8.467500 9.475100 7.000300 7.816600 
s_pygmaea  9.447400 8.203300 8.654700 8.450700 8.546700 8.790000 8.603800 8.682300 8.452600 9.670500 7.880900 9.247900 9.696800 9.838100 5.604000 0.000000 6.244800 8.093900 8.220600 8.428600 8.602700 7.770700 8.874700 8.643100 8.844300 8.188800 8.208500 9.216100 6.741300 7.557600 
l_rufus    9.080400 7.836300 8.287700 8.083700 8.179700 8.423000 8.236800 8.315300 8.085600 9.303500 7.513900 8.880900 9.329800 9.471100 6.503800 6.244800 0.000000 7.726900 7.853600 8.061600 8.235700 7.403700 8.507700 8.276100 8.477300 7.821800 7.841500 8.849100 6.374300 7.190600 
m_pennanti9.982100 8.738000 9.189400 8.985400 9.081400 9.324700 9.138500 9.217000 8.987300 10.205200 8.415600 9.782600 10.231500 10.372800 8.352900 8.093900 7.726900 0.000000 8.755300 8.963300 9.137400 8.305400 9.409400 9.177800 9.379000 8.723500 8.743200 9.750800 7.276000 8.092300 
b_astutus  9.611800 8.367700 8.819100 8.615100 8.711100 8.954400 8.768200 8.846700 8.617000 9.834900 8.045300 9.412300 9.861200 10.002500 8.479600 8.220600 7.853600 8.755300 0.000000 6.153600 8.558100 7.726100 8.830100 8.598500 8.799700 8.144200 8.163900 9.171500 6.696700 7.513000 
l_canadensis9.819800 8.575700 9.027100 8.823100 8.919100 9.162400 8.976200 9.054700 8.825000 10.042900 8.253300 9.620300 10.069200 10.210500 8.687600 8.428600 8.061600 8.963300 6.153600 0.000000 8.766100 7.934100 9.038100 8.806500 9.007700 8.352200 8.371900 9.379500 6.904700 7.721000 
l_pardalis9.993900 8.749800 9.201200 8.997200 9.093200 9.336500 9.150300 9.228800 8.999100 10.217000 8.427400 9.794400 10.243300 10.384600 8.861700 8.602700 8.235700 9.137400 8.558100 8.766100 0.000000 5.274600 8.609400 8.377800 8.579000 7.923500 7.943200 8.950800 6.476000 7.292300 
m_erminea  9.161900 7.917800 8.369200 8.165200 8.261200 8.504500 8.318300 8.396800 8.167100 9.385000 7.595400 8.962400 9.411300 9.552600 8.029700 7.770700 7.403700 8.305400 7.726100 7.934100 5.274600 0.000000 7.777400 7.545800 7.747000 7.091500 7.111200 8.118800 5.644000 6.460300 
h_yaguarondi10.265900 9.021800 9.473200 9.269200 9.365200 9.608500 9.422300 9.500800 9.271100 10.489000 8.699400 10.066400 10.515300 10.656600 9.133700 8.874700 8.507700 9.409400 8.830100 9.038100 8.609400 7.777400 0.000000 6.483600 7.093800 7.978700 7.998400 9.006000 6.531200 7.347500 
m_vison    10.034300 8.790200 9.241600 9.037600 9.133600 9.376900 9.190700 9.269200 9.039500 10.257400 8.467800 9.834800 10.283700 10.425000 8.902100 8.643100 8.276100 9.177800 8.598500 8.806500 8.377800 7.545800 6.483600 0.000000 6.862200 7.747100 7.766800 8.774400 6.299600 7.115900 
c_leuconotus10.235500 8.991400 9.442800 9.238800 9.334800 9.578100 9.391900 9.470400 9.240700 10.458600 8.669000 10.036000 10.484900 10.626200 9.103300 8.844300 8.477300 9.379000 8.799700 9.007700 8.579000 7.747000 7.093800 6.862200 0.000000 7.948300 7.968000 8.975600 6.500800 7.317100 
m_frenata  9.580000 8.335900 8.787300 8.583300 8.679300 8.922600 8.736400 8.814900 8.585200 9.803100 8.013500 9.380500 9.829400 9.970700 8.447800 8.188800 7.821800 8.723500 8.144200 8.352200 7.923500 7.091500 7.978700 7.747100 7.948300 0.000000 3.736300 6.968100 5.231900 6.048200 
p_onca     9.599700 8.355600 8.807000 8.603000 8.699000 8.942300 8.756100 8.834600 8.604900 9.822800 8.033200 9.400200 9.849100 9.990400 8.467500 8.208500 7.841500 8.743200 8.163900 8.371900 7.943200 7.111200 7.998400 7.766800 7.968000 3.736300 0.000000 6.987800 5.251600 6.067900 
n_narica   10.607300 9.363200 9.814600 9.610600 9.706600 9.949900 9.763700 9.842200 9.612500 10.830400 9.040800 10.407800 10.856700 10.998000 9.475100 9.216100 8.849100 9.750800 9.171500 9.379500 8.950800 8.118800 9.006000 8.774400 8.975600 6.968100 6.987800 0.000000 6.259200 7.075500 
c_latrans  8.132500 6.888400 7.339800 7.135800 7.231800 7.475100 7.288900 7.367400 7.137700 8.355600 6.566000 7.933000 8.381900 8.523200 7.000300 6.741300 6.374300 7.276000 6.696700 6.904700 6.476000 5.644000 6.531200 6.299600 6.500800 5.231900 5.251600 6.259200 0.000000 3.296500 
p_lotor    8.948800 7.704700 8.156100 7.952100 8.048100 8.291400 8.105200 8.183700 7.954000 9.171900 7.382300 8.749300 9.198200 9.339500 7.816600 7.557600 7.190600 8.092300 7.513000 7.721000 7.292300 6.460300 7.347500 7.115900 7.317100 6.048200 6.067900 7.075500 3.296500 0.000000 

