18
m_american0.000000 200.000000 241.000000 342.000000 342.000000 312.000000 616.000000 616.000000 517.000000 657.000000 657.000000 568.000000 534.000000 534.000000 484.000000 484.000000 363.000000 317.000000 
n_vison    200.000000 0.000000 241.000000 342.000000 342.000000 312.000000 616.000000 616.000000 517.000000 657.000000 657.000000 568.000000 534.000000 534.000000 484.000000 484.000000 363.000000 317.000000 
t_taxus    241.000000 241.000000 0.000000 301.000000 301.000000 271.000000 575.000000 575.000000 476.000000 616.000000 616.000000 527.000000 493.000000 493.000000 443.000000 443.000000 322.000000 276.000000 
m_pennanti342.000000 342.000000 301.000000 0.000000 200.000000 230.000000 608.000000 608.000000 509.000000 649.000000 649.000000 560.000000 526.000000 526.000000 476.000000 476.000000 355.000000 309.000000 
m_nivalis  342.000000 342.000000 301.000000 200.000000 0.000000 230.000000 608.000000 608.000000 509.000000 649.000000 649.000000 560.000000 526.000000 526.000000 476.000000 476.000000 355.000000 309.000000 
g_gulo     312.000000 312.000000 271.000000 230.000000 230.000000 0.000000 578.000000 578.000000 479.000000 619.000000 619.000000 530.000000 496.000000 496.000000 446.000000 446.000000 325.000000 279.000000 
c_latrans  616.000000 616.000000 575.000000 608.000000 608.000000 578.000000 0.000000 200.000000 299.000000 623.000000 623.000000 534.000000 500.000000 500.000000 528.000000 528.000000 453.000000 499.000000 
c_lupus    616.000000 616.000000 575.000000 608.000000 608.000000 578.000000 200.000000 0.000000 299.000000 623.000000 623.000000 534.000000 500.000000 500.000000 528.000000 528.000000 453.000000 499.000000 
v_lagopus  517.000000 517.000000 476.000000 509.000000 509.000000 479.000000 299.000000 299.000000 0.000000 524.000000 524.000000 435.000000 401.000000 401.000000 429.000000 429.000000 354.000000 400.000000 
l_rufus    657.000000 657.000000 616.000000 649.000000 649.000000 619.000000 623.000000 623.000000 524.000000 0.000000 200.000000 289.000000 451.000000 451.000000 569.000000 569.000000 494.000000 540.000000 
ly_canaden657.000000 657.000000 616.000000 649.000000 649.000000 619.000000 623.000000 623.000000 524.000000 200.000000 0.000000 289.000000 451.000000 451.000000 569.000000 569.000000 494.000000 540.000000 
p_concolor568.000000 568.000000 527.000000 560.000000 560.000000 530.000000 534.000000 534.000000 435.000000 289.000000 289.000000 0.000000 362.000000 362.000000 480.000000 480.000000 405.000000 451.000000 
m_mephitis534.000000 534.000000 493.000000 526.000000 526.000000 496.000000 500.000000 500.000000 401.000000 451.000000 451.000000 362.000000 0.000000 200.000000 446.000000 446.000000 371.000000 417.000000 
s_putorius534.000000 534.000000 493.000000 526.000000 526.000000 496.000000 500.000000 500.000000 401.000000 451.000000 451.000000 362.000000 200.000000 0.000000 446.000000 446.000000 371.000000 417.000000 
u_american484.000000 484.000000 443.000000 476.000000 476.000000 446.000000 528.000000 528.000000 429.000000 569.000000 569.000000 480.000000 446.000000 446.000000 0.000000 200.000000 321.000000 367.000000 
u_arctos   484.000000 484.000000 443.000000 476.000000 476.000000 446.000000 528.000000 528.000000 429.000000 569.000000 569.000000 480.000000 446.000000 446.000000 200.000000 0.000000 321.000000 367.000000 
p_lotor    363.000000 363.000000 322.000000 355.000000 355.000000 325.000000 453.000000 453.000000 354.000000 494.000000 494.000000 405.000000 371.000000 371.000000 321.000000 321.000000 0.000000 246.000000 
lo_canaden317.000000 317.000000 276.000000 309.000000 309.000000 279.000000 499.000000 499.000000 400.000000 540.000000 540.000000 451.000000 417.000000 417.000000 367.000000 367.000000 246.000000 0.000000 

30
a_lagopus  0.000000 0.614500 0.574700 0.838100 0.816800 0.766900 0.853200 0.812000 0.817900 0.849900 0.799500 0.747700 0.764500 0.763000 0.767600 0.852400 0.908700 0.659800 0.868000 0.857200 0.962500 0.968100 0.942200 0.910000 1.011900 0.970000 1.016800 1.028800 1.031700 1.019600 
c_leuconotus0.614500 0.000000 0.647400 0.910800 0.889500 0.839600 0.925900 0.884700 0.890600 0.922600 0.872200 0.820400 0.837200 0.835700 0.840300 0.925100 0.981400 0.732500 0.940700 0.929900 1.035200 1.040800 1.014900 0.982700 1.084600 1.042700 1.089500 1.101500 1.104400 1.092300 
c_latrans  0.574700 0.647400 0.000000 0.326800 0.635500 0.585600 0.671900 0.630700 0.636600 0.668600 0.618200 0.566400 0.583200 0.581700 0.586300 0.671100 0.727400 0.478500 0.686700 0.675900 0.781200 0.786800 0.760900 0.728700 0.830600 0.788700 0.835500 0.847500 0.850400 0.838300 
l_pardalis0.838100 0.910800 0.326800 0.000000 0.898900 0.849000 0.935300 0.894100 0.900000 0.932000 0.881600 0.829800 0.846600 0.845100 0.849700 0.934500 0.990800 0.741900 0.950100 0.939300 1.044600 1.050200 1.024300 0.992100 1.094000 1.052100 1.098900 1.110900 1.113800 1.101700 
m_erminea  0.816800 0.889500 0.635500 0.898900 0.000000 0.227900 0.615600 0.657600 0.663500 0.695500 0.645100 0.593300 0.610100 0.608600 0.613200 0.698000 0.886900 0.638000 0.846200 0.835400 0.940700 0.946300 0.920400 0.888200 0.990100 0.948200 0.995000 1.007000 1.009900 0.997800 
m_frenata  0.766900 0.839600 0.585600 0.849000 0.227900 0.000000 0.565700 0.607700 0.613600 0.645600 0.595200 0.543400 0.560200 0.558700 0.563300 0.648100 0.837000 0.588100 0.796300 0.785500 0.890800 0.896400 0.870500 0.838300 0.940200 0.898300 0.945100 0.957100 0.960000 0.947900 
p_onca     0.853200 0.925900 0.671900 0.935300 0.615600 0.565700 0.000000 0.694000 0.699900 0.731900 0.681500 0.629700 0.646500 0.645000 0.649600 0.734400 0.923300 0.674400 0.882600 0.871800 0.977100 0.982700 0.956800 0.924600 1.026500 0.984600 1.031400 1.043400 1.046300 1.034200 
ly_canaden0.812000 0.884700 0.630700 0.894100 0.657600 0.607700 0.694000 0.000000 0.473900 0.613900 0.621700 0.569900 0.586700 0.585200 0.589800 0.674600 0.882100 0.633200 0.841400 0.830600 0.935900 0.941500 0.915600 0.883400 0.985300 0.943400 0.990200 1.002200 1.005100 0.993000 
l_rufus    0.817900 0.890600 0.636600 0.900000 0.663500 0.613600 0.699900 0.473900 0.000000 0.619800 0.627600 0.575800 0.592600 0.591100 0.595700 0.680500 0.888000 0.639100 0.847300 0.836500 0.941800 0.947400 0.921500 0.889300 0.991200 0.949300 0.996100 1.008100 1.011000 0.998900 
m_pennanti0.849900 0.922600 0.668600 0.932000 0.695500 0.645600 0.731900 0.613900 0.619800 0.000000 0.659600 0.607800 0.624600 0.623100 0.627700 0.712500 0.920000 0.671100 0.879300 0.868500 0.973800 0.979400 0.953500 0.921300 1.023200 0.981300 1.028100 1.040100 1.043000 1.030900 
c_lupus    0.799500 0.872200 0.618200 0.881600 0.645100 0.595200 0.681500 0.621700 0.627600 0.659600 0.000000 0.327200 0.459200 0.457700 0.462300 0.595900 0.869600 0.620700 0.828900 0.818100 0.923400 0.929000 0.903100 0.870900 0.972800 0.930900 0.977700 0.989700 0.992600 0.980500 
m_mephitis0.747700 0.820400 0.566400 0.829800 0.593300 0.543400 0.629700 0.569900 0.575800 0.607800 0.327200 0.000000 0.407400 0.405900 0.410500 0.544100 0.817800 0.568900 0.777100 0.766300 0.871600 0.877200 0.851300 0.819100 0.921000 0.879100 0.925900 0.937900 0.940800 0.928700 
lo_canaden0.764500 0.837200 0.583200 0.846600 0.610100 0.560200 0.646500 0.586700 0.592600 0.624600 0.459200 0.407400 0.000000 0.298500 0.360300 0.560900 0.834600 0.585700 0.793900 0.783100 0.888400 0.894000 0.868100 0.835900 0.937800 0.895900 0.942700 0.954700 0.957600 0.945500 
m_nivalis  0.763000 0.835700 0.581700 0.845100 0.608600 0.558700 0.645000 0.585200 0.591100 0.623100 0.457700 0.405900 0.298500 0.000000 0.358800 0.559400 0.833100 0.584200 0.792400 0.781600 0.886900 0.892500 0.866600 0.834400 0.936300 0.894400 0.941200 0.953200 0.956100 0.944000 
u_littoralis0.767600 0.840300 0.586300 0.849700 0.613200 0.563300 0.649600 0.589800 0.595700 0.627700 0.462300 0.410500 0.360300 0.358800 0.000000 0.564000 0.837700 0.588800 0.797000 0.786200 0.891500 0.897100 0.871200 0.839000 0.940900 0.899000 0.945800 0.957800 0.960700 0.948600 
m_americana0.852400 0.925100 0.671100 0.934500 0.698000 0.648100 0.734400 0.674600 0.680500 0.712500 0.595900 0.544100 0.560900 0.559400 0.564000 0.000000 0.922500 0.673600 0.881800 0.871000 0.976300 0.981900 0.956000 0.923800 1.025700 0.983800 1.030600 1.042600 1.045500 1.033400 
m_vison    0.908700 0.981400 0.727400 0.990800 0.886900 0.837000 0.923300 0.882100 0.888000 0.920000 0.869600 0.817800 0.834600 0.833100 0.837700 0.922500 0.000000 0.274700 0.648100 0.848900 1.020600 1.026200 1.000300 0.968100 1.070000 1.028100 1.074900 1.086900 1.089800 1.077700 
v_velox    0.659800 0.732500 0.478500 0.741900 0.638000 0.588100 0.674400 0.633200 0.639100 0.671100 0.620700 0.568900 0.585700 0.584200 0.588800 0.673600 0.274700 0.000000 0.399200 0.600000 0.771700 0.777300 0.751400 0.719200 0.821100 0.779200 0.826000 0.838000 0.840900 0.828800 
u_americanus0.868000 0.940700 0.686700 0.950100 0.846200 0.796300 0.882600 0.841400 0.847300 0.879300 0.828900 0.777100 0.793900 0.792400 0.797000 0.881800 0.648100 0.399200 0.000000 0.808200 0.979900 0.985500 0.959600 0.927400 1.029300 0.987400 1.034200 1.046200 1.049100 1.037000 
g_gulo     0.857200 0.929900 0.675900 0.939300 0.835400 0.785500 0.871800 0.830600 0.836500 0.868500 0.818100 0.766300 0.783100 0.781600 0.786200 0.871000 0.848900 0.600000 0.808200 0.000000 0.969100 0.974700 0.948800 0.916600 1.018500 0.976600 1.023400 1.035400 1.038300 1.026200 
b_astutus  0.962500 1.035200 0.781200 1.044600 0.940700 0.890800 0.977100 0.935900 0.941800 0.973800 0.923400 0.871600 0.888400 0.886900 0.891500 0.976300 1.020600 0.771700 0.979900 0.969100 0.000000 0.853800 0.865700 0.833500 0.985400 0.943500 0.990300 1.002300 1.005200 0.993100 
p_concolor0.968100 1.040800 0.786800 1.050200 0.946300 0.896400 0.982700 0.941500 0.947400 0.979400 0.929000 0.877200 0.894000 0.892500 0.897100 0.981900 1.026200 0.777300 0.985500 0.974700 0.853800 0.000000 0.871300 0.839100 0.991000 0.949100 0.995900 1.007900 1.010800 0.998700 
p_lotor    0.942200 1.014900 0.760900 1.024300 0.920400 0.870500 0.956800 0.915600 0.921500 0.953500 0.903100 0.851300 0.868100 0.866600 0.871200 0.956000 1.000300 0.751400 0.959600 0.948800 0.865700 0.871300 0.000000 0.672200 0.965100 0.923200 0.970000 0.982000 0.984900 0.972800 
s_pygmaea  0.910000 0.982700 0.728700 0.992100 0.888200 0.838300 0.924600 0.883400 0.889300 0.921300 0.870900 0.819100 0.835900 0.834400 0.839000 0.923800 0.968100 0.719200 0.927400 0.916600 0.833500 0.839100 0.672200 0.000000 0.932900 0.891000 0.937800 0.949800 0.952700 0.940600 
t_taxus    1.011900 1.084600 0.830600 1.094000 0.990100 0.940200 1.026500 0.985300 0.991200 1.023200 0.972800 0.921000 0.937800 0.936300 0.940900 1.025700 1.070000 0.821100 1.029300 1.018500 0.985400 0.991000 0.965100 0.932900 0.000000 0.871100 0.957100 1.009300 1.012200 1.000100 
u_arctos   0.970000 1.042700 0.788700 1.052100 0.948200 0.898300 0.984600 0.943400 0.949300 0.981300 0.930900 0.879100 0.895900 0.894400 0.899000 0.983800 1.028100 0.779200 0.987400 0.976600 0.943500 0.949100 0.923200 0.891000 0.871100 0.000000 0.915200 0.967400 0.970300 0.958200 
s_putorius1.016800 1.089500 0.835500 1.098900 0.995000 0.945100 1.031400 0.990200 0.996100 1.028100 0.977700 0.925900 0.942700 0.941200 0.945800 1.030600 1.074900 0.826000 1.034200 1.023400 0.990300 0.995900 0.970000 0.937800 0.957100 0.915200 0.000000 1.014200 1.017100 1.005000 
h_yaguarondi1.028800 1.101500 0.847500 1.110900 1.007000 0.957100 1.043400 1.002200 1.008100 1.040100 0.989700 0.937900 0.954700 0.953200 0.957800 1.042600 1.086900 0.838000 1.046200 1.035400 1.002300 1.007900 0.982000 0.949800 1.009300 0.967400 1.014200 0.000000 1.000300 0.998200 
v_vulpes   1.031700 1.104400 0.850400 1.113800 1.009900 0.960000 1.046300 1.005100 1.011000 1.043000 0.992600 0.940800 0.957600 0.956100 0.960700 1.045500 1.089800 0.840900 1.049100 1.038300 1.005200 1.010800 0.984900 0.952700 1.012200 0.970300 1.017100 1.000300 0.000000 1.001100 
n_narica   1.019600 1.092300 0.838300 1.101700 0.997800 0.947900 1.034200 0.993000 0.998900 1.030900 0.980500 0.928700 0.945500 0.944000 0.948600 1.033400 1.077700 0.828800 1.037000 1.026200 0.993100 0.998700 0.972800 0.940600 1.000100 0.958200 1.005000 0.998200 1.001100 0.000000 

