40
g_gulo     0.000000 200.000000 238.000000 238.000000 439.000000 439.000000 373.000000 324.000000 281.000000 243.000000 409.000000 409.000000 344.000000 544.000000 544.000000 511.000000 451.000000 390.000000 440.000000 440.000000 399.000000 291.000000 310.000000 310.000000 292.000000 297.000000 302.000000 330.000000 383.000000 383.000000 397.000000 408.000000 411.000000 413.000000 414.000000 429.000000 429.000000 420.000000 417.000000 415.000000 
m_pennanti200.000000 0.000000 238.000000 238.000000 439.000000 439.000000 373.000000 324.000000 281.000000 243.000000 409.000000 409.000000 344.000000 544.000000 544.000000 511.000000 451.000000 390.000000 440.000000 440.000000 399.000000 291.000000 310.000000 310.000000 292.000000 297.000000 302.000000 330.000000 383.000000 383.000000 397.000000 408.000000 411.000000 413.000000 414.000000 429.000000 429.000000 420.000000 417.000000 415.000000 
lo_canaden238.000000 238.000000 0.000000 200.000000 431.000000 431.000000 365.000000 316.000000 273.000000 235.000000 401.000000 401.000000 336.000000 536.000000 536.000000 503.000000 443.000000 382.000000 432.000000 432.000000 391.000000 283.000000 302.000000 302.000000 284.000000 289.000000 294.000000 322.000000 375.000000 375.000000 389.000000 400.000000 403.000000 405.000000 406.000000 421.000000 421.000000 412.000000 409.000000 407.000000 
m_american238.000000 238.000000 200.000000 0.000000 431.000000 431.000000 365.000000 316.000000 273.000000 235.000000 401.000000 401.000000 336.000000 536.000000 536.000000 503.000000 443.000000 382.000000 432.000000 432.000000 391.000000 283.000000 302.000000 302.000000 284.000000 289.000000 294.000000 322.000000 375.000000 375.000000 389.000000 400.000000 403.000000 405.000000 406.000000 421.000000 421.000000 412.000000 409.000000 407.000000 
n_vison    439.000000 439.000000 431.000000 431.000000 0.000000 200.000000 266.000000 315.000000 358.000000 416.000000 582.000000 582.000000 517.000000 717.000000 717.000000 684.000000 624.000000 563.000000 613.000000 613.000000 572.000000 464.000000 483.000000 483.000000 465.000000 470.000000 475.000000 503.000000 556.000000 556.000000 570.000000 581.000000 584.000000 586.000000 587.000000 602.000000 602.000000 593.000000 590.000000 588.000000 
m_frenata  439.000000 439.000000 431.000000 431.000000 200.000000 0.000000 266.000000 315.000000 358.000000 416.000000 582.000000 582.000000 517.000000 717.000000 717.000000 684.000000 624.000000 563.000000 613.000000 613.000000 572.000000 464.000000 483.000000 483.000000 465.000000 470.000000 475.000000 503.000000 556.000000 556.000000 570.000000 581.000000 584.000000 586.000000 587.000000 602.000000 602.000000 593.000000 590.000000 588.000000 
m_nigripes373.000000 373.000000 365.000000 365.000000 266.000000 266.000000 0.000000 249.000000 292.000000 350.000000 516.000000 516.000000 451.000000 651.000000 651.000000 618.000000 558.000000 497.000000 547.000000 547.000000 506.000000 398.000000 417.000000 417.000000 399.000000 404.000000 409.000000 437.000000 490.000000 490.000000 504.000000 515.000000 518.000000 520.000000 521.000000 536.000000 536.000000 527.000000 524.000000 522.000000 
m_nivalis  324.000000 324.000000 316.000000 316.000000 315.000000 315.000000 249.000000 0.000000 243.000000 301.000000 467.000000 467.000000 402.000000 602.000000 602.000000 569.000000 509.000000 448.000000 498.000000 498.000000 457.000000 349.000000 368.000000 368.000000 350.000000 355.000000 360.000000 388.000000 441.000000 441.000000 455.000000 466.000000 469.000000 471.000000 472.000000 487.000000 487.000000 478.000000 475.000000 473.000000 
m_erminea  281.000000 281.000000 273.000000 273.000000 358.000000 358.000000 292.000000 243.000000 0.000000 258.000000 424.000000 424.000000 359.000000 559.000000 559.000000 526.000000 466.000000 405.000000 455.000000 455.000000 414.000000 306.000000 325.000000 325.000000 307.000000 312.000000 317.000000 345.000000 398.000000 398.000000 412.000000 423.000000 426.000000 428.000000 429.000000 444.000000 444.000000 435.000000 432.000000 430.000000 
e_lutris   243.000000 243.000000 235.000000 235.000000 416.000000 416.000000 350.000000 301.000000 258.000000 0.000000 366.000000 366.000000 301.000000 501.000000 501.000000 468.000000 408.000000 347.000000 397.000000 397.000000 356.000000 248.000000 267.000000 267.000000 249.000000 254.000000 259.000000 287.000000 340.000000 340.000000 354.000000 365.000000 368.000000 370.000000 371.000000 386.000000 386.000000 377.000000 374.000000 372.000000 
p_onca     409.000000 409.000000 401.000000 401.000000 582.000000 582.000000 516.000000 467.000000 424.000000 366.000000 0.000000 200.000000 265.000000 607.000000 607.000000 574.000000 514.000000 453.000000 503.000000 503.000000 462.000000 354.000000 373.000000 373.000000 355.000000 360.000000 365.000000 393.000000 446.000000 446.000000 460.000000 471.000000 474.000000 476.000000 477.000000 492.000000 492.000000 483.000000 480.000000 478.000000 
ly_canaden409.000000 409.000000 401.000000 401.000000 582.000000 582.000000 516.000000 467.000000 424.000000 366.000000 200.000000 0.000000 265.000000 607.000000 607.000000 574.000000 514.000000 453.000000 503.000000 503.000000 462.000000 354.000000 373.000000 373.000000 355.000000 360.000000 365.000000 393.000000 446.000000 446.000000 460.000000 471.000000 474.000000 476.000000 477.000000 492.000000 492.000000 483.000000 480.000000 478.000000 
l_pardalis344.000000 344.000000 336.000000 336.000000 517.000000 517.000000 451.000000 402.000000 359.000000 301.000000 265.000000 265.000000 0.000000 542.000000 542.000000 509.000000 449.000000 388.000000 438.000000 438.000000 397.000000 289.000000 308.000000 308.000000 290.000000 295.000000 300.000000 328.000000 381.000000 381.000000 395.000000 406.000000 409.000000 411.000000 412.000000 427.000000 427.000000 418.000000 415.000000 413.000000 
c_latrans  544.000000 544.000000 536.000000 536.000000 717.000000 717.000000 651.000000 602.000000 559.000000 501.000000 607.000000 607.000000 542.000000 0.000000 200.000000 233.000000 293.000000 354.000000 546.000000 546.000000 505.000000 453.000000 484.000000 484.000000 466.000000 471.000000 476.000000 504.000000 557.000000 557.000000 571.000000 582.000000 585.000000 587.000000 588.000000 603.000000 603.000000 594.000000 591.000000 589.000000 
v_macrotis544.000000 544.000000 536.000000 536.000000 717.000000 717.000000 651.000000 602.000000 559.000000 501.000000 607.000000 607.000000 542.000000 200.000000 0.000000 233.000000 293.000000 354.000000 546.000000 546.000000 505.000000 453.000000 484.000000 484.000000 466.000000 471.000000 476.000000 504.000000 557.000000 557.000000 571.000000 582.000000 585.000000 587.000000 588.000000 603.000000 603.000000 594.000000 591.000000 589.000000 
v_vulpes   511.000000 511.000000 503.000000 503.000000 684.000000 684.000000 618.000000 569.000000 526.000000 468.000000 574.000000 574.000000 509.000000 233.000000 233.000000 0.000000 260.000000 321.000000 513.000000 513.000000 472.000000 420.000000 451.000000 451.000000 433.000000 438.000000 443.000000 471.000000 524.000000 524.000000 538.000000 549.000000 552.000000 554.000000 555.000000 570.000000 570.000000 561.000000 558.000000 556.000000 
u_littoral451.000000 451.000000 443.000000 443.000000 624.000000 624.000000 558.000000 509.000000 466.000000 408.000000 514.000000 514.000000 449.000000 293.000000 293.000000 260.000000 0.000000 261.000000 453.000000 453.000000 412.000000 360.000000 391.000000 391.000000 373.000000 378.000000 383.000000 411.000000 464.000000 464.000000 478.000000 489.000000 492.000000 494.000000 495.000000 510.000000 510.000000 501.000000 498.000000 496.000000 
u_american390.000000 390.000000 382.000000 382.000000 563.000000 563.000000 497.000000 448.000000 405.000000 347.000000 453.000000 453.000000 388.000000 354.000000 354.000000 321.000000 261.000000 0.000000 392.000000 392.000000 351.000000 299.000000 330.000000 330.000000 312.000000 317.000000 322.000000 350.000000 403.000000 403.000000 417.000000 428.000000 431.000000 433.000000 434.000000 449.000000 449.000000 440.000000 437.000000 435.000000 
v_lagopus  440.000000 440.000000 432.000000 432.000000 613.000000 613.000000 547.000000 498.000000 455.000000 397.000000 503.000000 503.000000 438.000000 546.000000 546.000000 513.000000 453.000000 392.000000 0.000000 200.000000 241.000000 349.000000 380.000000 380.000000 362.000000 367.000000 372.000000 400.000000 453.000000 453.000000 467.000000 478.000000 481.000000 483.000000 484.000000 499.000000 499.000000 490.000000 487.000000 485.000000 
u_cinereoa440.000000 440.000000 432.000000 432.000000 613.000000 613.000000 547.000000 498.000000 455.000000 397.000000 503.000000 503.000000 438.000000 546.000000 546.000000 513.000000 453.000000 392.000000 200.000000 0.000000 241.000000 349.000000 380.000000 380.000000 362.000000 367.000000 372.000000 400.000000 453.000000 453.000000 467.000000 478.000000 481.000000 483.000000 484.000000 499.000000 499.000000 490.000000 487.000000 485.000000 
c_lupus    399.000000 399.000000 391.000000 391.000000 572.000000 572.000000 506.000000 457.000000 414.000000 356.000000 462.000000 462.000000 397.000000 505.000000 505.000000 472.000000 412.000000 351.000000 241.000000 241.000000 0.000000 308.000000 339.000000 339.000000 321.000000 326.000000 331.000000 359.000000 412.000000 412.000000 426.000000 437.000000 440.000000 442.000000 443.000000 458.000000 458.000000 449.000000 446.000000 444.000000 
t_taxus    291.000000 291.000000 283.000000 283.000000 464.000000 464.000000 398.000000 349.000000 306.000000 248.000000 354.000000 354.000000 289.000000 453.000000 453.000000 420.000000 360.000000 299.000000 349.000000 349.000000 308.000000 0.000000 231.000000 231.000000 213.000000 218.000000 223.000000 251.000000 304.000000 304.000000 318.000000 329.000000 332.000000 334.000000 335.000000 350.000000 350.000000 341.000000 338.000000 336.000000 
n_narica   310.000000 310.000000 302.000000 302.000000 483.000000 483.000000 417.000000 368.000000 325.000000 267.000000 373.000000 373.000000 308.000000 484.000000 484.000000 451.000000 391.000000 330.000000 380.000000 380.000000 339.000000 231.000000 0.000000 200.000000 226.000000 231.000000 236.000000 264.000000 317.000000 317.000000 331.000000 342.000000 345.000000 347.000000 348.000000 363.000000 363.000000 354.000000 351.000000 349.000000 
p_lotor    310.000000 310.000000 302.000000 302.000000 483.000000 483.000000 417.000000 368.000000 325.000000 267.000000 373.000000 373.000000 308.000000 484.000000 484.000000 451.000000 391.000000 330.000000 380.000000 380.000000 339.000000 231.000000 200.000000 0.000000 226.000000 231.000000 236.000000 264.000000 317.000000 317.000000 331.000000 342.000000 345.000000 347.000000 348.000000 363.000000 363.000000 354.000000 351.000000 349.000000 
m_mephitis292.000000 292.000000 284.000000 284.000000 465.000000 465.000000 399.000000 350.000000 307.000000 249.000000 355.000000 355.000000 290.000000 466.000000 466.000000 433.000000 373.000000 312.000000 362.000000 362.000000 321.000000 213.000000 226.000000 226.000000 0.000000 205.000000 210.000000 238.000000 291.000000 291.000000 305.000000 316.000000 319.000000 321.000000 322.000000 337.000000 337.000000 328.000000 325.000000 323.000000 
s_putorius297.000000 297.000000 289.000000 289.000000 470.000000 470.000000 404.000000 355.000000 312.000000 254.000000 360.000000 360.000000 295.000000 471.000000 471.000000 438.000000 378.000000 317.000000 367.000000 367.000000 326.000000 218.000000 231.000000 231.000000 205.000000 0.000000 205.000000 233.000000 286.000000 286.000000 300.000000 311.000000 314.000000 316.000000 317.000000 332.000000 332.000000 323.000000 320.000000 318.000000 
b_astutus  302.000000 302.000000 294.000000 294.000000 475.000000 475.000000 409.000000 360.000000 317.000000 259.000000 365.000000 365.000000 300.000000 476.000000 476.000000 443.000000 383.000000 322.000000 372.000000 372.000000 331.000000 223.000000 236.000000 236.000000 210.000000 205.000000 0.000000 228.000000 281.000000 281.000000 295.000000 306.000000 309.000000 311.000000 312.000000 327.000000 327.000000 318.000000 315.000000 313.000000 
u_arctos   330.000000 330.000000 322.000000 322.000000 503.000000 503.000000 437.000000 388.000000 345.000000 287.000000 393.000000 393.000000 328.000000 504.000000 504.000000 471.000000 411.000000 350.000000 400.000000 400.000000 359.000000 251.000000 264.000000 264.000000 238.000000 233.000000 228.000000 0.000000 253.000000 253.000000 267.000000 278.000000 281.000000 283.000000 284.000000 299.000000 299.000000 290.000000 287.000000 285.000000 
m_angustir383.000000 383.000000 375.000000 375.000000 556.000000 556.000000 490.000000 441.000000 398.000000 340.000000 446.000000 446.000000 381.000000 557.000000 557.000000 524.000000 464.000000 403.000000 453.000000 453.000000 412.000000 304.000000 317.000000 317.000000 291.000000 286.000000 281.000000 253.000000 0.000000 200.000000 254.000000 265.000000 268.000000 270.000000 271.000000 286.000000 286.000000 277.000000 274.000000 272.000000 
p_hispida  383.000000 383.000000 375.000000 375.000000 556.000000 556.000000 490.000000 441.000000 398.000000 340.000000 446.000000 446.000000 381.000000 557.000000 557.000000 524.000000 464.000000 403.000000 453.000000 453.000000 412.000000 304.000000 317.000000 317.000000 291.000000 286.000000 281.000000 253.000000 200.000000 0.000000 254.000000 265.000000 268.000000 270.000000 271.000000 286.000000 286.000000 277.000000 274.000000 272.000000 
o_rosmarus397.000000 397.000000 389.000000 389.000000 570.000000 570.000000 504.000000 455.000000 412.000000 354.000000 460.000000 460.000000 395.000000 571.000000 571.000000 538.000000 478.000000 417.000000 467.000000 467.000000 426.000000 318.000000 331.000000 331.000000 305.000000 300.000000 295.000000 267.000000 254.000000 254.000000 0.000000 211.000000 214.000000 216.000000 217.000000 232.000000 232.000000 223.000000 220.000000 218.000000 
p_largha   408.000000 408.000000 400.000000 400.000000 581.000000 581.000000 515.000000 466.000000 423.000000 365.000000 471.000000 471.000000 406.000000 582.000000 582.000000 549.000000 489.000000 428.000000 478.000000 478.000000 437.000000 329.000000 342.000000 342.000000 316.000000 311.000000 306.000000 278.000000 265.000000 265.000000 211.000000 0.000000 203.000000 205.000000 206.000000 221.000000 221.000000 212.000000 209.000000 207.000000 
p_groenlan411.000000 411.000000 403.000000 403.000000 584.000000 584.000000 518.000000 469.000000 426.000000 368.000000 474.000000 474.000000 409.000000 585.000000 585.000000 552.000000 492.000000 431.000000 481.000000 481.000000 440.000000 332.000000 345.000000 345.000000 319.000000 314.000000 309.000000 281.000000 268.000000 268.000000 214.000000 203.000000 0.000000 202.000000 203.000000 218.000000 218.000000 209.000000 206.000000 204.000000 
p_fasciata413.000000 413.000000 405.000000 405.000000 586.000000 586.000000 520.000000 471.000000 428.000000 370.000000 476.000000 476.000000 411.000000 587.000000 587.000000 554.000000 494.000000 433.000000 483.000000 483.000000 442.000000 334.000000 347.000000 347.000000 321.000000 316.000000 311.000000 283.000000 270.000000 270.000000 216.000000 205.000000 202.000000 0.000000 201.000000 216.000000 216.000000 207.000000 204.000000 202.000000 
c_cristata414.000000 414.000000 406.000000 406.000000 587.000000 587.000000 521.000000 472.000000 429.000000 371.000000 477.000000 477.000000 412.000000 588.000000 588.000000 555.000000 495.000000 434.000000 484.000000 484.000000 443.000000 335.000000 348.000000 348.000000 322.000000 317.000000 312.000000 284.000000 271.000000 271.000000 217.000000 206.000000 203.000000 201.000000 0.000000 215.000000 215.000000 206.000000 203.000000 201.000000 
e_jubatus  429.000000 429.000000 421.000000 421.000000 602.000000 602.000000 536.000000 487.000000 444.000000 386.000000 492.000000 492.000000 427.000000 603.000000 603.000000 570.000000 510.000000 449.000000 499.000000 499.000000 458.000000 350.000000 363.000000 363.000000 337.000000 332.000000 327.000000 299.000000 286.000000 286.000000 232.000000 221.000000 218.000000 216.000000 215.000000 0.000000 200.000000 209.000000 212.000000 214.000000 
z_californ429.000000 429.000000 421.000000 421.000000 602.000000 602.000000 536.000000 487.000000 444.000000 386.000000 492.000000 492.000000 427.000000 603.000000 603.000000 570.000000 510.000000 449.000000 499.000000 499.000000 458.000000 350.000000 363.000000 363.000000 337.000000 332.000000 327.000000 299.000000 286.000000 286.000000 232.000000 221.000000 218.000000 216.000000 215.000000 200.000000 0.000000 209.000000 212.000000 214.000000 
h_grypus   420.000000 420.000000 412.000000 412.000000 593.000000 593.000000 527.000000 478.000000 435.000000 377.000000 483.000000 483.000000 418.000000 594.000000 594.000000 561.000000 501.000000 440.000000 490.000000 490.000000 449.000000 341.000000 354.000000 354.000000 328.000000 323.000000 318.000000 290.000000 277.000000 277.000000 223.000000 212.000000 209.000000 207.000000 206.000000 209.000000 209.000000 0.000000 203.000000 205.000000 
e_barbatus417.000000 417.000000 409.000000 409.000000 590.000000 590.000000 524.000000 475.000000 432.000000 374.000000 480.000000 480.000000 415.000000 591.000000 591.000000 558.000000 498.000000 437.000000 487.000000 487.000000 446.000000 338.000000 351.000000 351.000000 325.000000 320.000000 315.000000 287.000000 274.000000 274.000000 220.000000 209.000000 206.000000 204.000000 203.000000 212.000000 212.000000 203.000000 0.000000 202.000000 
p_vitulina415.000000 415.000000 407.000000 407.000000 588.000000 588.000000 522.000000 473.000000 430.000000 372.000000 478.000000 478.000000 413.000000 589.000000 589.000000 556.000000 496.000000 435.000000 485.000000 485.000000 444.000000 336.000000 349.000000 349.000000 323.000000 318.000000 313.000000 285.000000 272.000000 272.000000 218.000000 207.000000 204.000000 202.000000 201.000000 214.000000 214.000000 205.000000 202.000000 0.000000 

30
g_gulo     0.000000 0.537900 0.922300 0.896700 0.937600 0.927800 0.941600 0.969700 0.937200 0.931400 0.706100 0.875600 0.734300 0.740600 0.852200 0.766400 0.719400 0.835600 0.761800 0.753000 0.754200 0.836300 0.783100 0.648200 0.857100 0.790000 0.882900 0.701800 0.781500 0.755800 
l_pardalis0.537900 0.000000 1.024000 0.998400 1.039300 1.029500 1.043300 1.071400 1.038900 1.033100 0.807800 0.977300 0.836000 0.842300 0.953900 0.868100 0.821100 0.937300 0.863500 0.854700 0.855900 0.938000 0.884800 0.749900 0.958800 0.891700 0.984600 0.803500 0.883200 0.857500 
a_lagopus  0.922300 1.024000 0.000000 0.906600 0.990100 0.980300 0.994100 1.022200 0.989700 0.983900 0.877600 1.047100 0.905800 0.912100 1.023700 0.937900 0.890900 1.007100 0.933300 0.924500 0.925700 1.007800 0.954600 0.819700 1.028600 0.961500 1.054400 0.873300 0.953000 0.927300 
b_astutus  0.896700 0.998400 0.906600 0.000000 0.964500 0.954700 0.968500 0.996600 0.964100 0.958300 0.852000 1.021500 0.880200 0.886500 0.998100 0.912300 0.865300 0.981500 0.907700 0.898900 0.900100 0.982200 0.929000 0.794100 1.003000 0.935900 1.028800 0.847700 0.927400 0.901700 
t_taxus    0.937600 1.039300 0.990100 0.964500 0.000000 0.924200 0.967000 1.001900 0.980400 0.983000 0.892900 1.062400 0.921100 0.927400 1.039000 0.953200 0.906200 1.022400 0.948600 0.939800 0.941000 1.023100 0.969900 0.835000 1.043900 0.976800 1.069700 0.888600 0.968300 0.942600 
u_arctos   0.927800 1.029500 0.980300 0.954700 0.924200 0.000000 0.957200 0.992100 0.970600 0.973200 0.883100 1.052600 0.911300 0.917600 1.029200 0.943400 0.896400 1.012600 0.938800 0.930000 0.931200 1.013300 0.960100 0.825200 1.034100 0.967000 1.059900 0.878800 0.958500 0.932800 
s_putorius0.941600 1.043300 0.994100 0.968500 0.967000 0.957200 0.000000 1.005900 0.984400 0.987000 0.896900 1.066400 0.925100 0.931400 1.043000 0.957200 0.910200 1.026400 0.952600 0.943800 0.945000 1.027100 0.973900 0.839000 1.047900 0.980800 1.073700 0.892600 0.972300 0.946600 
v_vulpes   0.969700 1.071400 1.022200 0.996600 1.001900 0.992100 1.005900 0.000000 1.012500 1.015100 0.925000 1.094500 0.953200 0.959500 1.071100 0.985300 0.938300 1.054500 0.980700 0.971900 0.973100 1.055200 1.002000 0.867100 1.076000 1.008900 1.101800 0.920700 1.000400 0.974700 
n_narica   0.937200 1.038900 0.989700 0.964100 0.980400 0.970600 0.984400 1.012500 0.000000 0.982600 0.892500 1.062000 0.920700 0.927000 1.038600 0.952800 0.905800 1.022000 0.948200 0.939400 0.940600 1.022700 0.969500 0.834600 1.043500 0.976400 1.069300 0.888200 0.967900 0.942200 
h_yaguarondi0.931400 1.033100 0.983900 0.958300 0.983000 0.973200 0.987000 1.015100 0.982600 0.000000 0.886700 1.056200 0.914900 0.921200 1.032800 0.947000 0.900000 1.016200 0.942400 0.933600 0.934800 1.016900 0.963700 0.828800 1.037700 0.970600 1.063500 0.882400 0.962100 0.936400 
c_lupus    0.706100 0.807800 0.877600 0.852000 0.892900 0.883100 0.896900 0.925000 0.892500 0.886700 0.000000 0.532100 0.662200 0.668500 0.780100 0.694300 0.647300 0.763500 0.689700 0.680900 0.682100 0.764200 0.711000 0.576100 0.785000 0.717900 0.810800 0.629700 0.709400 0.683700 
c_leuconotus0.875600 0.977300 1.047100 1.021500 1.062400 1.052600 1.066400 1.094500 1.062000 1.056200 0.532100 0.000000 0.831700 0.838000 0.949600 0.863800 0.816800 0.933000 0.859200 0.850400 0.851600 0.933700 0.880500 0.745600 0.954500 0.887400 0.980300 0.799200 0.878900 0.853200 
l_rufus    0.734300 0.836000 0.905800 0.880200 0.921100 0.911300 0.925100 0.953200 0.920700 0.914900 0.662200 0.831700 0.000000 0.508700 0.678500 0.592700 0.650700 0.766900 0.693100 0.684300 0.685500 0.767600 0.714400 0.579500 0.788400 0.721300 0.814200 0.633100 0.712800 0.687100 
p_lotor    0.740600 0.842300 0.912100 0.886500 0.927400 0.917600 0.931400 0.959500 0.927000 0.921200 0.668500 0.838000 0.508700 0.000000 0.684800 0.599000 0.657000 0.773200 0.699400 0.690600 0.691800 0.773900 0.720700 0.585800 0.794700 0.727600 0.820500 0.639400 0.719100 0.693400 
p_concolor0.852200 0.953900 1.023700 0.998100 1.039000 1.029200 1.043000 1.071100 1.038600 1.032800 0.780100 0.949600 0.678500 0.684800 0.000000 0.468200 0.768600 0.884800 0.811000 0.802200 0.803400 0.885500 0.832300 0.697400 0.906300 0.839200 0.932100 0.751000 0.830700 0.805000 
s_pygmaea  0.766400 0.868100 0.937900 0.912300 0.953200 0.943400 0.957200 0.985300 0.952800 0.947000 0.694300 0.863800 0.592700 0.599000 0.468200 0.000000 0.682800 0.799000 0.725200 0.716400 0.717600 0.799700 0.746500 0.611600 0.820500 0.753400 0.846300 0.665200 0.744900 0.719200 
m_frenata  0.719400 0.821100 0.890900 0.865300 0.906200 0.896400 0.910200 0.938300 0.905800 0.900000 0.647300 0.816800 0.650700 0.657000 0.768600 0.682800 0.000000 0.526200 0.661200 0.652400 0.653600 0.735700 0.682500 0.547600 0.756500 0.689400 0.782300 0.601200 0.680900 0.655200 
p_onca     0.835600 0.937300 1.007100 0.981500 1.022400 1.012600 1.026400 1.054500 1.022000 1.016200 0.763500 0.933000 0.766900 0.773200 0.884800 0.799000 0.526200 0.000000 0.777400 0.768600 0.769800 0.851900 0.798700 0.663800 0.872700 0.805600 0.898500 0.717400 0.797100 0.771400 
lo_canaden0.761800 0.863500 0.933300 0.907700 0.948600 0.938800 0.952600 0.980700 0.948200 0.942400 0.689700 0.859200 0.693100 0.699400 0.811000 0.725200 0.661200 0.777400 0.000000 0.415200 0.519200 0.613900 0.560700 0.502400 0.711300 0.644200 0.785100 0.604000 0.683700 0.658000 
m_nivalis  0.753000 0.854700 0.924500 0.898900 0.939800 0.930000 0.943800 0.971900 0.939400 0.933600 0.680900 0.850400 0.684300 0.690600 0.802200 0.716400 0.652400 0.768600 0.415200 0.000000 0.510400 0.605100 0.551900 0.493600 0.702500 0.635400 0.776300 0.595200 0.674900 0.649200 
m_mephitis0.754200 0.855900 0.925700 0.900100 0.941000 0.931200 0.945000 0.973100 0.940600 0.934800 0.682100 0.851600 0.685500 0.691800 0.803400 0.717600 0.653600 0.769800 0.519200 0.510400 0.000000 0.606300 0.553100 0.494800 0.703700 0.636600 0.777500 0.596400 0.676100 0.650400 
m_americana0.836300 0.938000 1.007800 0.982200 1.023100 1.013300 1.027100 1.055200 1.022700 1.016900 0.764200 0.933700 0.767600 0.773900 0.885500 0.799700 0.735700 0.851900 0.613900 0.605100 0.606300 0.000000 0.503000 0.576900 0.785800 0.718700 0.859600 0.678500 0.758200 0.732500 
u_littoralis0.783100 0.884800 0.954600 0.929000 0.969900 0.960100 0.973900 1.002000 0.969500 0.963700 0.711000 0.880500 0.714400 0.720700 0.832300 0.746500 0.682500 0.798700 0.560700 0.551900 0.553100 0.503000 0.000000 0.523700 0.732600 0.665500 0.806400 0.625300 0.705000 0.679300 
c_latrans  0.648200 0.749900 0.819700 0.794100 0.835000 0.825200 0.839000 0.867100 0.834600 0.828800 0.576100 0.745600 0.579500 0.585800 0.697400 0.611600 0.547600 0.663800 0.502400 0.493600 0.494800 0.576900 0.523700 0.000000 0.502700 0.501200 0.671500 0.490400 0.570100 0.544400 
m_pennanti0.857100 0.958800 1.028600 1.003000 1.043900 1.034100 1.047900 1.076000 1.043500 1.037700 0.785000 0.954500 0.788400 0.794700 0.906300 0.820500 0.756500 0.872700 0.711300 0.702500 0.703700 0.785800 0.732600 0.502700 0.000000 0.710100 0.880400 0.699300 0.779000 0.753300 
ly_canaden0.790000 0.891700 0.961500 0.935900 0.976800 0.967000 0.980800 1.008900 0.976400 0.970600 0.717900 0.887400 0.721300 0.727600 0.839200 0.753400 0.689400 0.805600 0.644200 0.635400 0.636600 0.718700 0.665500 0.501200 0.710100 0.000000 0.813300 0.632200 0.711900 0.686200 
m_vison    0.882900 0.984600 1.054400 1.028800 1.069700 1.059900 1.073700 1.101800 1.069300 1.063500 0.810800 0.980300 0.814200 0.820500 0.932100 0.846300 0.782300 0.898500 0.785100 0.776300 0.777500 0.859600 0.806400 0.671500 0.880400 0.813300 0.000000 0.333500 0.567000 0.727700 
v_velox    0.701800 0.803500 0.873300 0.847700 0.888600 0.878800 0.892600 0.920700 0.888200 0.882400 0.629700 0.799200 0.633100 0.639400 0.751000 0.665200 0.601200 0.717400 0.604000 0.595200 0.596400 0.678500 0.625300 0.490400 0.699300 0.632200 0.333500 0.000000 0.385900 0.546600 
u_americanus0.781500 0.883200 0.953000 0.927400 0.968300 0.958500 0.972300 1.000400 0.967900 0.962100 0.709400 0.878900 0.712800 0.719100 0.830700 0.744900 0.680900 0.797100 0.683700 0.674900 0.676100 0.758200 0.705000 0.570100 0.779000 0.711900 0.567000 0.385900 0.000000 0.626300 
m_erminea  0.755800 0.857500 0.927300 0.901700 0.942600 0.932800 0.946600 0.974700 0.942200 0.936400 0.683700 0.853200 0.687100 0.693400 0.805000 0.719200 0.655200 0.771400 0.658000 0.649200 0.650400 0.732500 0.679300 0.544400 0.753300 0.686200 0.727700 0.546600 0.626300 0.000000 

