20
g_gulo     0.000000 200.000000 258.000000 276.000000 304.000000 404.000000 404.000000 383.000000 414.000000 706.000000 706.000000 636.000000 634.000000 634.000000 587.000000 587.000000 514.000000 575.000000 575.000000 442.000000 
m_erminea  200.000000 0.000000 258.000000 276.000000 304.000000 404.000000 404.000000 383.000000 414.000000 706.000000 706.000000 636.000000 634.000000 634.000000 587.000000 587.000000 514.000000 575.000000 575.000000 442.000000 
n_vison    258.000000 258.000000 0.000000 218.000000 246.000000 346.000000 346.000000 325.000000 356.000000 648.000000 648.000000 578.000000 576.000000 576.000000 529.000000 529.000000 456.000000 517.000000 517.000000 384.000000 
m_nivalis  276.000000 276.000000 218.000000 0.000000 228.000000 328.000000 328.000000 307.000000 338.000000 630.000000 630.000000 560.000000 558.000000 558.000000 511.000000 511.000000 438.000000 499.000000 499.000000 366.000000 
m_american304.000000 304.000000 246.000000 228.000000 0.000000 300.000000 300.000000 279.000000 310.000000 602.000000 602.000000 532.000000 530.000000 530.000000 483.000000 483.000000 410.000000 471.000000 471.000000 338.000000 
lo_canaden404.000000 404.000000 346.000000 328.000000 300.000000 0.000000 200.000000 303.000000 334.000000 626.000000 626.000000 556.000000 554.000000 554.000000 507.000000 507.000000 434.000000 495.000000 495.000000 362.000000 
m_frenata  404.000000 404.000000 346.000000 328.000000 300.000000 200.000000 0.000000 303.000000 334.000000 626.000000 626.000000 556.000000 554.000000 554.000000 507.000000 507.000000 434.000000 495.000000 495.000000 362.000000 
m_pennanti383.000000 383.000000 325.000000 307.000000 279.000000 303.000000 303.000000 0.000000 231.000000 523.000000 523.000000 453.000000 451.000000 451.000000 404.000000 404.000000 331.000000 392.000000 392.000000 259.000000 
u_arctos   414.000000 414.000000 356.000000 338.000000 310.000000 334.000000 334.000000 231.000000 0.000000 492.000000 492.000000 422.000000 420.000000 420.000000 373.000000 373.000000 300.000000 361.000000 361.000000 228.000000 
l_pardalis706.000000 706.000000 648.000000 630.000000 602.000000 626.000000 626.000000 523.000000 492.000000 0.000000 200.000000 270.000000 464.000000 464.000000 581.000000 581.000000 508.000000 569.000000 569.000000 464.000000 
ly_canaden706.000000 706.000000 648.000000 630.000000 602.000000 626.000000 626.000000 523.000000 492.000000 200.000000 0.000000 270.000000 464.000000 464.000000 581.000000 581.000000 508.000000 569.000000 569.000000 464.000000 
p_onca     636.000000 636.000000 578.000000 560.000000 532.000000 556.000000 556.000000 453.000000 422.000000 270.000000 270.000000 0.000000 394.000000 394.000000 511.000000 511.000000 438.000000 499.000000 499.000000 394.000000 
c_lupus    634.000000 634.000000 576.000000 558.000000 530.000000 554.000000 554.000000 451.000000 420.000000 464.000000 464.000000 394.000000 0.000000 200.000000 509.000000 509.000000 436.000000 497.000000 497.000000 392.000000 
v_lagopus  634.000000 634.000000 576.000000 558.000000 530.000000 554.000000 554.000000 451.000000 420.000000 464.000000 464.000000 394.000000 200.000000 0.000000 509.000000 509.000000 436.000000 497.000000 497.000000 392.000000 
p_lotor    587.000000 587.000000 529.000000 511.000000 483.000000 507.000000 507.000000 404.000000 373.000000 581.000000 581.000000 511.000000 509.000000 509.000000 0.000000 200.000000 273.000000 404.000000 404.000000 345.000000 
b_astutus  587.000000 587.000000 529.000000 511.000000 483.000000 507.000000 507.000000 404.000000 373.000000 581.000000 581.000000 511.000000 509.000000 509.000000 200.000000 0.000000 273.000000 404.000000 404.000000 345.000000 
n_narica   514.000000 514.000000 456.000000 438.000000 410.000000 434.000000 434.000000 331.000000 300.000000 508.000000 508.000000 438.000000 436.000000 436.000000 273.000000 273.000000 0.000000 331.000000 331.000000 272.000000 
s_putorius575.000000 575.000000 517.000000 499.000000 471.000000 495.000000 495.000000 392.000000 361.000000 569.000000 569.000000 499.000000 497.000000 497.000000 404.000000 404.000000 331.000000 0.000000 200.000000 333.000000 
m_mephitis575.000000 575.000000 517.000000 499.000000 471.000000 495.000000 495.000000 392.000000 361.000000 569.000000 569.000000 499.000000 497.000000 497.000000 404.000000 404.000000 331.000000 200.000000 0.000000 333.000000 
t_taxus    442.000000 442.000000 384.000000 366.000000 338.000000 362.000000 362.000000 259.000000 228.000000 464.000000 464.000000 394.000000 392.000000 392.000000 345.000000 345.000000 272.000000 333.000000 333.000000 0.000000 

30
s_putorius0.000000 4.499800 8.019500 10.369500 9.959400 11.753700 12.325100 11.261700 10.286600 9.113400 8.845600 12.015400 7.895400 10.579900 8.833500 7.967700 10.874400 9.661400 8.090000 8.057900 8.532800 8.182800 8.113200 9.503200 8.706300 8.785800 8.326100 10.346900 7.603600 9.590100 
s_pygmaea  4.499800 0.000000 4.798100 7.148100 6.738000 8.532300 9.103700 8.040300 7.065200 5.892000 5.624200 8.794000 4.674000 7.358500 5.612100 4.746300 7.653000 6.440000 4.868600 4.836500 5.311400 4.961400 4.891800 6.281800 5.484900 5.564400 5.104700 7.125500 4.382200 6.368700 
a_lagopus  8.019500 4.798100 0.000000 3.499800 4.174900 8.242000 8.813400 7.750000 6.774900 5.665900 5.398100 8.567900 4.447900 7.132400 5.386000 4.520200 7.426900 6.213900 4.642500 4.610400 5.085300 4.735300 4.665700 6.055700 5.258800 5.338300 4.878600 6.899400 4.156100 6.142600 
c_leuconotus10.369500 7.148100 3.499800 0.000000 6.524900 10.592000 11.163400 10.100000 9.124900 8.015900 7.748100 10.917900 6.797900 9.482400 7.736000 6.870200 9.776900 8.563900 6.992500 6.960400 7.435300 7.085300 7.015700 8.405700 7.608800 7.688300 7.228600 9.249400 6.506100 8.492600 
b_astutus  9.959400 6.738000 4.174900 6.524900 0.000000 10.181900 10.753300 9.689900 8.714800 7.605800 7.338000 10.507800 6.387800 9.072300 7.325900 6.460100 9.366800 8.153800 6.582400 6.550300 7.025200 6.675200 6.605600 7.995600 7.198700 7.278200 6.818500 8.839300 6.096000 8.082500 
n_narica   11.753700 8.532300 8.242000 10.592000 10.181900 0.000000 10.000000 9.314200 9.740300 9.400100 9.132300 12.302100 8.182100 10.866600 9.120200 8.254400 11.161100 9.948100 8.376700 8.344600 8.819500 8.469500 8.399900 9.789900 8.993000 9.072500 8.612800 10.633600 7.890300 9.876800 
v_vulpes   12.325100 9.103700 8.813400 11.163400 10.753300 10.000000 0.000000 9.885600 10.311700 9.971500 9.703700 12.873500 8.753500 11.438000 9.691600 8.825800 11.732500 10.519500 8.948100 8.916000 9.390900 9.040900 8.971300 10.361300 9.564400 9.643900 9.184200 11.205000 8.461700 10.448200 
h_yaguarondi11.261700 8.040300 7.750000 10.100000 9.689900 9.314200 9.885600 0.000000 9.248300 8.908100 8.640300 11.810100 7.690100 10.374600 8.628200 7.762400 10.669100 9.456100 7.884700 7.852600 8.327500 7.977500 7.907900 9.297900 8.501000 8.580500 8.120800 10.141600 7.398300 9.384800 
u_arctos   10.286600 7.065200 6.774900 9.124900 8.714800 9.740300 10.311700 9.248300 0.000000 7.933000 7.665200 10.835000 6.715000 9.399500 7.653100 6.787300 9.694000 8.481000 6.909600 6.877500 7.352400 7.002400 6.932800 8.322800 7.525900 7.605400 7.145700 9.166500 6.423200 8.409700 
p_lotor    9.113400 5.892000 5.665900 8.015900 7.605800 9.400100 9.971500 8.908100 7.933000 0.000000 4.000600 9.227400 5.107400 7.791900 6.045500 5.179700 8.086400 6.873400 5.302000 5.269900 5.744800 5.394800 5.325200 6.715200 5.918300 5.997800 5.538100 7.558900 4.815600 6.802100 
p_concolor8.845600 5.624200 5.398100 7.748100 7.338000 9.132300 9.703700 8.640300 7.665200 4.000600 0.000000 8.959600 4.839600 7.524100 5.777700 4.911900 7.818600 6.605600 5.034200 5.002100 5.477000 5.127000 5.057400 6.447400 5.650500 5.730000 5.270300 7.291100 4.547800 6.534300 
t_taxus    12.015400 8.794000 8.567900 10.917900 10.507800 12.302100 12.873500 11.810100 10.835000 9.227400 8.959600 0.000000 4.120000 10.451300 8.704900 7.839100 10.745800 9.532800 7.961400 7.929300 8.404200 8.054200 7.984600 9.374600 8.577700 8.657200 8.197500 10.218300 7.475000 9.461500 
u_littoralis7.895400 4.674000 4.447900 6.797900 6.387800 8.182100 8.753500 7.690100 6.715000 5.107400 4.839600 4.120000 0.000000 6.331300 4.584900 3.719100 6.625800 5.412800 3.841400 3.809300 4.284200 3.934200 3.864600 5.254600 4.457700 4.537200 4.077500 6.098300 3.355000 5.341500 
m_vison    10.579900 7.358500 7.132400 9.482400 9.072300 10.866600 11.438000 10.374600 9.399500 7.791900 7.524100 10.451300 6.331300 0.000000 1.899800 6.251400 9.158100 7.945100 6.373700 6.341600 6.816500 6.466500 6.396900 7.786900 6.990000 7.069500 6.609800 8.630600 5.887300 7.873800 
p_onca     8.833500 5.612100 5.386000 7.736000 7.325900 9.120200 9.691600 8.628200 7.653100 6.045500 5.777700 8.704900 4.584900 1.899800 0.000000 4.505000 7.411700 6.198700 4.627300 4.595200 5.070100 4.720100 4.650500 6.040500 5.243600 5.323100 4.863400 6.884200 4.140900 6.127400 
c_lupus    7.967700 4.746300 4.520200 6.870200 6.460100 8.254400 8.825800 7.762400 6.787300 5.179700 4.911900 7.839100 3.719100 6.251400 4.505000 0.000000 2.906700 5.100300 3.528900 3.496800 3.971700 3.621700 3.552100 4.942100 4.145200 4.224700 3.765000 5.785800 3.042500 5.029000 
l_pardalis10.874400 7.653000 7.426900 9.776900 9.366800 11.161100 11.732500 10.669100 9.694000 8.086400 7.818600 10.745800 6.625800 9.158100 7.411700 2.906700 0.000000 8.007000 6.435600 6.403500 6.878400 6.528400 6.458800 7.848800 7.051900 7.131400 6.671700 8.692500 5.949200 7.935700 
m_americana9.661400 6.440000 6.213900 8.563900 8.153800 9.948100 10.519500 9.456100 8.481000 6.873400 6.605600 9.532800 5.412800 7.945100 6.198700 5.100300 8.007000 0.000000 2.778600 2.746500 3.566600 3.216600 3.714600 5.104600 4.307700 4.387200 3.927500 6.512100 3.768800 5.755300 
m_nivalis  8.090000 4.868600 4.642500 6.992500 6.582400 8.376700 8.948100 7.884700 6.909600 5.302000 5.034200 7.961400 3.841400 6.373700 4.627300 3.528900 6.435600 2.778600 0.000000 1.175100 1.995200 1.645200 2.143200 3.533200 2.736300 2.815800 2.356100 4.940700 2.197400 4.183900 
m_mephitis8.057900 4.836500 4.610400 6.960400 6.550300 8.344600 8.916000 7.852600 6.877500 5.269900 5.002100 7.929300 3.809300 6.341600 4.595200 3.496800 6.403500 2.746500 1.175100 0.000000 1.963100 1.613100 2.111100 3.501100 2.704200 2.783700 2.324000 4.908600 2.165300 4.151800 
m_erminea  8.532800 5.311400 5.085300 7.435300 7.025200 8.819500 9.390900 8.327500 7.352400 5.744800 5.477000 8.404200 4.284200 6.816500 5.070100 3.971700 6.878400 3.566600 1.995200 1.963100 0.000000 1.000400 2.586000 3.976000 3.179100 3.258600 2.798900 5.383500 2.640200 4.626700 
m_frenata  8.182800 4.961400 4.735300 7.085300 6.675200 8.469500 9.040900 7.977500 7.002400 5.394800 5.127000 8.054200 3.934200 6.466500 4.720100 3.621700 6.528400 3.216600 1.645200 1.613100 1.000400 0.000000 2.236000 3.626000 2.829100 2.908600 2.448900 5.033500 2.290200 4.276700 
c_latrans  8.113200 4.891800 4.665700 7.015700 6.605600 8.399900 8.971300 7.907900 6.932800 5.325200 5.057400 7.984600 3.864600 6.396900 4.650500 3.552100 6.458800 3.714600 2.143200 2.111100 2.586000 2.236000 0.000000 1.390000 1.605100 2.172000 1.736500 4.963900 2.220600 4.207100 
m_pennanti9.503200 6.281800 6.055700 8.405700 7.995600 9.789900 10.361300 9.297900 8.322800 6.715200 6.447400 9.374600 5.254600 7.786900 6.040500 4.942100 7.848800 5.104600 3.533200 3.501100 3.976000 3.626000 1.390000 0.000000 2.995100 3.562000 3.126500 6.353900 3.610600 5.597100 
l_canadensis8.706300 5.484900 5.258800 7.608800 7.198700 8.993000 9.564400 8.501000 7.525900 5.918300 5.650500 8.577700 4.457700 6.990000 5.243600 4.145200 7.051900 4.307700 2.736300 2.704200 3.179100 2.829100 1.605100 2.995100 0.000000 2.765100 2.329600 5.557000 2.813700 4.800200 
l_rufus    8.785800 5.564400 5.338300 7.688300 7.278200 9.072500 9.643900 8.580500 7.605400 5.997800 5.730000 8.657200 4.537200 7.069500 5.323100 4.224700 7.131400 4.387200 2.815800 2.783700 3.258600 2.908600 2.172000 3.562000 2.765100 0.000000 2.409100 5.636500 2.893200 4.879700 
l_canadensis8.326100 5.104700 4.878600 7.228600 6.818500 8.612800 9.184200 8.120800 7.145700 5.538100 5.270300 8.197500 4.077500 6.609800 4.863400 3.765000 6.671700 3.927500 2.356100 2.324000 2.798900 2.448900 1.736500 3.126500 2.329600 2.409100 0.000000 5.176800 2.433500 4.420000 
u_americanus10.346900 7.125500 6.899400 9.249400 8.839300 10.633600 11.205000 10.141600 9.166500 7.558900 7.291100 10.218300 6.098300 8.630600 6.884200 5.785800 8.692500 6.512100 4.940700 4.908600 5.383500 5.033500 4.963900 6.353900 5.557000 5.636500 5.176800 0.000000 2.743300 5.821800 
v_velox    7.603600 4.382200 4.156100 6.506100 6.096000 7.890300 8.461700 7.398300 6.423200 4.815600 4.547800 7.475000 3.355000 5.887300 4.140900 3.042500 5.949200 3.768800 2.197400 2.165300 2.640200 2.290200 2.220600 3.610600 2.813700 2.893200 2.433500 2.743300 0.000000 3.078500 
g_gulo     9.590100 6.368700 6.142600 8.492600 8.082500 9.876800 10.448200 9.384800 8.409700 6.802100 6.534300 9.461500 5.341500 7.873800 6.127400 5.029000 7.935700 5.755300 4.183900 4.151800 4.626700 4.276700 4.207100 5.597100 4.800200 4.879700 4.420000 5.821800 3.078500 0.000000 

