23
u_arctos   0.000000 200.000000 459.000000 459.000000 400.000000 529.000000 529.000000 579.000000 579.000000 527.000000 839.000000 839.000000 884.000000 884.000000 714.000000 816.000000 816.000000 735.000000 580.000000 705.000000 705.000000 609.000000 425.000000 
u_american200.000000 0.000000 459.000000 459.000000 400.000000 529.000000 529.000000 579.000000 579.000000 527.000000 839.000000 839.000000 884.000000 884.000000 714.000000 816.000000 816.000000 735.000000 580.000000 705.000000 705.000000 609.000000 425.000000 
c_lupus    459.000000 459.000000 0.000000 200.000000 259.000000 588.000000 588.000000 638.000000 638.000000 586.000000 898.000000 898.000000 943.000000 943.000000 773.000000 875.000000 875.000000 794.000000 639.000000 764.000000 764.000000 668.000000 484.000000 
v_lagopus  459.000000 459.000000 200.000000 0.000000 259.000000 588.000000 588.000000 638.000000 638.000000 586.000000 898.000000 898.000000 943.000000 943.000000 773.000000 875.000000 875.000000 794.000000 639.000000 764.000000 764.000000 668.000000 484.000000 
v_velox    400.000000 400.000000 259.000000 259.000000 0.000000 529.000000 529.000000 579.000000 579.000000 527.000000 839.000000 839.000000 884.000000 884.000000 714.000000 816.000000 816.000000 735.000000 580.000000 705.000000 705.000000 609.000000 425.000000 
ly_canaden529.000000 529.000000 588.000000 588.000000 529.000000 0.000000 200.000000 376.000000 376.000000 324.000000 836.000000 836.000000 881.000000 881.000000 711.000000 813.000000 813.000000 732.000000 577.000000 702.000000 702.000000 606.000000 422.000000 
l_rufus    529.000000 529.000000 588.000000 588.000000 529.000000 200.000000 0.000000 376.000000 376.000000 324.000000 836.000000 836.000000 881.000000 881.000000 711.000000 813.000000 813.000000 732.000000 577.000000 702.000000 702.000000 606.000000 422.000000 
p_onca     579.000000 579.000000 638.000000 638.000000 579.000000 376.000000 376.000000 0.000000 200.000000 252.000000 886.000000 886.000000 931.000000 931.000000 761.000000 863.000000 863.000000 782.000000 627.000000 752.000000 752.000000 656.000000 472.000000 
l_pardalis579.000000 579.000000 638.000000 638.000000 579.000000 376.000000 376.000000 200.000000 0.000000 252.000000 886.000000 886.000000 931.000000 931.000000 761.000000 863.000000 863.000000 782.000000 627.000000 752.000000 752.000000 656.000000 472.000000 
p_concolor527.000000 527.000000 586.000000 586.000000 527.000000 324.000000 324.000000 252.000000 252.000000 0.000000 834.000000 834.000000 879.000000 879.000000 709.000000 811.000000 811.000000 730.000000 575.000000 700.000000 700.000000 604.000000 420.000000 
m_nivalis  839.000000 839.000000 898.000000 898.000000 839.000000 836.000000 836.000000 886.000000 886.000000 834.000000 0.000000 200.000000 345.000000 345.000000 325.000000 577.000000 577.000000 496.000000 459.000000 722.000000 722.000000 626.000000 614.000000 
m_erminea  839.000000 839.000000 898.000000 898.000000 839.000000 836.000000 836.000000 886.000000 886.000000 834.000000 200.000000 0.000000 345.000000 345.000000 325.000000 577.000000 577.000000 496.000000 459.000000 722.000000 722.000000 626.000000 614.000000 
m_frenata  884.000000 884.000000 943.000000 943.000000 884.000000 881.000000 881.000000 931.000000 931.000000 879.000000 345.000000 345.000000 0.000000 200.000000 370.000000 622.000000 622.000000 541.000000 504.000000 767.000000 767.000000 671.000000 659.000000 
n_vison    884.000000 884.000000 943.000000 943.000000 884.000000 881.000000 881.000000 931.000000 931.000000 879.000000 345.000000 345.000000 200.000000 0.000000 370.000000 622.000000 622.000000 541.000000 504.000000 767.000000 767.000000 671.000000 659.000000 
lo_canaden714.000000 714.000000 773.000000 773.000000 714.000000 711.000000 711.000000 761.000000 761.000000 709.000000 325.000000 325.000000 370.000000 370.000000 0.000000 452.000000 452.000000 371.000000 334.000000 597.000000 597.000000 501.000000 489.000000 
m_american816.000000 816.000000 875.000000 875.000000 816.000000 813.000000 813.000000 863.000000 863.000000 811.000000 577.000000 577.000000 622.000000 622.000000 452.000000 0.000000 200.000000 281.000000 436.000000 699.000000 699.000000 603.000000 591.000000 
g_gulo     816.000000 816.000000 875.000000 875.000000 816.000000 813.000000 813.000000 863.000000 863.000000 811.000000 577.000000 577.000000 622.000000 622.000000 452.000000 200.000000 0.000000 281.000000 436.000000 699.000000 699.000000 603.000000 591.000000 
m_pennanti735.000000 735.000000 794.000000 794.000000 735.000000 732.000000 732.000000 782.000000 782.000000 730.000000 496.000000 496.000000 541.000000 541.000000 371.000000 281.000000 281.000000 0.000000 355.000000 618.000000 618.000000 522.000000 510.000000 
t_taxus    580.000000 580.000000 639.000000 639.000000 580.000000 577.000000 577.000000 627.000000 627.000000 575.000000 459.000000 459.000000 504.000000 504.000000 334.000000 436.000000 436.000000 355.000000 0.000000 463.000000 463.000000 367.000000 355.000000 
b_astutus  705.000000 705.000000 764.000000 764.000000 705.000000 702.000000 702.000000 752.000000 752.000000 700.000000 722.000000 722.000000 767.000000 767.000000 597.000000 699.000000 699.000000 618.000000 463.000000 0.000000 200.000000 296.000000 480.000000 
p_lotor    705.000000 705.000000 764.000000 764.000000 705.000000 702.000000 702.000000 752.000000 752.000000 700.000000 722.000000 722.000000 767.000000 767.000000 597.000000 699.000000 699.000000 618.000000 463.000000 200.000000 0.000000 296.000000 480.000000 
n_narica   609.000000 609.000000 668.000000 668.000000 609.000000 606.000000 606.000000 656.000000 656.000000 604.000000 626.000000 626.000000 671.000000 671.000000 501.000000 603.000000 603.000000 522.000000 367.000000 296.000000 296.000000 0.000000 384.000000 
m_mephitis425.000000 425.000000 484.000000 484.000000 425.000000 422.000000 422.000000 472.000000 472.000000 420.000000 614.000000 614.000000 659.000000 659.000000 489.000000 591.000000 591.000000 510.000000 355.000000 480.000000 480.000000 384.000000 0.000000 

30
c_latrans  0.000000 0.400400 0.503700 0.538000 0.757700 0.640900 0.653100 0.689800 0.707100 0.701500 0.619000 0.588800 0.602400 0.590100 0.701100 0.652800 0.533200 0.712400 0.765600 0.591300 0.846000 0.710100 0.695500 0.779300 0.883000 0.852300 0.881200 0.877900 0.904600 0.840500 
l_pardalis0.400400 0.000000 0.715900 0.750200 0.969900 0.853100 0.865300 0.902000 0.919300 0.913700 0.831200 0.801000 0.814600 0.802300 0.913300 0.865000 0.745400 0.924600 0.977800 0.803500 1.058200 0.922300 0.907700 0.991500 1.095200 1.064500 1.093400 1.090100 1.116800 1.052700 
a_lagopus  0.503700 0.715900 0.000000 0.652300 0.872000 0.755200 0.767400 0.804100 0.821400 0.815800 0.733300 0.703100 0.716700 0.704400 0.815400 0.767100 0.647500 0.826700 0.879900 0.705600 0.960300 0.824400 0.809800 0.893600 0.997300 0.966600 0.995500 0.992200 1.018900 0.954800 
c_lupus    0.538000 0.750200 0.652300 0.000000 0.449900 0.669300 0.681500 0.718200 0.735500 0.729900 0.647400 0.617200 0.630800 0.618500 0.729500 0.681200 0.561600 0.740800 0.794000 0.619700 0.874400 0.738500 0.723900 0.807700 0.911400 0.880700 0.909600 0.906300 0.933000 0.868900 
c_leuconotus0.757700 0.969900 0.872000 0.449900 0.000000 0.889000 0.901200 0.937900 0.955200 0.949600 0.867100 0.836900 0.850500 0.838200 0.949200 0.900900 0.781300 0.960500 1.013700 0.839400 1.094100 0.958200 0.943600 1.027400 1.131100 1.100400 1.129300 1.126000 1.152700 1.088600 
ly_canaden0.640900 0.853100 0.755200 0.669300 0.889000 0.000000 0.450200 0.578900 0.693000 0.699800 0.617300 0.587100 0.600700 0.588400 0.699400 0.651100 0.531500 0.710700 0.846300 0.672000 0.926700 0.790800 0.776200 0.860000 0.963700 0.933000 0.961900 0.958600 0.985300 0.921200 
l_rufus    0.653100 0.865300 0.767400 0.681500 0.901200 0.450200 0.000000 0.591100 0.705200 0.712000 0.629500 0.599300 0.612900 0.600600 0.711600 0.663300 0.543700 0.722900 0.858500 0.684200 0.938900 0.803000 0.788400 0.872200 0.975900 0.945200 0.974100 0.970800 0.997500 0.933400 
m_pennanti0.689800 0.902000 0.804100 0.718200 0.937900 0.578900 0.591100 0.000000 0.741900 0.748700 0.666200 0.636000 0.649600 0.637300 0.748300 0.700000 0.580400 0.759600 0.895200 0.720900 0.975600 0.839700 0.825100 0.908900 1.012600 0.981900 1.010800 1.007500 1.034200 0.970100 
p_onca     0.707100 0.919300 0.821400 0.735500 0.955200 0.693000 0.705200 0.741900 0.000000 0.766000 0.683500 0.653300 0.666900 0.654600 0.765600 0.717300 0.597700 0.776900 0.912500 0.738200 0.992900 0.857000 0.842400 0.926200 1.029900 0.999200 1.028100 1.024800 1.051500 0.987400 
m_americana0.701500 0.913700 0.815800 0.729900 0.949600 0.699800 0.712000 0.748700 0.766000 0.000000 0.490100 0.563100 0.576700 0.564400 0.675400 0.639900 0.520300 0.699500 0.906900 0.732600 0.987300 0.851400 0.836800 0.920600 1.024300 0.993600 1.022500 1.019200 1.045900 0.981800 
m_frenata  0.619000 0.831200 0.733300 0.647400 0.867100 0.617300 0.629500 0.666200 0.683500 0.490100 0.000000 0.480600 0.494200 0.481900 0.592900 0.557400 0.437800 0.617000 0.824400 0.650100 0.904800 0.768900 0.754300 0.838100 0.941800 0.911100 0.940000 0.936700 0.963400 0.899300 
lo_canaden0.588800 0.801000 0.703100 0.617200 0.836900 0.587100 0.599300 0.636000 0.653300 0.563100 0.480600 0.000000 0.269600 0.343700 0.494700 0.527200 0.407600 0.586800 0.794200 0.619900 0.874600 0.738700 0.724100 0.807900 0.911600 0.880900 0.909800 0.906500 0.933200 0.869100 
m_nivalis  0.602400 0.814600 0.716700 0.630800 0.850500 0.600700 0.612900 0.649600 0.666900 0.576700 0.494200 0.269600 0.000000 0.357300 0.508300 0.540800 0.421200 0.600400 0.807800 0.633500 0.888200 0.752300 0.737700 0.821500 0.925200 0.894500 0.923400 0.920100 0.946800 0.882700 
m_mephitis0.590100 0.802300 0.704400 0.618500 0.838200 0.588400 0.600600 0.637300 0.654600 0.564400 0.481900 0.343700 0.357300 0.000000 0.496000 0.528500 0.408900 0.588100 0.795500 0.621200 0.875900 0.740000 0.725400 0.809200 0.912900 0.882200 0.911100 0.907800 0.934500 0.870400 
g_gulo     0.701100 0.913300 0.815400 0.729500 0.949200 0.699400 0.711600 0.748300 0.765600 0.675400 0.592900 0.494700 0.508300 0.496000 0.000000 0.639500 0.519900 0.699100 0.906500 0.732200 0.986900 0.851000 0.836400 0.920200 1.023900 0.993200 1.022100 1.018800 1.045500 0.981400 
m_erminea  0.652800 0.865000 0.767100 0.681200 0.900900 0.651100 0.663300 0.700000 0.717300 0.639900 0.557400 0.527200 0.540800 0.528500 0.639500 0.000000 0.180000 0.509800 0.858200 0.683900 0.938600 0.802700 0.788100 0.871900 0.975600 0.944900 0.973800 0.970500 0.997200 0.933100 
v_velox    0.533200 0.745400 0.647500 0.561600 0.781300 0.531500 0.543700 0.580400 0.597700 0.520300 0.437800 0.407600 0.421200 0.408900 0.519900 0.180000 0.000000 0.390200 0.738600 0.564300 0.819000 0.683100 0.668500 0.752300 0.856000 0.825300 0.854200 0.850900 0.877600 0.813500 
u_americanus0.712400 0.924600 0.826700 0.740800 0.960500 0.710700 0.722900 0.759600 0.776900 0.699500 0.617000 0.586800 0.600400 0.588100 0.699100 0.509800 0.390200 0.000000 0.917800 0.743500 0.998200 0.862300 0.847700 0.931500 1.035200 1.004500 1.033400 1.030100 1.056800 0.992700 
m_vison    0.765600 0.977800 0.879900 0.794000 1.013700 0.846300 0.858500 0.895200 0.912500 0.906900 0.824400 0.794200 0.807800 0.795500 0.906500 0.858200 0.738600 0.917800 0.000000 0.319500 0.893200 0.842500 0.827900 0.911700 1.015400 0.984700 1.013600 1.010300 1.037000 0.972900 
u_littoralis0.591300 0.803500 0.705600 0.619700 0.839400 0.672000 0.684200 0.720900 0.738200 0.732600 0.650100 0.619900 0.633500 0.621200 0.732200 0.683900 0.564300 0.743500 0.319500 0.000000 0.718900 0.668200 0.653600 0.737400 0.841100 0.810400 0.839300 0.836000 0.862700 0.798600 
t_taxus    0.846000 1.058200 0.960300 0.874400 1.094100 0.926700 0.938900 0.975600 0.992900 0.987300 0.904800 0.874600 0.888200 0.875900 0.986900 0.938600 0.819000 0.998200 0.893200 0.718900 0.000000 0.922900 0.908300 0.992100 1.095800 1.065100 1.094000 1.090700 1.117400 1.053300 
p_lotor    0.710100 0.922300 0.824400 0.738500 0.958200 0.790800 0.803000 0.839700 0.857000 0.851400 0.768900 0.738700 0.752300 0.740000 0.851000 0.802700 0.683100 0.862300 0.842500 0.668200 0.922900 0.000000 0.639600 0.788000 0.945500 0.914800 0.943700 0.940400 0.967100 0.903000 
s_pygmaea  0.695500 0.907700 0.809800 0.723900 0.943600 0.776200 0.788400 0.825100 0.842400 0.836800 0.754300 0.724100 0.737700 0.725400 0.836400 0.788100 0.668500 0.847700 0.827900 0.653600 0.908300 0.639600 0.000000 0.773400 0.930900 0.900200 0.929100 0.925800 0.952500 0.888400 
p_concolor0.779300 0.991500 0.893600 0.807700 1.027400 0.860000 0.872200 0.908900 0.926200 0.920600 0.838100 0.807900 0.821500 0.809200 0.920200 0.871900 0.752300 0.931500 0.911700 0.737400 0.992100 0.788000 0.773400 0.000000 1.014700 0.984000 1.012900 1.009600 1.036300 0.972200 
s_putorius0.883000 1.095200 0.997300 0.911400 1.131100 0.963700 0.975900 1.012600 1.029900 1.024300 0.941800 0.911600 0.925200 0.912900 1.023900 0.975600 0.856000 1.035200 1.015400 0.841100 1.095800 0.945500 0.930900 1.014700 0.000000 0.930100 1.003600 1.000300 1.027000 0.989300 
u_arctos   0.852300 1.064500 0.966600 0.880700 1.100400 0.933000 0.945200 0.981900 0.999200 0.993600 0.911100 0.880900 0.894500 0.882200 0.993200 0.944900 0.825300 1.004500 0.984700 0.810400 1.065100 0.914800 0.900200 0.984000 0.930100 0.000000 0.972900 0.969600 0.996300 0.958600 
h_yaguarondi0.881200 1.093400 0.995500 0.909600 1.129300 0.961900 0.974100 1.010800 1.028100 1.022500 0.940000 0.909800 0.923400 0.911100 1.022100 0.973800 0.854200 1.033400 1.013600 0.839300 1.094000 0.943700 0.929100 1.012900 1.003600 0.972900 0.000000 0.929700 1.001800 0.987500 
n_narica   0.877900 1.090100 0.992200 0.906300 1.126000 0.958600 0.970800 1.007500 1.024800 1.019200 0.936700 0.906500 0.920100 0.907800 1.018800 0.970500 0.850900 1.030100 1.010300 0.836000 1.090700 0.940400 0.925800 1.009600 1.000300 0.969600 0.929700 0.000000 0.998500 0.984200 
v_vulpes   0.904600 1.116800 1.018900 0.933000 1.152700 0.985300 0.997500 1.034200 1.051500 1.045900 0.963400 0.933200 0.946800 0.934500 1.045500 0.997200 0.877600 1.056800 1.037000 0.862700 1.117400 0.967100 0.952500 1.036300 1.027000 0.996300 1.001800 0.998500 0.000000 1.010900 
b_astutus  0.840500 1.052700 0.954800 0.868900 1.088600 0.921200 0.933400 0.970100 0.987400 0.981800 0.899300 0.869100 0.882700 0.870400 0.981400 0.933100 0.813500 0.992700 0.972900 0.798600 1.053300 0.903000 0.888400 0.972200 0.989300 0.958600 0.987500 0.984200 1.010900 0.000000 

