20
p_onca     0.000000 200.000000 233.000000 291.000000 291.000000 366.000000 366.000000 337.000000 309.000000 293.000000 305.000000 305.000000 316.000000 316.000000 435.000000 435.000000 384.000000 362.000000 327.000000 303.000000 
l_pardalis200.000000 0.000000 233.000000 291.000000 291.000000 366.000000 366.000000 337.000000 309.000000 293.000000 305.000000 305.000000 316.000000 316.000000 435.000000 435.000000 384.000000 362.000000 327.000000 303.000000 
ly_canaden233.000000 233.000000 0.000000 258.000000 258.000000 333.000000 333.000000 304.000000 276.000000 260.000000 272.000000 272.000000 283.000000 283.000000 402.000000 402.000000 351.000000 329.000000 294.000000 270.000000 
v_lagopus  291.000000 291.000000 258.000000 0.000000 200.000000 345.000000 345.000000 316.000000 288.000000 272.000000 284.000000 284.000000 295.000000 295.000000 414.000000 414.000000 363.000000 341.000000 306.000000 282.000000 
c_lupus    291.000000 291.000000 258.000000 200.000000 0.000000 345.000000 345.000000 316.000000 288.000000 272.000000 284.000000 284.000000 295.000000 295.000000 414.000000 414.000000 363.000000 341.000000 306.000000 282.000000 
lo_canaden366.000000 366.000000 333.000000 345.000000 345.000000 0.000000 200.000000 229.000000 257.000000 273.000000 309.000000 309.000000 320.000000 320.000000 439.000000 439.000000 388.000000 366.000000 331.000000 307.000000 
m_mephitis366.000000 366.000000 333.000000 345.000000 345.000000 200.000000 0.000000 229.000000 257.000000 273.000000 309.000000 309.000000 320.000000 320.000000 439.000000 439.000000 388.000000 366.000000 331.000000 307.000000 
s_putorius337.000000 337.000000 304.000000 316.000000 316.000000 229.000000 229.000000 0.000000 228.000000 244.000000 280.000000 280.000000 291.000000 291.000000 410.000000 410.000000 359.000000 337.000000 302.000000 278.000000 
b_astutus  309.000000 309.000000 276.000000 288.000000 288.000000 257.000000 257.000000 228.000000 0.000000 216.000000 252.000000 252.000000 263.000000 263.000000 382.000000 382.000000 331.000000 309.000000 274.000000 250.000000 
p_lotor    293.000000 293.000000 260.000000 272.000000 272.000000 273.000000 273.000000 244.000000 216.000000 0.000000 236.000000 236.000000 247.000000 247.000000 366.000000 366.000000 315.000000 293.000000 258.000000 234.000000 
t_taxus    305.000000 305.000000 272.000000 284.000000 284.000000 309.000000 309.000000 280.000000 252.000000 236.000000 0.000000 200.000000 247.000000 247.000000 366.000000 366.000000 315.000000 293.000000 258.000000 234.000000 
n_narica   305.000000 305.000000 272.000000 284.000000 284.000000 309.000000 309.000000 280.000000 252.000000 236.000000 200.000000 0.000000 247.000000 247.000000 366.000000 366.000000 315.000000 293.000000 258.000000 234.000000 
u_arctos   316.000000 316.000000 283.000000 295.000000 295.000000 320.000000 320.000000 291.000000 263.000000 247.000000 247.000000 247.000000 0.000000 200.000000 357.000000 357.000000 306.000000 284.000000 249.000000 225.000000 
m_american316.000000 316.000000 283.000000 295.000000 295.000000 320.000000 320.000000 291.000000 263.000000 247.000000 247.000000 247.000000 200.000000 0.000000 357.000000 357.000000 306.000000 284.000000 249.000000 225.000000 
g_gulo     435.000000 435.000000 402.000000 414.000000 414.000000 439.000000 439.000000 410.000000 382.000000 366.000000 366.000000 366.000000 357.000000 357.000000 0.000000 200.000000 251.000000 273.000000 308.000000 332.000000 
m_erminea  435.000000 435.000000 402.000000 414.000000 414.000000 439.000000 439.000000 410.000000 382.000000 366.000000 366.000000 366.000000 357.000000 357.000000 200.000000 0.000000 251.000000 273.000000 308.000000 332.000000 
n_vison    384.000000 384.000000 351.000000 363.000000 363.000000 388.000000 388.000000 359.000000 331.000000 315.000000 315.000000 315.000000 306.000000 306.000000 251.000000 251.000000 0.000000 222.000000 257.000000 281.000000 
m_nivalis  362.000000 362.000000 329.000000 341.000000 341.000000 366.000000 366.000000 337.000000 309.000000 293.000000 293.000000 293.000000 284.000000 284.000000 273.000000 273.000000 222.000000 0.000000 235.000000 259.000000 
m_frenata  327.000000 327.000000 294.000000 306.000000 306.000000 331.000000 331.000000 302.000000 274.000000 258.000000 258.000000 258.000000 249.000000 249.000000 308.000000 308.000000 257.000000 235.000000 0.000000 224.000000 
m_pennanti303.000000 303.000000 270.000000 282.000000 282.000000 307.000000 307.000000 278.000000 250.000000 234.000000 234.000000 234.000000 225.000000 225.000000 332.000000 332.000000 281.000000 259.000000 224.000000 0.000000 

30
c_latrans  0.000000 4.000200 5.039200 5.380600 7.577100 6.408900 6.530300 6.897300 7.071100 6.528500 5.332100 7.124800 5.890000 6.025700 5.902300 7.012500 7.015900 6.190900 7.656100 5.913300 8.460600 7.101600 6.955200 7.793200 8.830400 8.523200 8.811600 8.779500 9.045500 8.405500 
l_pardalis4.000200 0.000000 7.160600 7.502000 9.698500 8.530300 8.651700 9.018700 9.192500 8.649900 7.453500 9.246200 8.011400 8.147100 8.023700 9.133900 9.137300 8.312300 9.777500 8.034700 10.582000 9.223000 9.076600 9.914600 10.951800 10.644600 10.933000 10.900900 11.166900 10.526900 
a_lagopus  5.039200 7.160600 0.000000 6.522800 8.719300 7.551100 7.672500 8.039500 8.213300 7.670700 6.474300 8.267000 7.032200 7.167900 7.044500 8.154700 8.158100 7.333100 8.798300 7.055500 9.602800 8.243800 8.097400 8.935400 9.972600 9.665400 9.953800 9.921700 10.187700 9.547700 
c_lupus    5.380600 7.502000 6.522800 0.000000 4.499900 6.692500 6.813900 7.180900 7.354700 6.812100 5.615700 7.408400 6.173600 6.309300 6.185900 7.296100 7.299500 6.474500 7.939700 6.196900 8.744200 7.385200 7.238800 8.076800 9.114000 8.806800 9.095200 9.063100 9.329100 8.689100 
c_leuconotus7.577100 9.698500 8.719300 4.499900 0.000000 8.889000 9.010400 9.377400 9.551200 9.008600 7.812200 9.604900 8.370100 8.505800 8.382400 9.492600 9.496000 8.671000 10.136200 8.393400 10.940700 9.581700 9.435300 10.273300 11.310500 11.003300 11.291700 11.259600 11.525600 10.885600 
l_canadensis6.408900 8.530300 7.551100 6.692500 8.889000 0.000000 4.500400 5.789200 6.930200 6.510800 5.314400 7.107100 5.872300 6.008000 5.884600 6.994800 6.998200 6.173200 8.462200 6.719400 9.266700 7.907700 7.761300 8.599300 9.636500 9.329300 9.617700 9.585600 9.851600 9.211600 
l_rufus    6.530300 8.651700 7.672500 6.813900 9.010400 4.500400 0.000000 5.910600 7.051600 6.632200 5.435800 7.228500 5.993700 6.129400 6.006000 7.116200 7.119600 6.294600 8.583600 6.840800 9.388100 8.029100 7.882700 8.720700 9.757900 9.450700 9.739100 9.707000 9.973000 9.333000 
m_pennanti6.897300 9.018700 8.039500 7.180900 9.377400 5.789200 5.910600 0.000000 7.418600 6.999200 5.802800 7.595500 6.360700 6.496400 6.373000 7.483200 7.486600 6.661600 8.950600 7.207800 9.755100 8.396100 8.249700 9.087700 10.124900 9.817700 10.106100 10.074000 10.340000 9.700000 
p_onca     7.071100 9.192500 8.213300 7.354700 9.551200 6.930200 7.051600 7.418600 0.000000 7.173000 5.976600 7.769300 6.534500 6.670200 6.546800 7.657000 7.660400 6.835400 9.124400 7.381600 9.928900 8.569900 8.423500 9.261500 10.298700 9.991500 10.279900 10.247800 10.513800 9.873800 
m_erminea  6.528500 8.649900 7.670700 6.812100 9.008600 6.510800 6.632200 6.999200 7.173000 0.000000 1.800400 5.098100 5.272700 5.408400 5.285000 6.395200 6.398600 5.573600 8.581800 6.839000 9.386300 8.027300 7.880900 8.718900 9.756100 9.448900 9.737300 9.705200 9.971200 9.331200 
v_velox    5.332100 7.453500 6.474300 5.615700 7.812200 5.314400 5.435800 5.802800 5.976600 1.800400 0.000000 3.901700 4.076300 4.212000 4.088600 5.198800 5.202200 4.377200 7.385400 5.642600 8.189900 6.830900 6.684500 7.522500 8.559700 8.252500 8.540900 8.508800 8.774800 8.134800 
u_americanus7.124800 9.246200 8.267000 7.408400 9.604900 7.107100 7.228500 7.595500 7.769300 5.098100 3.901700 0.000000 5.869000 6.004700 5.881300 6.991500 6.994900 6.169900 9.178100 7.435300 9.982600 8.623600 8.477200 9.315200 10.352400 10.045200 10.333600 10.301500 10.567500 9.927500 
l_canadensis5.890000 8.011400 7.032200 6.173600 8.370100 5.872300 5.993700 6.360700 6.534500 5.272700 4.076300 5.869000 0.000000 2.700700 3.431700 4.950700 5.632300 4.807300 7.943300 6.200500 8.747800 7.388800 7.242400 8.080400 9.117600 8.810400 9.098800 9.066700 9.332700 8.692700 
m_nivalis  6.025700 8.147100 7.167900 6.309300 8.505800 6.008000 6.129400 6.496400 6.670200 5.408400 4.212000 6.004700 2.700700 0.000000 3.567400 5.086400 5.768000 4.943000 8.079000 6.336200 8.883500 7.524500 7.378100 8.216100 9.253300 8.946100 9.234500 9.202400 9.468400 8.828400 
m_mephitis5.902300 8.023700 7.044500 6.185900 8.382400 5.884600 6.006000 6.373000 6.546800 5.285000 4.088600 5.881300 3.431700 3.567400 0.000000 4.963000 5.644600 4.819600 7.955600 6.212800 8.760100 7.401100 7.254700 8.092700 9.129900 8.822700 9.111100 9.079000 9.345000 8.705000 
g_gulo     7.012500 9.133900 8.154700 7.296100 9.492600 6.994800 7.116200 7.483200 7.657000 6.395200 5.198800 6.991500 4.950700 5.086400 4.963000 0.000000 6.754800 5.929800 9.065800 7.323000 9.870300 8.511300 8.364900 9.202900 10.240100 9.932900 10.221300 10.189200 10.455200 9.815200 
m_americana7.015900 9.137300 8.158100 7.299500 9.496000 6.998200 7.119600 7.486600 7.660400 6.398600 5.202200 6.994900 5.632300 5.768000 5.644600 6.754800 0.000000 4.900000 9.069200 7.326400 9.873700 8.514700 8.368300 9.206300 10.243500 9.936300 10.224700 10.192600 10.458600 9.818600 
m_frenata  6.190900 8.312300 7.333100 6.474500 8.671000 6.173200 6.294600 6.661600 6.835400 5.573600 4.377200 6.169900 4.807300 4.943000 4.819600 5.929800 4.900000 0.000000 8.244200 6.501400 9.048700 7.689700 7.543300 8.381300 9.418500 9.111300 9.399700 9.367600 9.633600 8.993600 
m_vison    7.656100 9.777500 8.798300 7.939700 10.136200 8.462200 8.583600 8.950600 9.124400 8.581800 7.385400 9.178100 7.943300 8.079000 7.955600 9.065800 9.069200 8.244200 0.000000 3.199400 8.922700 8.424100 8.277700 9.115700 10.152900 9.845700 10.134100 10.102000 10.368000 9.728000 
u_littoralis5.913300 8.034700 7.055500 6.196900 8.393400 6.719400 6.840800 7.207800 7.381600 6.839000 5.642600 7.435300 6.200500 6.336200 6.212800 7.323000 7.326400 6.501400 3.199400 0.000000 7.179900 6.681300 6.534900 7.372900 8.410100 8.102900 8.391300 8.359200 8.625200 7.985200 
t_taxus    8.460600 10.582000 9.602800 8.744200 10.940700 9.266700 9.388100 9.755100 9.928900 9.386300 8.189900 9.982600 8.747800 8.883500 8.760100 9.870300 9.873700 9.048700 8.922700 7.179900 0.000000 9.228600 9.082200 9.920200 10.957400 10.650200 10.938600 10.906500 11.172500 10.532500 
p_lotor    7.101600 9.223000 8.243800 7.385200 9.581700 7.907700 8.029100 8.396100 8.569900 8.027300 6.830900 8.623600 7.388800 7.524500 7.401100 8.511300 8.514700 7.689700 8.424100 6.681300 9.228600 0.000000 6.399600 7.874000 9.454800 9.147600 9.436000 9.403900 9.669900 9.029900 
s_pygmaea  6.955200 9.076600 8.097400 7.238800 9.435300 7.761300 7.882700 8.249700 8.423500 7.880900 6.684500 8.477200 7.242400 7.378100 7.254700 8.364900 8.368300 7.543300 8.277700 6.534900 9.082200 6.399600 0.000000 7.727600 9.308400 9.001200 9.289600 9.257500 9.523500 8.883500 
p_concolor7.793200 9.914600 8.935400 8.076800 10.273300 8.599300 8.720700 9.087700 9.261500 8.718900 7.522500 9.315200 8.080400 8.216100 8.092700 9.202900 9.206300 8.381300 9.115700 7.372900 9.920200 7.874000 7.727600 0.000000 10.146400 9.839200 10.127600 10.095500 10.361500 9.721500 
s_putorius8.830400 10.951800 9.972600 9.114000 11.310500 9.636500 9.757900 10.124900 10.298700 9.756100 8.559700 10.352400 9.117600 9.253300 9.129900 10.240100 10.243500 9.418500 10.152900 8.410100 10.957400 9.454800 9.308400 10.146400 0.000000 9.300200 10.036200 10.004100 10.270100 9.892500 
u_arctos   8.523200 10.644600 9.665400 8.806800 11.003300 9.329300 9.450700 9.817700 9.991500 9.448900 8.252500 10.045200 8.810400 8.946100 8.822700 9.932900 9.936300 9.111300 9.845700 8.102900 10.650200 9.147600 9.001200 9.839200 9.300200 0.000000 9.729000 9.696900 9.962900 9.585300 
h_yaguarondi8.811600 10.933000 9.953800 9.095200 11.291700 9.617700 9.739100 10.106100 10.279900 9.737300 8.540900 10.333600 9.098800 9.234500 9.111100 10.221300 10.224700 9.399700 10.134100 8.391300 10.938600 9.436000 9.289600 10.127600 10.036200 9.729000 0.000000 9.299300 10.016300 9.873700 
n_narica   8.779500 10.900900 9.921700 9.063100 11.259600 9.585600 9.707000 10.074000 10.247800 9.705200 8.508800 10.301500 9.066700 9.202400 9.079000 10.189200 10.192600 9.367600 10.102000 8.359200 10.906500 9.403900 9.257500 10.095500 10.004100 9.696900 9.299300 0.000000 9.984200 9.841600 
v_vulpes   9.045500 11.166900 10.187700 9.329100 11.525600 9.851600 9.973000 10.340000 10.513800 9.971200 8.774800 10.567500 9.332700 9.468400 9.345000 10.455200 10.458600 9.633600 10.368000 8.625200 11.172500 9.669900 9.523500 10.361500 10.270100 9.962900 10.016300 9.984200 0.000000 10.107600 
b_astutus  8.405500 10.526900 9.547700 8.689100 10.885600 9.211600 9.333000 9.700000 9.873800 9.331200 8.134800 9.927500 8.692700 8.828400 8.705000 9.815200 9.818600 8.993600 9.728000 7.985200 10.532500 9.029900 8.883500 9.721500 9.892500 9.585300 9.873700 9.841600 10.107600 0.000000 

