19
l_pardalis0.000000 200.000000 244.000000 343.000000 343.000000 318.000000 290.000000 353.000000 353.000000 315.000000 315.000000 340.000000 487.000000 487.000000 432.000000 408.000000 530.000000 530.000000 470.000000 
p_onca     200.000000 0.000000 244.000000 343.000000 343.000000 318.000000 290.000000 353.000000 353.000000 315.000000 315.000000 340.000000 487.000000 487.000000 432.000000 408.000000 530.000000 530.000000 470.000000 
ly_canaden244.000000 244.000000 0.000000 299.000000 299.000000 274.000000 246.000000 309.000000 309.000000 271.000000 271.000000 296.000000 443.000000 443.000000 388.000000 364.000000 486.000000 486.000000 426.000000 
c_latrans  343.000000 343.000000 299.000000 0.000000 200.000000 225.000000 277.000000 340.000000 340.000000 302.000000 302.000000 327.000000 474.000000 474.000000 419.000000 395.000000 517.000000 517.000000 457.000000 
u_littoral343.000000 343.000000 299.000000 200.000000 0.000000 225.000000 277.000000 340.000000 340.000000 302.000000 302.000000 327.000000 474.000000 474.000000 419.000000 395.000000 517.000000 517.000000 457.000000 
u_american318.000000 318.000000 274.000000 225.000000 225.000000 0.000000 252.000000 315.000000 315.000000 277.000000 277.000000 302.000000 449.000000 449.000000 394.000000 370.000000 492.000000 492.000000 432.000000 
u_arctos   290.000000 290.000000 246.000000 277.000000 277.000000 252.000000 0.000000 263.000000 263.000000 225.000000 225.000000 250.000000 397.000000 397.000000 342.000000 318.000000 440.000000 440.000000 380.000000 
v_lagopus  353.000000 353.000000 309.000000 340.000000 340.000000 315.000000 263.000000 0.000000 200.000000 270.000000 270.000000 295.000000 442.000000 442.000000 387.000000 363.000000 485.000000 485.000000 425.000000 
c_lupus    353.000000 353.000000 309.000000 340.000000 340.000000 315.000000 263.000000 200.000000 0.000000 270.000000 270.000000 295.000000 442.000000 442.000000 387.000000 363.000000 485.000000 485.000000 425.000000 
m_mephitis315.000000 315.000000 271.000000 302.000000 302.000000 277.000000 225.000000 270.000000 270.000000 0.000000 200.000000 245.000000 392.000000 392.000000 337.000000 313.000000 435.000000 435.000000 375.000000 
p_lotor    315.000000 315.000000 271.000000 302.000000 302.000000 277.000000 225.000000 270.000000 270.000000 200.000000 0.000000 245.000000 392.000000 392.000000 337.000000 313.000000 435.000000 435.000000 375.000000 
t_taxus    340.000000 340.000000 296.000000 327.000000 327.000000 302.000000 250.000000 295.000000 295.000000 245.000000 245.000000 0.000000 347.000000 347.000000 292.000000 268.000000 390.000000 390.000000 330.000000 
g_gulo     487.000000 487.000000 443.000000 474.000000 474.000000 449.000000 397.000000 442.000000 442.000000 392.000000 392.000000 347.000000 0.000000 200.000000 255.000000 365.000000 487.000000 487.000000 427.000000 
m_pennanti487.000000 487.000000 443.000000 474.000000 474.000000 449.000000 397.000000 442.000000 442.000000 392.000000 392.000000 347.000000 200.000000 0.000000 255.000000 365.000000 487.000000 487.000000 427.000000 
m_american432.000000 432.000000 388.000000 419.000000 419.000000 394.000000 342.000000 387.000000 387.000000 337.000000 337.000000 292.000000 255.000000 255.000000 0.000000 310.000000 432.000000 432.000000 372.000000 
lo_canaden408.000000 408.000000 364.000000 395.000000 395.000000 370.000000 318.000000 363.000000 363.000000 313.000000 313.000000 268.000000 365.000000 365.000000 310.000000 0.000000 322.000000 322.000000 262.000000 
m_erminea  530.000000 530.000000 486.000000 517.000000 517.000000 492.000000 440.000000 485.000000 485.000000 435.000000 435.000000 390.000000 487.000000 487.000000 432.000000 322.000000 0.000000 200.000000 260.000000 
m_nivalis  530.000000 530.000000 486.000000 517.000000 517.000000 492.000000 440.000000 485.000000 485.000000 435.000000 435.000000 390.000000 487.000000 487.000000 432.000000 322.000000 200.000000 0.000000 260.000000 
n_vison    470.000000 470.000000 426.000000 457.000000 457.000000 432.000000 380.000000 425.000000 425.000000 375.000000 375.000000 330.000000 427.000000 427.000000 372.000000 262.000000 260.000000 260.000000 0.000000 

30
b_astutus  0.000000 0.678400 0.712700 0.913200 0.810700 0.834900 0.776600 0.881400 0.799200 0.807500 0.831700 0.845700 0.872400 0.815100 0.957600 0.784500 0.997300 0.955700 0.935500 0.991300 0.970800 0.953800 0.990300 1.033900 1.041700 1.029400 0.921700 0.704500 0.938600 0.926400 
ly_canaden0.678400 0.000000 0.701900 0.902400 0.799900 0.824100 0.765800 0.870600 0.788400 0.796700 0.820900 0.834900 0.861600 0.804300 0.946800 0.773700 0.986500 0.944900 0.924700 0.980500 0.960000 0.943000 0.979500 1.023100 1.030900 1.018600 0.910900 0.693700 0.927800 0.915600 
c_latrans  0.712700 0.701900 0.000000 0.245700 0.540200 0.564400 0.506100 0.610900 0.528700 0.537000 0.603200 0.617200 0.702100 0.644800 0.787300 0.614200 0.827000 0.785400 0.765200 0.821000 0.800500 0.783500 0.820000 0.863600 0.871400 0.859100 0.751400 0.534200 0.768300 0.756100 
m_pennanti0.913200 0.902400 0.245700 0.000000 0.740700 0.764900 0.706600 0.811400 0.729200 0.737500 0.803700 0.817700 0.902600 0.845300 0.987800 0.814700 1.027500 0.985900 0.965700 1.021500 1.001000 0.984000 1.020500 1.064100 1.071900 1.059600 0.951900 0.734700 0.968800 0.956600 
l_rufus    0.810700 0.799900 0.540200 0.740700 0.000000 0.403400 0.527300 0.632100 0.549900 0.558200 0.701200 0.715200 0.800100 0.742800 0.885300 0.712200 0.925000 0.883400 0.863200 0.919000 0.898500 0.881500 0.918000 0.961600 0.969400 0.957100 0.849400 0.632200 0.866300 0.854100 
m_erminea  0.834900 0.824100 0.564400 0.764900 0.403400 0.000000 0.551500 0.656300 0.574100 0.582400 0.725400 0.739400 0.824300 0.767000 0.909500 0.736400 0.949200 0.907600 0.887400 0.943200 0.922700 0.905700 0.942200 0.985800 0.993600 0.981300 0.873600 0.656400 0.890500 0.878300 
m_mephitis0.776600 0.765800 0.506100 0.706600 0.527300 0.551500 0.000000 0.339000 0.421400 0.477900 0.667100 0.681100 0.766000 0.708700 0.851200 0.678100 0.890900 0.849300 0.829100 0.884900 0.864400 0.847400 0.883900 0.927500 0.935300 0.923000 0.815300 0.598100 0.832200 0.820000 
p_onca     0.881400 0.870600 0.610900 0.811400 0.632100 0.656300 0.339000 0.000000 0.526200 0.582700 0.771900 0.785900 0.870800 0.813500 0.956000 0.782900 0.995700 0.954100 0.933900 0.989700 0.969200 0.952200 0.988700 1.032300 1.040100 1.027800 0.920100 0.702900 0.937000 0.924800 
m_frenata  0.799200 0.788400 0.528700 0.729200 0.549900 0.574100 0.421400 0.526200 0.000000 0.500500 0.689700 0.703700 0.788600 0.731300 0.873800 0.700700 0.913500 0.871900 0.851700 0.907500 0.887000 0.870000 0.906500 0.950100 0.957900 0.945600 0.837900 0.620700 0.854800 0.842600 
m_nivalis  0.807500 0.796700 0.537000 0.737500 0.558200 0.582400 0.477900 0.582700 0.500500 0.000000 0.698000 0.712000 0.796900 0.739600 0.882100 0.709000 0.921800 0.880200 0.860000 0.915800 0.895300 0.878300 0.914800 0.958400 0.966200 0.953900 0.846200 0.629000 0.863100 0.850900 
lo_canaden0.831700 0.820900 0.603200 0.803700 0.701200 0.725400 0.667100 0.771900 0.689700 0.698000 0.000000 0.596400 0.821100 0.763800 0.906300 0.733200 0.946000 0.904400 0.884200 0.940000 0.919500 0.902500 0.939000 0.982600 0.990400 0.978100 0.870400 0.653200 0.887300 0.875100 
u_littoralis0.845700 0.834900 0.617200 0.817700 0.715200 0.739400 0.681100 0.785900 0.703700 0.712000 0.596400 0.000000 0.835100 0.777800 0.920300 0.747200 0.960000 0.918400 0.898200 0.954000 0.933500 0.916500 0.953000 0.996600 1.004400 0.992100 0.884400 0.667200 0.901300 0.889100 
p_lotor    0.872400 0.861600 0.702100 0.902600 0.800100 0.824300 0.766000 0.870800 0.788600 0.796900 0.821100 0.835100 0.000000 0.432700 0.907600 0.734500 0.986700 0.945100 0.924900 0.980700 0.960200 0.943200 0.979700 1.023300 1.031100 1.018800 0.911100 0.693900 0.928000 0.915800 
p_concolor0.815100 0.804300 0.644800 0.845300 0.742800 0.767000 0.708700 0.813500 0.731300 0.739600 0.763800 0.777800 0.432700 0.000000 0.850300 0.677200 0.929400 0.887800 0.867600 0.923400 0.902900 0.885900 0.922400 0.966000 0.973800 0.961500 0.853800 0.636600 0.870700 0.858500 
s_putorius0.957600 0.946800 0.787300 0.987800 0.885300 0.909500 0.851200 0.956000 0.873800 0.882100 0.906300 0.920300 0.907600 0.850300 0.000000 0.438500 1.071900 1.030300 1.010100 1.065900 1.045400 1.028400 1.064900 1.108500 1.116300 1.104000 0.996300 0.779100 1.013200 1.001000 
s_pygmaea  0.784500 0.773700 0.614200 0.814700 0.712200 0.736400 0.678100 0.782900 0.700700 0.709000 0.733200 0.747200 0.734500 0.677200 0.438500 0.000000 0.898800 0.857200 0.837000 0.892800 0.872300 0.855300 0.891800 0.935400 0.943200 0.930900 0.823200 0.606000 0.840100 0.827900 
t_taxus    0.997300 0.986500 0.827000 1.027500 0.925000 0.949200 0.890900 0.995700 0.913500 0.921800 0.946000 0.960000 0.986700 0.929400 1.071900 0.898800 0.000000 0.801400 0.956000 1.011800 0.991300 0.974300 1.010800 1.054400 1.062200 1.049900 0.993400 0.776200 1.010300 0.998100 
u_arctos   0.955700 0.944900 0.785400 0.985900 0.883400 0.907600 0.849300 0.954100 0.871900 0.880200 0.904400 0.918400 0.945100 0.887800 1.030300 0.857200 0.801400 0.000000 0.914400 0.970200 0.949700 0.932700 0.969200 1.012800 1.020600 1.008300 0.951800 0.734600 0.968700 0.956500 
c_lupus    0.935500 0.924700 0.765200 0.965700 0.863200 0.887400 0.829100 0.933900 0.851700 0.860000 0.884200 0.898200 0.924900 0.867600 1.010100 0.837000 0.956000 0.914400 0.000000 0.707400 0.875700 0.875300 0.911800 0.964200 0.972000 0.959700 0.931600 0.714400 0.948500 0.936300 
c_leuconotus0.991300 0.980500 0.821000 1.021500 0.919000 0.943200 0.884900 0.989700 0.907500 0.915800 0.940000 0.954000 0.980700 0.923400 1.065900 0.892800 1.011800 0.970200 0.707400 0.000000 0.931500 0.931100 0.967600 1.020000 1.027800 1.015500 0.987400 0.770200 1.004300 0.992100 
a_lagopus  0.970800 0.960000 0.800500 1.001000 0.898500 0.922700 0.864400 0.969200 0.887000 0.895300 0.919500 0.933500 0.960200 0.902900 1.045400 0.872300 0.991300 0.949700 0.875700 0.931500 0.000000 0.910600 0.947100 0.999500 1.007300 0.995000 0.966900 0.749700 0.983800 0.971600 
g_gulo     0.953800 0.943000 0.783500 0.984000 0.881500 0.905700 0.847400 0.952200 0.870000 0.878300 0.902500 0.916500 0.943200 0.885900 1.028400 0.855300 0.974300 0.932700 0.875300 0.931100 0.910600 0.000000 0.760500 0.982500 0.990300 0.978000 0.949900 0.732700 0.966800 0.954600 
l_pardalis0.990300 0.979500 0.820000 1.020500 0.918000 0.942200 0.883900 0.988700 0.906500 0.914800 0.939000 0.953000 0.979700 0.922400 1.064900 0.891800 1.010800 0.969200 0.911800 0.967600 0.947100 0.760500 0.000000 1.019000 1.026800 1.014500 0.986400 0.769200 1.003300 0.991100 
n_narica   1.033900 1.023100 0.863600 1.064100 0.961600 0.985800 0.927500 1.032300 0.950100 0.958400 0.982600 0.996600 1.023300 0.966000 1.108500 0.935400 1.054400 1.012800 0.964200 1.020000 0.999500 0.982500 1.019000 0.000000 1.000200 0.995900 1.030000 0.812800 1.046900 1.034700 
v_vulpes   1.041700 1.030900 0.871400 1.071900 0.969400 0.993600 0.935300 1.040100 0.957900 0.966200 0.990400 1.004400 1.031100 0.973800 1.116300 0.943200 1.062200 1.020600 0.972000 1.027800 1.007300 0.990300 1.026800 1.000200 0.000000 1.003700 1.037800 0.820600 1.054700 1.042500 
h_yaguarondi1.029400 1.018600 0.859100 1.059600 0.957100 0.981300 0.923000 1.027800 0.945600 0.953900 0.978100 0.992100 1.018800 0.961500 1.104000 0.930900 1.049900 1.008300 0.959700 1.015500 0.995000 0.978000 1.014500 0.995900 1.003700 0.000000 1.025500 0.808300 1.042400 1.030200 
m_vison    0.921700 0.910900 0.751400 0.951900 0.849400 0.873600 0.815300 0.920100 0.837900 0.846200 0.870400 0.884400 0.911100 0.853800 0.996300 0.823200 0.993400 0.951800 0.931600 0.987400 0.966900 0.949900 0.986400 1.030000 1.037800 1.025500 0.000000 0.292200 0.796300 0.922500 
v_velox    0.704500 0.693700 0.534200 0.734700 0.632200 0.656400 0.598100 0.702900 0.620700 0.629000 0.653200 0.667200 0.693900 0.636600 0.779100 0.606000 0.776200 0.734600 0.714400 0.770200 0.749700 0.732700 0.769200 0.812800 0.820600 0.808300 0.292200 0.000000 0.579100 0.705300 
u_americanus0.938600 0.927800 0.768300 0.968800 0.866300 0.890500 0.832200 0.937000 0.854800 0.863100 0.887300 0.901300 0.928000 0.870700 1.013200 0.840100 1.010300 0.968700 0.948500 1.004300 0.983800 0.966800 1.003300 1.046900 1.054700 1.042400 0.796300 0.579100 0.000000 0.939400 
m_americana0.926400 0.915600 0.756100 0.956600 0.854100 0.878300 0.820000 0.924800 0.842600 0.850900 0.875100 0.889100 0.915800 0.858500 1.001000 0.827900 0.998100 0.956500 0.936300 0.992100 0.971600 0.954600 0.991100 1.034700 1.042500 1.030200 0.922500 0.705300 0.939400 0.000000 

