20
p_onca     0.000000 200.000000 233.000000 291.000000 291.000000 366.000000 366.000000 337.000000 309.000000 293.000000 305.000000 305.000000 316.000000 316.000000 435.000000 435.000000 384.000000 362.000000 327.000000 303.000000 
l_pardalis200.000000 0.000000 233.000000 291.000000 291.000000 366.000000 366.000000 337.000000 309.000000 293.000000 305.000000 305.000000 316.000000 316.000000 435.000000 435.000000 384.000000 362.000000 327.000000 303.000000 
ly_canaden233.000000 233.000000 0.000000 258.000000 258.000000 333.000000 333.000000 304.000000 276.000000 260.000000 272.000000 272.000000 283.000000 283.000000 402.000000 402.000000 351.000000 329.000000 294.000000 270.000000 
v_lagopus  291.000000 291.000000 258.000000 0.000000 200.000000 345.000000 345.000000 316.000000 288.000000 272.000000 284.000000 284.000000 295.000000 295.000000 414.000000 414.000000 363.000000 341.000000 306.000000 282.000000 
c_lupus    291.000000 291.000000 258.000000 200.000000 0.000000 345.000000 345.000000 316.000000 288.000000 272.000000 284.000000 284.000000 295.000000 295.000000 414.000000 414.000000 363.000000 341.000000 306.000000 282.000000 
lo_canaden366.000000 366.000000 333.000000 345.000000 345.000000 0.000000 200.000000 229.000000 257.000000 273.000000 309.000000 309.000000 320.000000 320.000000 439.000000 439.000000 388.000000 366.000000 331.000000 307.000000 
m_mephitis366.000000 366.000000 333.000000 345.000000 345.000000 200.000000 0.000000 229.000000 257.000000 273.000000 309.000000 309.000000 320.000000 320.000000 439.000000 439.000000 388.000000 366.000000 331.000000 307.000000 
s_putorius337.000000 337.000000 304.000000 316.000000 316.000000 229.000000 229.000000 0.000000 228.000000 244.000000 280.000000 280.000000 291.000000 291.000000 410.000000 410.000000 359.000000 337.000000 302.000000 278.000000 
b_astutus  309.000000 309.000000 276.000000 288.000000 288.000000 257.000000 257.000000 228.000000 0.000000 216.000000 252.000000 252.000000 263.000000 263.000000 382.000000 382.000000 331.000000 309.000000 274.000000 250.000000 
p_lotor    293.000000 293.000000 260.000000 272.000000 272.000000 273.000000 273.000000 244.000000 216.000000 0.000000 236.000000 236.000000 247.000000 247.000000 366.000000 366.000000 315.000000 293.000000 258.000000 234.000000 
t_taxus    305.000000 305.000000 272.000000 284.000000 284.000000 309.000000 309.000000 280.000000 252.000000 236.000000 0.000000 200.000000 247.000000 247.000000 366.000000 366.000000 315.000000 293.000000 258.000000 234.000000 
n_narica   305.000000 305.000000 272.000000 284.000000 284.000000 309.000000 309.000000 280.000000 252.000000 236.000000 200.000000 0.000000 247.000000 247.000000 366.000000 366.000000 315.000000 293.000000 258.000000 234.000000 
u_arctos   316.000000 316.000000 283.000000 295.000000 295.000000 320.000000 320.000000 291.000000 263.000000 247.000000 247.000000 247.000000 0.000000 200.000000 357.000000 357.000000 306.000000 284.000000 249.000000 225.000000 
m_american316.000000 316.000000 283.000000 295.000000 295.000000 320.000000 320.000000 291.000000 263.000000 247.000000 247.000000 247.000000 200.000000 0.000000 357.000000 357.000000 306.000000 284.000000 249.000000 225.000000 
g_gulo     435.000000 435.000000 402.000000 414.000000 414.000000 439.000000 439.000000 410.000000 382.000000 366.000000 366.000000 366.000000 357.000000 357.000000 0.000000 200.000000 251.000000 273.000000 308.000000 332.000000 
m_erminea  435.000000 435.000000 402.000000 414.000000 414.000000 439.000000 439.000000 410.000000 382.000000 366.000000 366.000000 366.000000 357.000000 357.000000 200.000000 0.000000 251.000000 273.000000 308.000000 332.000000 
n_vison    384.000000 384.000000 351.000000 363.000000 363.000000 388.000000 388.000000 359.000000 331.000000 315.000000 315.000000 315.000000 306.000000 306.000000 251.000000 251.000000 0.000000 222.000000 257.000000 281.000000 
m_nivalis  362.000000 362.000000 329.000000 341.000000 341.000000 366.000000 366.000000 337.000000 309.000000 293.000000 293.000000 293.000000 284.000000 284.000000 273.000000 273.000000 222.000000 0.000000 235.000000 259.000000 
m_frenata  327.000000 327.000000 294.000000 306.000000 306.000000 331.000000 331.000000 302.000000 274.000000 258.000000 258.000000 258.000000 249.000000 249.000000 308.000000 308.000000 257.000000 235.000000 0.000000 224.000000 
m_pennanti303.000000 303.000000 270.000000 282.000000 282.000000 307.000000 307.000000 278.000000 250.000000 234.000000 234.000000 234.000000 225.000000 225.000000 332.000000 332.000000 281.000000 259.000000 224.000000 0.000000 

30
c_lupus    0.000000 6.400400 7.628600 8.517900 9.345800 7.438600 7.364500 9.623200 6.787500 9.362600 9.391100 9.775500 10.139800 9.040100 7.910600 6.549900 8.450700 8.082600 7.361100 7.537800 6.937800 7.356300 8.238500 7.111700 7.911700 6.217700 6.839100 6.904300 7.654600 7.922500 
c_leuconotus6.400400 0.000000 8.332200 9.221500 10.049400 8.142200 8.068100 10.326800 7.491100 10.066200 10.094700 10.479100 10.843400 9.743700 8.614200 7.253500 9.154300 8.786200 8.064700 8.241400 7.641400 8.059900 8.942100 7.815300 8.615300 6.921300 7.542700 7.607900 8.358200 8.626100 
g_gulo     7.628600 8.332200 0.000000 5.399900 9.210600 7.303400 7.229300 9.488000 6.652300 9.227400 9.255900 9.640300 10.004600 8.904900 7.775400 6.414700 8.315500 7.947400 7.225900 7.402600 6.802600 7.221100 8.103300 6.976500 7.776500 6.082500 6.703900 6.769100 7.519400 7.787300 
l_pardalis8.517900 9.221500 5.399900 0.000000 10.099900 8.192700 8.118600 10.377300 7.541600 10.116700 10.145200 10.529600 10.893900 9.794200 8.664700 7.304000 9.204800 8.836700 8.115200 8.291900 7.691900 8.110400 8.992600 7.865800 8.665800 6.971800 7.593200 7.658400 8.408700 8.676600 
s_putorius9.345800 10.049400 9.210600 10.099900 0.000000 5.200000 7.803500 10.821400 7.985700 10.560800 10.589300 10.973700 11.338000 10.238300 9.485400 8.124700 10.025500 9.657400 8.935900 9.112600 8.512600 8.931100 9.813300 8.686500 9.486500 7.792500 8.413900 8.479100 9.229400 9.497300 
s_pygmaea  7.438600 8.142200 7.303400 8.192700 5.200000 0.000000 5.896300 8.914200 6.078500 8.653600 8.682100 9.066500 9.430800 8.331100 7.578200 6.217500 8.118300 7.750200 7.028700 7.205400 6.605400 7.023900 7.906100 6.779300 7.579300 5.885300 6.506700 6.571900 7.322200 7.590100 
p_concolor7.364500 8.068100 7.229300 8.118600 7.803500 5.896300 0.000000 8.840100 6.004400 8.579500 8.608000 8.992400 9.356700 8.257000 7.504100 6.143400 8.044200 7.676100 6.954600 7.131300 6.531300 6.949800 7.832000 6.705200 7.505200 5.811200 6.432600 6.497800 7.248100 7.516000 
t_taxus    9.623200 10.326800 9.488000 10.377300 10.821400 8.914200 8.840100 0.000000 5.299900 10.838200 10.866700 11.251100 11.615400 10.515700 9.762800 8.402100 10.302900 9.934800 9.213300 9.390000 8.790000 9.208500 10.090700 8.963900 9.763900 8.069900 8.691300 8.756500 9.506800 9.774700 
u_littoralis6.787500 7.491100 6.652300 7.541600 7.985700 6.078500 6.004400 5.299900 0.000000 8.002500 8.031000 8.415400 8.779700 7.680000 6.927100 5.566400 7.467200 7.099100 6.377600 6.554300 5.954300 6.372800 7.255000 6.128200 6.928200 5.234200 5.855600 5.920800 6.671100 6.939000 
h_yaguarondi9.362600 10.066200 9.227400 10.116700 10.560800 8.653600 8.579500 10.838200 8.002500 0.000000 8.799500 9.803500 10.167800 9.571700 9.502200 8.141500 10.042300 9.674200 8.952700 9.129400 8.529400 8.947900 9.830100 8.703300 9.503300 7.809300 8.430700 8.495900 9.246200 9.514100 
n_narica   9.391100 10.094700 9.255900 10.145200 10.589300 8.682100 8.608000 10.866700 8.031000 8.799500 0.000000 9.832000 10.196300 9.600200 9.530700 8.170000 10.070800 9.702700 8.981200 9.157900 8.557900 8.976400 9.858600 8.731800 9.531800 7.837800 8.459200 8.524400 9.274700 9.542600 
a_lagopus  9.775500 10.479100 9.640300 10.529600 10.973700 9.066500 8.992400 11.251100 8.415400 9.803500 9.832000 0.000000 9.997900 9.984600 9.915100 8.554400 10.455200 10.087100 9.365600 9.542300 8.942300 9.360800 10.243000 9.116200 9.916200 8.222200 8.843600 8.908800 9.659100 9.927000 
v_vulpes   10.139800 10.843400 10.004600 10.893900 11.338000 9.430800 9.356700 11.615400 8.779700 10.167800 10.196300 9.997900 0.000000 10.348900 10.279400 8.918700 10.819500 10.451400 9.729900 9.906600 9.306600 9.725100 10.607300 9.480500 10.280500 8.586500 9.207900 9.273100 10.023400 10.291300 
u_arctos   9.040100 9.743700 8.904900 9.794200 10.238300 8.331100 8.257000 10.515700 7.680000 9.571700 9.600200 9.984600 10.348900 0.000000 9.179700 7.819000 9.719800 9.351700 8.630200 8.806900 8.206900 8.625400 9.507600 8.380800 9.180800 7.486800 8.108200 8.173400 8.923700 9.191600 
u_americanus7.910600 8.614200 7.775400 8.664700 9.485400 7.578200 7.504100 9.762800 6.927100 9.502200 9.530700 9.915100 10.279400 9.179700 0.000000 3.600300 6.279700 8.222200 7.500700 7.677400 7.077400 7.495900 8.378100 7.251300 8.051300 6.357300 6.978700 7.043900 7.794200 8.062100 
v_velox    6.549900 7.253500 6.414700 7.304000 8.124700 6.217500 6.143400 8.402100 5.566400 8.141500 8.170000 8.554400 8.918700 7.819000 3.600300 0.000000 4.919000 6.861500 6.140000 6.316700 5.716700 6.135200 7.017400 5.890600 6.690600 4.996600 5.618000 5.683200 6.433500 6.701400 
m_vison    8.450700 9.154300 8.315500 9.204800 10.025500 8.118300 8.044200 10.302900 7.467200 10.042300 10.070800 10.455200 10.819500 9.719800 6.279700 4.919000 0.000000 8.762300 8.040800 8.217500 7.617500 8.036000 8.918200 7.791400 8.591400 6.897400 7.518800 7.584000 8.334300 8.602200 
b_astutus  8.082600 8.786200 7.947400 8.836700 9.657400 7.750200 7.676100 9.934800 7.099100 9.674200 9.702700 10.087100 10.451400 9.351700 8.222200 6.861500 8.762300 0.000000 6.200100 7.618400 7.018400 7.436900 8.319100 7.192300 7.992300 6.298300 6.919700 6.984900 7.735200 8.003100 
l_canadensis7.361100 8.064700 7.225900 8.115200 8.935900 7.028700 6.954600 9.213300 6.377600 8.952700 8.981200 9.365600 9.729900 8.630200 7.500700 6.140000 8.040800 6.200100 0.000000 6.896900 6.296900 6.715400 7.597600 6.470800 7.270800 5.576800 6.198200 6.263400 7.013700 7.281600 
m_americana7.537800 8.241400 7.402600 8.291900 9.112600 7.205400 7.131300 9.390000 6.554300 9.129400 9.157900 9.542300 9.906600 8.806900 7.677400 6.316700 8.217500 7.618400 6.896900 0.000000 3.599600 5.509100 6.391300 5.695100 6.495100 4.801100 5.422500 5.487700 6.947800 7.215700 
m_mephitis6.937800 7.641400 6.802600 7.691900 8.512600 6.605400 6.531300 8.790000 5.954300 8.529400 8.557900 8.942300 9.306600 8.206900 7.077400 5.716700 7.617500 7.018400 6.296900 3.599600 0.000000 4.909100 5.791300 5.095100 5.895100 4.201100 4.822500 4.887700 6.347800 6.615700 
l_canadensis7.356300 8.059900 7.221100 8.110400 8.931100 7.023900 6.949800 9.208500 6.372800 8.947900 8.976400 9.360800 9.725100 8.625400 7.495900 6.135200 8.036000 7.436900 6.715400 5.509100 4.909100 0.000000 5.499800 5.513600 6.313600 4.619600 5.241000 5.306200 6.766300 7.034200 
m_nivalis  8.238500 8.942100 8.103300 8.992600 9.813300 7.906100 7.832000 10.090700 7.255000 9.830100 9.858600 10.243000 10.607300 9.507600 8.378100 7.017400 8.918200 8.319100 7.597600 6.391300 5.791300 5.499800 0.000000 6.395800 7.195800 5.501800 6.123200 6.188400 7.648500 7.916400 
l_rufus    7.111700 7.815300 6.976500 7.865800 8.686500 6.779300 6.705200 8.963900 6.128200 8.703300 8.731800 9.116200 9.480500 8.380800 7.251300 5.890600 7.791400 7.192300 6.470800 5.695100 5.095100 5.513600 6.395800 0.000000 4.099800 3.980800 4.602200 4.667400 6.521700 6.789600 
m_pennanti7.911700 8.615300 7.776500 8.665800 9.486500 7.579300 7.505200 9.763900 6.928200 9.503300 9.531800 9.916200 10.280500 9.180800 8.051300 6.690600 8.591400 7.992300 7.270800 6.495100 5.895100 6.313600 7.195800 4.099800 0.000000 4.780800 5.402200 5.467400 7.321700 7.589600 
c_latrans  6.217700 6.921300 6.082500 6.971800 7.792500 5.885300 5.811200 8.069900 5.234200 7.809300 7.837800 8.222200 8.586500 7.486800 6.357300 4.996600 6.897400 6.298300 5.576800 4.801100 4.201100 4.619600 5.501800 3.980800 4.780800 0.000000 2.100200 3.239200 5.627700 5.895600 
p_lotor    6.839100 7.542700 6.703900 7.593200 8.413900 6.506700 6.432600 8.691300 5.855600 8.430700 8.459200 8.843600 9.207900 8.108200 6.978700 5.618000 7.518800 6.919700 6.198200 5.422500 4.822500 5.241000 6.123200 4.602200 5.402200 2.100200 0.000000 3.860600 6.249100 6.517000 
m_erminea  6.904300 7.607900 6.769100 7.658400 8.479100 6.571900 6.497800 8.756500 5.920800 8.495900 8.524400 8.908800 9.273100 8.173400 7.043900 5.683200 7.584000 6.984900 6.263400 5.487700 4.887700 5.306200 6.188400 4.667400 5.467400 3.239200 3.860600 0.000000 6.314300 6.582200 
m_frenata  7.654600 8.358200 7.519400 8.408700 9.229400 7.322200 7.248100 9.506800 6.671100 9.246200 9.274700 9.659100 10.023400 8.923700 7.794200 6.433500 8.334300 7.735200 7.013700 6.947800 6.347800 6.766300 7.648500 6.521700 7.321700 5.627700 6.249100 6.314300 0.000000 4.199700 
p_onca     7.922500 8.626100 7.787300 8.676600 9.497300 7.590100 7.516000 9.774700 6.939000 9.514100 9.542600 9.927000 10.291300 9.191600 8.062100 6.701400 8.602200 8.003100 7.281600 7.215700 6.615700 7.034200 7.916400 6.789600 7.589600 5.895600 6.517000 6.582200 4.199700 0.000000 

