20
g_gulo     0.000000 200.000000 258.000000 276.000000 304.000000 404.000000 404.000000 383.000000 414.000000 706.000000 706.000000 636.000000 634.000000 634.000000 587.000000 587.000000 514.000000 575.000000 575.000000 442.000000 
m_erminea  200.000000 0.000000 258.000000 276.000000 304.000000 404.000000 404.000000 383.000000 414.000000 706.000000 706.000000 636.000000 634.000000 634.000000 587.000000 587.000000 514.000000 575.000000 575.000000 442.000000 
n_vison    258.000000 258.000000 0.000000 218.000000 246.000000 346.000000 346.000000 325.000000 356.000000 648.000000 648.000000 578.000000 576.000000 576.000000 529.000000 529.000000 456.000000 517.000000 517.000000 384.000000 
m_nivalis  276.000000 276.000000 218.000000 0.000000 228.000000 328.000000 328.000000 307.000000 338.000000 630.000000 630.000000 560.000000 558.000000 558.000000 511.000000 511.000000 438.000000 499.000000 499.000000 366.000000 
m_american304.000000 304.000000 246.000000 228.000000 0.000000 300.000000 300.000000 279.000000 310.000000 602.000000 602.000000 532.000000 530.000000 530.000000 483.000000 483.000000 410.000000 471.000000 471.000000 338.000000 
lo_canaden404.000000 404.000000 346.000000 328.000000 300.000000 0.000000 200.000000 303.000000 334.000000 626.000000 626.000000 556.000000 554.000000 554.000000 507.000000 507.000000 434.000000 495.000000 495.000000 362.000000 
m_frenata  404.000000 404.000000 346.000000 328.000000 300.000000 200.000000 0.000000 303.000000 334.000000 626.000000 626.000000 556.000000 554.000000 554.000000 507.000000 507.000000 434.000000 495.000000 495.000000 362.000000 
m_pennanti383.000000 383.000000 325.000000 307.000000 279.000000 303.000000 303.000000 0.000000 231.000000 523.000000 523.000000 453.000000 451.000000 451.000000 404.000000 404.000000 331.000000 392.000000 392.000000 259.000000 
u_arctos   414.000000 414.000000 356.000000 338.000000 310.000000 334.000000 334.000000 231.000000 0.000000 492.000000 492.000000 422.000000 420.000000 420.000000 373.000000 373.000000 300.000000 361.000000 361.000000 228.000000 
l_pardalis706.000000 706.000000 648.000000 630.000000 602.000000 626.000000 626.000000 523.000000 492.000000 0.000000 200.000000 270.000000 464.000000 464.000000 581.000000 581.000000 508.000000 569.000000 569.000000 464.000000 
ly_canaden706.000000 706.000000 648.000000 630.000000 602.000000 626.000000 626.000000 523.000000 492.000000 200.000000 0.000000 270.000000 464.000000 464.000000 581.000000 581.000000 508.000000 569.000000 569.000000 464.000000 
p_onca     636.000000 636.000000 578.000000 560.000000 532.000000 556.000000 556.000000 453.000000 422.000000 270.000000 270.000000 0.000000 394.000000 394.000000 511.000000 511.000000 438.000000 499.000000 499.000000 394.000000 
c_lupus    634.000000 634.000000 576.000000 558.000000 530.000000 554.000000 554.000000 451.000000 420.000000 464.000000 464.000000 394.000000 0.000000 200.000000 509.000000 509.000000 436.000000 497.000000 497.000000 392.000000 
v_lagopus  634.000000 634.000000 576.000000 558.000000 530.000000 554.000000 554.000000 451.000000 420.000000 464.000000 464.000000 394.000000 200.000000 0.000000 509.000000 509.000000 436.000000 497.000000 497.000000 392.000000 
p_lotor    587.000000 587.000000 529.000000 511.000000 483.000000 507.000000 507.000000 404.000000 373.000000 581.000000 581.000000 511.000000 509.000000 509.000000 0.000000 200.000000 273.000000 404.000000 404.000000 345.000000 
b_astutus  587.000000 587.000000 529.000000 511.000000 483.000000 507.000000 507.000000 404.000000 373.000000 581.000000 581.000000 511.000000 509.000000 509.000000 200.000000 0.000000 273.000000 404.000000 404.000000 345.000000 
n_narica   514.000000 514.000000 456.000000 438.000000 410.000000 434.000000 434.000000 331.000000 300.000000 508.000000 508.000000 438.000000 436.000000 436.000000 273.000000 273.000000 0.000000 331.000000 331.000000 272.000000 
s_putorius575.000000 575.000000 517.000000 499.000000 471.000000 495.000000 495.000000 392.000000 361.000000 569.000000 569.000000 499.000000 497.000000 497.000000 404.000000 404.000000 331.000000 0.000000 200.000000 333.000000 
m_mephitis575.000000 575.000000 517.000000 499.000000 471.000000 495.000000 495.000000 392.000000 361.000000 569.000000 569.000000 499.000000 497.000000 497.000000 404.000000 404.000000 331.000000 200.000000 0.000000 333.000000 
t_taxus    442.000000 442.000000 384.000000 366.000000 338.000000 362.000000 362.000000 259.000000 228.000000 464.000000 464.000000 394.000000 392.000000 392.000000 345.000000 345.000000 272.000000 333.000000 333.000000 0.000000 

30
b_astutus  0.000000 8.772000 8.873700 9.757100 9.389700 9.329100 9.284000 9.570100 9.139900 9.265200 9.780600 9.174900 9.327200 9.667500 9.769600 9.468800 9.675900 9.686300 9.869100 9.885300 9.885300 9.885300 9.885300 9.885300 9.885300 9.885300 9.885300 9.885300 9.885300 9.885300 
c_lupus    8.772000 0.000000 9.134700 10.018100 9.650700 9.590100 9.545000 9.831100 9.400900 9.526200 10.041600 9.435900 9.588200 9.928500 10.030600 9.729800 9.936900 9.947300 10.130100 10.146300 10.146300 10.146300 10.146300 10.146300 10.146300 10.146300 10.146300 10.146300 10.146300 10.146300 
c_latrans  8.873700 9.134700 0.000000 6.081600 8.117200 8.056600 8.011500 8.297600 7.867400 7.992700 8.508100 7.902400 8.054700 9.290800 9.392900 9.092100 9.299200 9.309600 9.492400 9.508600 9.508600 9.508600 9.508600 9.508600 9.508600 9.508600 9.508600 9.508600 9.508600 9.508600 
g_gulo     9.757100 10.018100 6.081600 0.000000 9.000600 8.940000 8.894900 9.181000 8.750800 8.876100 9.391500 8.785800 8.938100 10.174200 10.276300 9.975500 10.182600 10.193000 10.375800 10.392000 10.392000 10.392000 10.392000 10.392000 10.392000 10.392000 10.392000 10.392000 10.392000 10.392000 
c_leuconotus9.389700 9.650700 8.117200 9.000600 0.000000 7.076000 7.904300 8.190400 7.760200 7.885500 8.400900 7.795200 7.947500 9.806800 9.908900 9.608100 9.815200 9.825600 10.008400 10.024600 10.024600 10.024600 10.024600 10.024600 10.024600 10.024600 10.024600 10.024600 10.024600 10.024600 
m_vison    9.329100 9.590100 8.056600 8.940000 7.076000 0.000000 7.843700 8.129800 7.699600 7.824900 8.340300 7.734600 7.886900 9.746200 9.848300 9.547500 9.754600 9.765000 9.947800 9.964000 9.964000 9.964000 9.964000 9.964000 9.964000 9.964000 9.964000 9.964000 9.964000 9.964000 
l_pardalis9.284000 9.545000 8.011500 8.894900 7.904300 7.843700 0.000000 2.456300 7.185500 7.310800 7.826200 7.220500 7.372800 9.701100 9.803200 9.502400 9.709500 9.719900 9.902700 9.918900 9.918900 9.918900 9.918900 9.918900 9.918900 9.918900 9.918900 9.918900 9.918900 9.918900 
m_erminea  9.570100 9.831100 8.297600 9.181000 8.190400 8.129800 2.456300 0.000000 7.471600 7.596900 8.112300 7.506600 7.658900 9.987200 10.089300 9.788500 9.995600 10.006000 10.188800 10.205000 10.205000 10.205000 10.205000 10.205000 10.205000 10.205000 10.205000 10.205000 10.205000 10.205000 
h_yaguarondi9.139900 9.400900 7.867400 8.750800 7.760200 7.699600 7.185500 7.471600 0.000000 4.327500 5.894700 5.289000 5.441300 9.557000 9.659100 9.358300 9.565400 9.575800 9.758600 9.774800 9.774800 9.774800 9.774800 9.774800 9.774800 9.774800 9.774800 9.774800 9.774800 9.774800 
n_narica   9.265200 9.526200 7.992700 8.876100 7.885500 7.824900 7.310800 7.596900 4.327500 0.000000 6.020000 5.414300 5.566600 9.682300 9.784400 9.483600 9.690700 9.701100 9.883900 9.900100 9.900100 9.900100 9.900100 9.900100 9.900100 9.900100 9.900100 9.900100 9.900100 9.900100 
m_frenata  9.780600 10.041600 8.508100 9.391500 8.400900 8.340300 7.826200 8.112300 5.894700 6.020000 0.000000 3.743100 5.244200 10.197700 10.299800 9.999000 10.206100 10.216500 10.399300 10.415500 10.415500 10.415500 10.415500 10.415500 10.415500 10.415500 10.415500 10.415500 10.415500 10.415500 
p_lotor    9.174900 9.435900 7.902400 8.785800 7.795200 7.734600 7.220500 7.506600 5.289000 5.414300 3.743100 0.000000 4.638500 9.592000 9.694100 9.393300 9.600400 9.610800 9.793600 9.809800 9.809800 9.809800 9.809800 9.809800 9.809800 9.809800 9.809800 9.809800 9.809800 9.809800 
p_onca     9.327200 9.588200 8.054700 8.938100 7.947500 7.886900 7.372800 7.658900 5.441300 5.566600 5.244200 4.638500 0.000000 9.744300 9.846400 9.545600 9.752700 9.763100 9.945900 9.962100 9.962100 9.962100 9.962100 9.962100 9.962100 9.962100 9.962100 9.962100 9.962100 9.962100 
l_canadensis9.667500 9.928500 9.290800 10.174200 9.806800 9.746200 9.701100 9.987200 9.557000 9.682300 10.197700 9.592000 9.744300 0.000000 9.944100 9.643300 9.850400 9.860800 10.043600 10.059800 10.059800 10.059800 10.059800 10.059800 10.059800 10.059800 10.059800 10.059800 10.059800 10.059800 
p_concolor9.769600 10.030600 9.392900 10.276300 9.908900 9.848300 9.803200 10.089300 9.659100 9.784400 10.299800 9.694100 9.846400 9.944100 0.000000 9.064400 9.918100 9.928500 10.111300 10.127500 10.127500 10.127500 10.127500 10.127500 10.127500 10.127500 10.127500 10.127500 10.127500 10.127500 
s_putorius9.468800 9.729800 9.092100 9.975500 9.608100 9.547500 9.502400 9.788500 9.358300 9.483600 9.999000 9.393300 9.545600 9.643300 9.064400 0.000000 9.617300 9.627700 9.810500 9.826700 9.826700 9.826700 9.826700 9.826700 9.826700 9.826700 9.826700 9.826700 9.826700 9.826700 
l_rufus    9.675900 9.936900 9.299200 10.182600 9.815200 9.754600 9.709500 9.995600 9.565400 9.690700 10.206100 9.600400 9.752700 9.850400 9.918100 9.617300 0.000000 9.707600 10.017600 10.033800 10.033800 10.033800 10.033800 10.033800 10.033800 10.033800 10.033800 10.033800 10.033800 10.033800 
s_pygmaea  9.686300 9.947300 9.309600 10.193000 9.825600 9.765000 9.719900 10.006000 9.575800 9.701100 10.216500 9.610800 9.763100 9.860800 9.928500 9.627700 9.707600 0.000000 10.028000 10.044200 10.044200 10.044200 10.044200 10.044200 10.044200 10.044200 10.044200 10.044200 10.044200 10.044200 
a_lagopus  9.869100 10.130100 9.492400 10.375800 10.008400 9.947800 9.902700 10.188800 9.758600 9.883900 10.399300 9.793600 9.945900 10.043600 10.111300 9.810500 10.017600 10.028000 0.000000 10.000000 10.000000 10.000000 10.000000 10.000000 10.000000 10.000000 10.000000 10.000000 10.000000 10.000000 
m_mephitis9.885300 10.146300 9.508600 10.392000 10.024600 9.964000 9.918900 10.205000 9.774800 9.900100 10.415500 9.809800 9.962100 10.059800 10.127500 9.826700 10.033800 10.044200 10.000000 0.000000 10.000000 10.000000 10.000000 10.000000 10.000000 10.000000 10.000000 10.000000 10.000000 10.000000 
u_americanus9.885300 10.146300 9.508600 10.392000 10.024600 9.964000 9.918900 10.205000 9.774800 9.900100 10.415500 9.809800 9.962100 10.059800 10.127500 9.826700 10.033800 10.044200 10.000000 10.000000 0.000000 10.000000 10.000000 10.000000 10.000000 10.000000 10.000000 10.000000 10.000000 10.000000 
v_velox    9.885300 10.146300 9.508600 10.392000 10.024600 9.964000 9.918900 10.205000 9.774800 9.900100 10.415500 9.809800 9.962100 10.059800 10.127500 9.826700 10.033800 10.044200 10.000000 10.000000 10.000000 0.000000 10.000000 10.000000 10.000000 10.000000 10.000000 10.000000 10.000000 10.000000 
t_taxus    9.885300 10.146300 9.508600 10.392000 10.024600 9.964000 9.918900 10.205000 9.774800 9.900100 10.415500 9.809800 9.962100 10.059800 10.127500 9.826700 10.033800 10.044200 10.000000 10.000000 10.000000 10.000000 0.000000 10.000000 10.000000 10.000000 10.000000 10.000000 10.000000 10.000000 
v_vulpes   9.885300 10.146300 9.508600 10.392000 10.024600 9.964000 9.918900 10.205000 9.774800 9.900100 10.415500 9.809800 9.962100 10.059800 10.127500 9.826700 10.033800 10.044200 10.000000 10.000000 10.000000 10.000000 10.000000 0.000000 10.000000 10.000000 10.000000 10.000000 10.000000 10.000000 
u_arctos   9.885300 10.146300 9.508600 10.392000 10.024600 9.964000 9.918900 10.205000 9.774800 9.900100 10.415500 9.809800 9.962100 10.059800 10.127500 9.826700 10.033800 10.044200 10.000000 10.000000 10.000000 10.000000 10.000000 10.000000 0.000000 10.000000 10.000000 10.000000 10.000000 10.000000 
l_canadensis9.885300 10.146300 9.508600 10.392000 10.024600 9.964000 9.918900 10.205000 9.774800 9.900100 10.415500 9.809800 9.962100 10.059800 10.127500 9.826700 10.033800 10.044200 10.000000 10.000000 10.000000 10.000000 10.000000 10.000000 10.000000 0.000000 10.000000 10.000000 10.000000 10.000000 
u_littoralis9.885300 10.146300 9.508600 10.392000 10.024600 9.964000 9.918900 10.205000 9.774800 9.900100 10.415500 9.809800 9.962100 10.059800 10.127500 9.826700 10.033800 10.044200 10.000000 10.000000 10.000000 10.000000 10.000000 10.000000 10.000000 10.000000 0.000000 10.000000 10.000000 10.000000 
m_nivalis  9.885300 10.146300 9.508600 10.392000 10.024600 9.964000 9.918900 10.205000 9.774800 9.900100 10.415500 9.809800 9.962100 10.059800 10.127500 9.826700 10.033800 10.044200 10.000000 10.000000 10.000000 10.000000 10.000000 10.000000 10.000000 10.000000 10.000000 0.000000 10.000000 10.000000 
m_americana9.885300 10.146300 9.508600 10.392000 10.024600 9.964000 9.918900 10.205000 9.774800 9.900100 10.415500 9.809800 9.962100 10.059800 10.127500 9.826700 10.033800 10.044200 10.000000 10.000000 10.000000 10.000000 10.000000 10.000000 10.000000 10.000000 10.000000 10.000000 0.000000 10.000000 
m_pennanti9.885300 10.146300 9.508600 10.392000 10.024600 9.964000 9.918900 10.205000 9.774800 9.900100 10.415500 9.809800 9.962100 10.059800 10.127500 9.826700 10.033800 10.044200 10.000000 10.000000 10.000000 10.000000 10.000000 10.000000 10.000000 10.000000 10.000000 10.000000 10.000000 0.000000 

