23
s_putorius0.000000 200.000000 463.000000 463.000000 427.000000 539.000000 539.000000 534.000000 534.000000 409.000000 313.000000 355.000000 355.000000 442.000000 442.000000 390.000000 407.000000 407.000000 402.000000 402.000000 403.000000 403.000000 373.000000 
m_mephitis200.000000 0.000000 463.000000 463.000000 427.000000 539.000000 539.000000 534.000000 534.000000 409.000000 313.000000 355.000000 355.000000 442.000000 442.000000 390.000000 407.000000 407.000000 402.000000 402.000000 403.000000 403.000000 373.000000 
g_gulo     463.000000 463.000000 0.000000 200.000000 236.000000 482.000000 482.000000 477.000000 477.000000 352.000000 350.000000 450.000000 450.000000 537.000000 537.000000 485.000000 502.000000 502.000000 497.000000 497.000000 498.000000 498.000000 468.000000 
m_american463.000000 463.000000 200.000000 0.000000 236.000000 482.000000 482.000000 477.000000 477.000000 352.000000 350.000000 450.000000 450.000000 537.000000 537.000000 485.000000 502.000000 502.000000 497.000000 497.000000 498.000000 498.000000 468.000000 
m_pennanti427.000000 427.000000 236.000000 236.000000 0.000000 446.000000 446.000000 441.000000 441.000000 316.000000 314.000000 414.000000 414.000000 501.000000 501.000000 449.000000 466.000000 466.000000 461.000000 461.000000 462.000000 462.000000 432.000000 
m_frenata  539.000000 539.000000 482.000000 482.000000 446.000000 0.000000 200.000000 319.000000 319.000000 330.000000 426.000000 526.000000 526.000000 613.000000 613.000000 561.000000 578.000000 578.000000 573.000000 573.000000 574.000000 574.000000 544.000000 
n_vison    539.000000 539.000000 482.000000 482.000000 446.000000 200.000000 0.000000 319.000000 319.000000 330.000000 426.000000 526.000000 526.000000 613.000000 613.000000 561.000000 578.000000 578.000000 573.000000 573.000000 574.000000 574.000000 544.000000 
m_nivalis  534.000000 534.000000 477.000000 477.000000 441.000000 319.000000 319.000000 0.000000 200.000000 325.000000 421.000000 521.000000 521.000000 608.000000 608.000000 556.000000 573.000000 573.000000 568.000000 568.000000 569.000000 569.000000 539.000000 
m_erminea  534.000000 534.000000 477.000000 477.000000 441.000000 319.000000 319.000000 200.000000 0.000000 325.000000 421.000000 521.000000 521.000000 608.000000 608.000000 556.000000 573.000000 573.000000 568.000000 568.000000 569.000000 569.000000 539.000000 
lo_canaden409.000000 409.000000 352.000000 352.000000 316.000000 330.000000 330.000000 325.000000 325.000000 0.000000 296.000000 396.000000 396.000000 483.000000 483.000000 431.000000 448.000000 448.000000 443.000000 443.000000 444.000000 444.000000 414.000000 
t_taxus    313.000000 313.000000 350.000000 350.000000 314.000000 426.000000 426.000000 421.000000 421.000000 296.000000 0.000000 300.000000 300.000000 387.000000 387.000000 335.000000 352.000000 352.000000 347.000000 347.000000 348.000000 348.000000 318.000000 
c_latrans  355.000000 355.000000 450.000000 450.000000 414.000000 526.000000 526.000000 521.000000 521.000000 396.000000 300.000000 0.000000 200.000000 401.000000 401.000000 349.000000 366.000000 366.000000 361.000000 361.000000 362.000000 362.000000 332.000000 
u_littoral355.000000 355.000000 450.000000 450.000000 414.000000 526.000000 526.000000 521.000000 521.000000 396.000000 300.000000 200.000000 0.000000 401.000000 401.000000 349.000000 366.000000 366.000000 361.000000 361.000000 362.000000 362.000000 332.000000 
p_lotor    442.000000 442.000000 537.000000 537.000000 501.000000 613.000000 613.000000 608.000000 608.000000 483.000000 387.000000 401.000000 401.000000 0.000000 200.000000 252.000000 401.000000 401.000000 428.000000 428.000000 429.000000 429.000000 399.000000 
b_astutus  442.000000 442.000000 537.000000 537.000000 501.000000 613.000000 613.000000 608.000000 608.000000 483.000000 387.000000 401.000000 401.000000 200.000000 0.000000 252.000000 401.000000 401.000000 428.000000 428.000000 429.000000 429.000000 399.000000 
n_narica   390.000000 390.000000 485.000000 485.000000 449.000000 561.000000 561.000000 556.000000 556.000000 431.000000 335.000000 349.000000 349.000000 252.000000 252.000000 0.000000 349.000000 349.000000 376.000000 376.000000 377.000000 377.000000 347.000000 
u_american407.000000 407.000000 502.000000 502.000000 466.000000 578.000000 578.000000 573.000000 573.000000 448.000000 352.000000 366.000000 366.000000 401.000000 401.000000 349.000000 0.000000 200.000000 393.000000 393.000000 394.000000 394.000000 364.000000 
u_arctos   407.000000 407.000000 502.000000 502.000000 466.000000 578.000000 578.000000 573.000000 573.000000 448.000000 352.000000 366.000000 366.000000 401.000000 401.000000 349.000000 200.000000 0.000000 393.000000 393.000000 394.000000 394.000000 364.000000 
v_lagopus  402.000000 402.000000 497.000000 497.000000 461.000000 573.000000 573.000000 568.000000 568.000000 443.000000 347.000000 361.000000 361.000000 428.000000 428.000000 376.000000 393.000000 393.000000 0.000000 200.000000 347.000000 347.000000 317.000000 
c_lupus    402.000000 402.000000 497.000000 497.000000 461.000000 573.000000 573.000000 568.000000 568.000000 443.000000 347.000000 361.000000 361.000000 428.000000 428.000000 376.000000 393.000000 393.000000 200.000000 0.000000 347.000000 347.000000 317.000000 
ly_canaden403.000000 403.000000 498.000000 498.000000 462.000000 574.000000 574.000000 569.000000 569.000000 444.000000 348.000000 362.000000 362.000000 429.000000 429.000000 377.000000 394.000000 394.000000 347.000000 347.000000 0.000000 200.000000 230.000000 
p_onca     403.000000 403.000000 498.000000 498.000000 462.000000 574.000000 574.000000 569.000000 569.000000 444.000000 348.000000 362.000000 362.000000 429.000000 429.000000 377.000000 394.000000 394.000000 347.000000 347.000000 200.000000 0.000000 230.000000 
l_pardalis373.000000 373.000000 468.000000 468.000000 432.000000 544.000000 544.000000 539.000000 539.000000 414.000000 318.000000 332.000000 332.000000 399.000000 399.000000 347.000000 364.000000 364.000000 317.000000 317.000000 230.000000 230.000000 0.000000 

30
m_vison    0.000000 4.699900 9.020300 9.398900 8.277900 9.352900 8.751200 9.136900 9.362600 10.381000 8.970300 10.404100 9.464800 10.169200 10.208500 10.675800 9.009100 8.205600 8.930000 7.930000 8.509900 7.767000 9.095800 8.157800 8.282800 7.504800 9.065500 8.320300 8.168200 8.878900 
u_littoralis4.699900 0.000000 7.723800 8.102400 6.981400 8.056400 7.454700 7.840400 8.066100 9.084500 7.673800 9.107600 8.168300 8.872700 8.912000 9.379300 7.712600 6.909100 7.633500 6.633500 7.213400 6.470500 7.799300 6.861300 6.986300 6.208300 7.769000 7.023800 6.871700 7.582400 
a_lagopus  9.020300 7.723800 0.000000 6.900400 7.423200 8.498200 8.358900 8.744600 8.970300 9.988700 8.578000 10.011800 9.072500 9.776900 9.816200 10.283500 8.888000 8.084500 8.808900 7.808900 8.388800 7.645900 8.974700 8.036700 8.161700 7.383700 8.944400 8.199200 8.047100 8.757800 
c_leuconotus9.398900 8.102400 6.900400 0.000000 7.801800 8.876800 8.737500 9.123200 9.348900 10.367300 8.956600 10.390400 9.451100 10.155500 10.194800 10.662100 9.266600 8.463100 9.187500 8.187500 8.767400 8.024500 9.353300 8.415300 8.540300 7.762300 9.323000 8.577800 8.425700 9.136400 
c_lupus    8.277900 6.981400 7.423200 7.801800 0.000000 5.299800 7.616500 8.002200 8.227900 9.246300 7.835600 9.269400 8.330100 9.034500 9.073800 9.541100 8.145600 7.342100 8.066500 7.066500 7.646400 6.903500 8.232300 7.294300 7.419300 6.641300 8.202000 7.456800 7.304700 8.015400 
l_pardalis9.352900 8.056400 8.498200 8.876800 5.299800 0.000000 8.691500 9.077200 9.302900 10.321300 8.910600 10.344400 9.405100 10.109500 10.148800 10.616100 9.220600 8.417100 9.141500 8.141500 8.721400 7.978500 9.307300 8.369300 8.494300 7.716300 9.277000 8.531800 8.379700 9.090400 
p_lotor    8.751200 7.454700 8.358900 8.737500 7.616500 8.691500 0.000000 6.799900 7.107200 8.656200 7.245500 9.002300 8.063000 8.767400 8.806700 9.274000 8.618900 7.815400 8.539800 7.539800 8.119700 7.376800 8.705600 7.767600 7.892600 7.114600 8.675300 7.930100 7.778000 8.488700 
p_concolor9.136900 7.840400 8.744600 9.123200 8.002200 9.077200 6.799900 0.000000 7.492900 9.041900 7.631200 9.388000 8.448700 9.153100 9.192400 9.659700 9.004600 8.201100 8.925500 7.925500 8.505400 7.762500 9.091300 8.153300 8.278300 7.500300 9.061000 8.315800 8.163700 8.874400 
b_astutus  9.362600 8.066100 8.970300 9.348900 8.227900 9.302900 7.107200 7.492900 0.000000 9.267600 7.856900 9.613700 8.674400 9.378800 9.418100 9.885400 9.230300 8.426800 9.151200 8.151200 8.731100 7.988200 9.317000 8.379000 8.504000 7.726000 9.286700 8.541500 8.389400 9.100100 
s_putorius10.381000 9.084500 9.988700 10.367300 9.246300 10.321300 8.656200 9.041900 9.267600 0.000000 6.899900 10.632100 9.692800 10.397200 10.436500 10.903800 10.248700 9.445200 10.169600 9.169600 9.749500 9.006600 10.335400 9.397400 9.522400 8.744400 10.305100 9.559900 9.407800 10.118500 
s_pygmaea  8.970300 7.673800 8.578000 8.956600 7.835600 8.910600 7.245500 7.631200 7.856900 6.899900 0.000000 9.221400 8.282100 8.986500 9.025800 9.493100 8.838000 8.034500 8.758900 7.758900 8.338800 7.595900 8.924700 7.986700 8.111700 7.333700 8.894400 8.149200 7.997100 8.707800 
t_taxus    10.404100 9.107600 10.011800 10.390400 9.269400 10.344400 9.002300 9.388000 9.613700 10.632100 9.221400 0.000000 7.499900 10.120900 10.160200 10.627500 10.271800 9.468300 10.192700 9.192700 9.772600 9.029700 10.358500 9.420500 9.545500 8.767500 10.328200 9.583000 9.430900 10.141600 
u_arctos   9.464800 8.168300 9.072500 9.451100 8.330100 9.405100 8.063000 8.448700 8.674400 9.692800 8.282100 7.499900 0.000000 9.181600 9.220900 9.688200 9.332500 8.529000 9.253400 8.253400 8.833300 8.090400 9.419200 8.481200 8.606200 7.828200 9.388900 8.643700 8.491600 9.202300 
h_yaguarondi10.169200 8.872700 9.776900 10.155500 9.034500 10.109500 8.767400 9.153100 9.378800 10.397200 8.986500 10.120900 9.181600 0.000000 9.199500 9.980600 10.036900 9.233400 9.957800 8.957800 9.537700 8.794800 10.123600 9.185600 9.310600 8.532600 10.093300 9.348100 9.196000 9.906700 
n_narica   10.208500 8.912000 9.816200 10.194800 9.073800 10.148800 8.806700 9.192400 9.418100 10.436500 9.025800 10.160200 9.220900 9.199500 0.000000 10.019900 10.076200 9.272700 9.997100 8.997100 9.577000 8.834100 10.162900 9.224900 9.349900 8.571900 10.132600 9.387400 9.235300 9.946000 
v_vulpes   10.675800 9.379300 10.283500 10.662100 9.541100 10.616100 9.274000 9.659700 9.885400 10.903800 9.493100 10.627500 9.688200 9.980600 10.019900 0.000000 10.543500 9.740000 10.464400 9.464400 10.044300 9.301400 10.630200 9.692200 9.817200 9.039200 10.599900 9.854700 9.702600 10.413300 
g_gulo     9.009100 7.712600 8.888000 9.266600 8.145600 9.220600 8.618900 9.004600 9.230300 10.248700 8.838000 10.271800 9.332500 10.036900 10.076200 10.543500 0.000000 6.399900 7.864100 6.864100 7.444000 6.701100 8.029900 7.091900 7.216900 7.105500 8.666200 7.921000 7.768900 8.479600 
m_frenata  8.205600 6.909100 8.084500 8.463100 7.342100 8.417100 7.815400 8.201100 8.426800 9.445200 8.034500 9.468300 8.529000 9.233400 9.272700 9.740000 6.399900 0.000000 7.060600 6.060600 6.640500 5.897600 7.226400 6.288400 6.413400 6.302000 7.862700 7.117500 6.965400 7.676100 
m_americana8.930000 7.633500 8.808900 9.187500 8.066500 9.141500 8.539800 8.925500 9.151200 10.169600 8.758900 10.192700 9.253400 9.957800 9.997100 10.464400 7.864100 7.060600 0.000000 4.900000 7.277300 6.534400 7.863200 6.925200 7.050200 7.026400 8.587100 7.841900 7.689800 8.400500 
m_mephitis7.930000 6.633500 7.808900 8.187500 7.066500 8.141500 7.539800 7.925500 8.151200 9.169600 7.758900 9.192700 8.253400 8.957800 8.997100 9.464400 6.864100 6.060600 4.900000 0.000000 6.277300 5.534400 6.863200 5.925200 6.050200 6.026400 7.587100 6.841900 6.689800 7.400500 
m_erminea  8.509900 7.213400 8.388800 8.767400 7.646400 8.721400 8.119700 8.505400 8.731100 9.749500 8.338800 9.772600 8.833300 9.537700 9.577000 10.044300 7.444000 6.640500 7.277300 6.277300 0.000000 3.299900 6.021700 5.806500 5.931500 6.606300 8.167000 7.421800 7.269700 7.980400 
v_velox    7.767000 6.470500 7.645900 8.024500 6.903500 7.978500 7.376800 7.762500 7.988200 9.006600 7.595900 9.029700 8.090400 8.794800 8.834100 9.301400 6.701100 5.897600 6.534400 5.534400 3.299900 0.000000 5.278800 5.063600 5.188600 5.863400 7.424100 6.678900 6.526800 7.237500 
u_americanus9.095800 7.799300 8.974700 9.353300 8.232300 9.307300 8.705600 9.091300 9.317000 10.335400 8.924700 10.358500 9.419200 10.123600 10.162900 10.630200 8.029900 7.226400 7.863200 6.863200 6.021700 5.278800 0.000000 6.392400 6.517400 7.192200 8.752900 8.007700 7.855600 8.566300 
l_canadensis8.157800 6.861300 8.036700 8.415300 7.294300 8.369300 7.767600 8.153300 8.379000 9.397400 7.986700 9.420500 8.481200 9.185600 9.224900 9.692200 7.091900 6.288400 6.925200 5.925200 5.806500 5.063600 6.392400 0.000000 4.500000 6.254200 7.814900 7.069700 6.917600 7.628300 
m_nivalis  8.282800 6.986300 8.161700 8.540300 7.419300 8.494300 7.892600 8.278300 8.504000 9.522400 8.111700 9.545500 8.606200 9.310600 9.349900 9.817200 7.216900 6.413400 7.050200 6.050200 5.931500 5.188600 6.517400 4.500000 0.000000 6.379200 7.939900 7.194700 7.042600 7.753300 
c_latrans  7.504800 6.208300 7.383700 7.762300 6.641300 7.716300 7.114600 7.500300 7.726000 8.744400 7.333700 8.767500 7.828200 8.532600 8.571900 9.039200 7.105500 6.302000 7.026400 6.026400 6.606300 5.863400 7.192200 6.254200 6.379200 0.000000 5.899900 5.620100 5.569200 6.279900 
m_pennanti9.065500 7.769000 8.944400 9.323000 8.202000 9.277000 8.675300 9.061000 9.286700 10.305100 8.894400 10.328200 9.388900 10.093300 10.132600 10.599900 8.666200 7.862700 8.587100 7.587100 8.167000 7.424100 8.752900 7.814900 7.939900 5.899900 0.000000 7.180800 7.129900 7.840600 
l_canadensis8.320300 7.023800 8.199200 8.577800 7.456800 8.531800 7.930100 8.315800 8.541500 9.559900 8.149200 9.583000 8.643700 9.348100 9.387400 9.854700 7.921000 7.117500 7.841900 6.841900 7.421800 6.678900 8.007700 7.069700 7.194700 5.620100 7.180800 0.000000 6.384700 7.095400 
l_rufus    8.168200 6.871700 8.047100 8.425700 7.304700 8.379700 7.778000 8.163700 8.389400 9.407800 7.997100 9.430900 8.491600 9.196000 9.235300 9.702600 7.768900 6.965400 7.689800 6.689800 7.269700 6.526800 7.855600 6.917600 7.042600 5.569200 7.129900 6.384700 0.000000 5.700100 
p_onca     8.878900 7.582400 8.757800 9.136400 8.015400 9.090400 8.488700 8.874400 9.100100 10.118500 8.707800 10.141600 9.202300 9.906700 9.946000 10.413300 8.479600 7.676100 8.400500 7.400500 7.980400 7.237500 8.566300 7.628300 7.753300 6.279900 7.840600 7.095400 5.700100 0.000000 

