16
m_erminea  0.000000 200.000000 300.000000 357.000000 601.000000 601.000000 510.000000 519.000000 610.000000 945.000000 945.000000 945.000000 945.000000 867.000000 867.000000 704.000000 
m_nivalis  200.000000 0.000000 300.000000 357.000000 601.000000 601.000000 510.000000 519.000000 610.000000 945.000000 945.000000 945.000000 945.000000 867.000000 867.000000 704.000000 
n_vison    300.000000 300.000000 0.000000 257.000000 501.000000 501.000000 410.000000 419.000000 510.000000 845.000000 845.000000 845.000000 845.000000 767.000000 767.000000 604.000000 
lo_canaden357.000000 357.000000 257.000000 0.000000 444.000000 444.000000 353.000000 362.000000 453.000000 788.000000 788.000000 788.000000 788.000000 710.000000 710.000000 547.000000 
m_american601.000000 601.000000 501.000000 444.000000 0.000000 200.000000 291.000000 478.000000 569.000000 904.000000 904.000000 904.000000 904.000000 826.000000 826.000000 663.000000 
g_gulo     601.000000 601.000000 501.000000 444.000000 200.000000 0.000000 291.000000 478.000000 569.000000 904.000000 904.000000 904.000000 904.000000 826.000000 826.000000 663.000000 
m_pennanti510.000000 510.000000 410.000000 353.000000 291.000000 291.000000 0.000000 387.000000 478.000000 813.000000 813.000000 813.000000 813.000000 735.000000 735.000000 572.000000 
t_taxus    519.000000 519.000000 419.000000 362.000000 478.000000 478.000000 387.000000 0.000000 291.000000 626.000000 626.000000 626.000000 626.000000 548.000000 548.000000 385.000000 
p_lotor    610.000000 610.000000 510.000000 453.000000 569.000000 569.000000 478.000000 291.000000 0.000000 535.000000 535.000000 535.000000 535.000000 457.000000 457.000000 294.000000 
p_onca     945.000000 945.000000 845.000000 788.000000 904.000000 904.000000 813.000000 626.000000 535.000000 0.000000 200.000000 400.000000 400.000000 478.000000 478.000000 441.000000 
l_pardalis945.000000 945.000000 845.000000 788.000000 904.000000 904.000000 813.000000 626.000000 535.000000 200.000000 0.000000 400.000000 400.000000 478.000000 478.000000 441.000000 
v_lagopus  945.000000 945.000000 845.000000 788.000000 904.000000 904.000000 813.000000 626.000000 535.000000 400.000000 400.000000 0.000000 200.000000 478.000000 478.000000 441.000000 
c_lupus    945.000000 945.000000 845.000000 788.000000 904.000000 904.000000 813.000000 626.000000 535.000000 400.000000 400.000000 200.000000 0.000000 478.000000 478.000000 441.000000 
u_american867.000000 867.000000 767.000000 710.000000 826.000000 826.000000 735.000000 548.000000 457.000000 478.000000 478.000000 478.000000 478.000000 0.000000 200.000000 363.000000 
u_arctos   867.000000 867.000000 767.000000 710.000000 826.000000 826.000000 735.000000 548.000000 457.000000 478.000000 478.000000 478.000000 478.000000 200.000000 0.000000 363.000000 
m_mephitis704.000000 704.000000 604.000000 547.000000 663.000000 663.000000 572.000000 385.000000 294.000000 441.000000 441.000000 441.000000 441.000000 363.000000 363.000000 0.000000 

30
a_lagopus  0.000000 0.545000 0.615400 0.786900 0.762100 0.772700 0.696300 0.777100 0.718200 0.693400 0.824000 0.787900 0.744100 0.818400 0.666300 0.726400 0.866200 0.670300 0.795600 0.894000 0.906400 0.887700 0.943200 0.909800 0.939500 0.945700 0.900400 0.946700 0.949000 0.831100 
c_leuconotus0.545000 0.000000 0.739600 0.911100 0.886300 0.896900 0.820500 0.901300 0.842400 0.817600 0.948200 0.912100 0.868300 0.942600 0.790500 0.850600 0.990400 0.794500 0.919800 1.018200 1.030600 1.011900 1.067400 1.034000 1.063700 1.069900 1.024600 1.070900 1.073200 0.955300 
c_lupus    0.615400 0.739600 0.000000 0.433100 0.729900 0.740500 0.664100 0.744900 0.686000 0.661200 0.791800 0.755700 0.711900 0.786200 0.634100 0.694200 0.834000 0.638100 0.763400 0.861800 0.874200 0.855500 0.911000 0.877600 0.907300 0.913500 0.868200 0.914500 0.916800 0.798900 
l_pardalis0.786900 0.911100 0.433100 0.000000 0.901400 0.912000 0.835600 0.916400 0.857500 0.832700 0.963300 0.927200 0.883400 0.957700 0.805600 0.865700 1.005500 0.809600 0.934900 1.033300 1.045700 1.027000 1.082500 1.049100 1.078800 1.085000 1.039700 1.086000 1.088300 0.970400 
ly_canaden0.762100 0.886300 0.729900 0.901400 0.000000 0.426800 0.624000 0.704800 0.672300 0.647500 0.778100 0.742000 0.698200 0.772500 0.620400 0.680500 0.851700 0.655800 0.810300 0.949900 0.962300 0.943600 0.999100 0.965700 0.995400 1.001600 0.956300 1.002600 1.004900 0.887000 
l_rufus    0.772700 0.896900 0.740500 0.912000 0.426800 0.000000 0.634600 0.715400 0.682900 0.658100 0.788700 0.752600 0.708800 0.783100 0.631000 0.691100 0.862300 0.666400 0.820900 0.960500 0.972900 0.954200 1.009700 0.976300 1.006000 1.012200 0.966900 1.013200 1.015500 0.897600 
c_latrans  0.696300 0.820500 0.664100 0.835600 0.624000 0.634600 0.000000 0.508600 0.606500 0.581700 0.712300 0.676200 0.632400 0.706700 0.554600 0.614700 0.785900 0.590000 0.744500 0.884100 0.896500 0.877800 0.933300 0.899900 0.929600 0.935800 0.890500 0.936800 0.939100 0.821200 
m_pennanti0.777100 0.901300 0.744900 0.916400 0.704800 0.715400 0.508600 0.000000 0.687300 0.662500 0.793100 0.757000 0.713200 0.787500 0.635400 0.695500 0.866700 0.670800 0.825300 0.964900 0.977300 0.958600 1.014100 0.980700 1.010400 1.016600 0.971300 1.017600 1.019900 0.902000 
lo_canaden0.718200 0.842400 0.686000 0.857500 0.672300 0.682900 0.606500 0.687300 0.000000 0.321400 0.556800 0.589300 0.545500 0.667200 0.515100 0.575200 0.807800 0.611900 0.766400 0.906000 0.918400 0.899700 0.955200 0.921800 0.951500 0.957700 0.912400 0.958700 0.961000 0.843100 
m_mephitis0.693400 0.817600 0.661200 0.832700 0.647500 0.658100 0.581700 0.662500 0.321400 0.000000 0.532000 0.564500 0.520700 0.642400 0.490300 0.550400 0.783000 0.587100 0.741600 0.881200 0.893600 0.874900 0.930400 0.897000 0.926700 0.932900 0.887600 0.933900 0.936200 0.818300 
g_gulo     0.824000 0.948200 0.791800 0.963300 0.778100 0.788700 0.712300 0.793100 0.556800 0.532000 0.000000 0.695100 0.651300 0.773000 0.620900 0.681000 0.913600 0.717700 0.872200 1.011800 1.024200 1.005500 1.061000 1.027600 1.057300 1.063500 1.018200 1.064500 1.066800 0.948900 
m_americana0.787900 0.912100 0.755700 0.927200 0.742000 0.752600 0.676200 0.757000 0.589300 0.564500 0.695100 0.000000 0.456200 0.736900 0.584800 0.644900 0.877500 0.681600 0.836100 0.975700 0.988100 0.969400 1.024900 0.991500 1.021200 1.027400 0.982100 1.028400 1.030700 0.912800 
m_frenata  0.744100 0.868300 0.711900 0.883400 0.698200 0.708800 0.632400 0.713200 0.545500 0.520700 0.651300 0.456200 0.000000 0.693100 0.541000 0.601100 0.833700 0.637800 0.792300 0.931900 0.944300 0.925600 0.981100 0.947700 0.977400 0.983600 0.938300 0.984600 0.986900 0.869000 
m_erminea  0.818400 0.942600 0.786200 0.957700 0.772500 0.783100 0.706700 0.787500 0.667200 0.642400 0.773000 0.736900 0.693100 0.000000 0.157900 0.394800 0.908000 0.712100 0.866600 1.006200 1.018600 0.999900 1.055400 1.022000 1.051700 1.057900 1.012600 1.058900 1.061200 0.943300 
v_velox    0.666300 0.790500 0.634100 0.805600 0.620400 0.631000 0.554600 0.635400 0.515100 0.490300 0.620900 0.584800 0.541000 0.157900 0.000000 0.242700 0.755900 0.560000 0.714500 0.854100 0.866500 0.847800 0.903300 0.869900 0.899600 0.905800 0.860500 0.906800 0.909100 0.791200 
m_nivalis  0.726400 0.850600 0.694200 0.865700 0.680500 0.691100 0.614700 0.695500 0.575200 0.550400 0.681000 0.644900 0.601100 0.394800 0.242700 0.000000 0.816000 0.620100 0.774600 0.914200 0.926600 0.907900 0.963400 0.930000 0.959700 0.965900 0.920600 0.966900 0.969200 0.851300 
m_vison    0.866200 0.990400 0.834000 1.005500 0.851700 0.862300 0.785900 0.866700 0.807800 0.783000 0.913600 0.877500 0.833700 0.908000 0.755900 0.816000 0.000000 0.339100 0.914400 1.054000 1.066400 1.047700 1.103200 1.069800 1.099500 1.105700 1.060400 1.106700 1.109000 0.991100 
u_littoralis0.670300 0.794500 0.638100 0.809600 0.655800 0.666400 0.590000 0.670800 0.611900 0.587100 0.717700 0.681600 0.637800 0.712100 0.560000 0.620100 0.339100 0.000000 0.718500 0.858100 0.870500 0.851800 0.907300 0.873900 0.903600 0.909800 0.864500 0.910800 0.913100 0.795200 
p_onca     0.795600 0.919800 0.763400 0.934900 0.810300 0.820900 0.744500 0.825300 0.766400 0.741600 0.872200 0.836100 0.792300 0.866600 0.714500 0.774600 0.914400 0.718500 0.000000 0.983400 0.995800 0.977100 1.032600 0.999200 1.028900 1.035100 0.989800 1.036100 1.038400 0.920500 
b_astutus  0.894000 1.018200 0.861800 1.033300 0.949900 0.960500 0.884100 0.964900 0.906000 0.881200 1.011800 0.975700 0.931900 1.006200 0.854100 0.914200 1.054000 0.858100 0.983400 0.000000 0.871200 0.865300 0.948400 0.915000 0.944700 0.958900 0.913600 0.975500 0.977800 0.960100 
p_concolor0.906400 1.030600 0.874200 1.045700 0.962300 0.972900 0.896500 0.977300 0.918400 0.893600 1.024200 0.988100 0.944300 1.018600 0.866500 0.926600 1.066400 0.870500 0.995800 0.871200 0.000000 0.877700 0.960800 0.927400 0.957100 0.971300 0.926000 0.987900 0.990200 0.972500 
p_lotor    0.887700 1.011900 0.855500 1.027000 0.943600 0.954200 0.877800 0.958600 0.899700 0.874900 1.005500 0.969400 0.925600 0.999900 0.847800 0.907900 1.047700 0.851800 0.977100 0.865300 0.877700 0.000000 0.942100 0.908700 0.938400 0.952600 0.907300 0.969200 0.971500 0.953800 
s_putorius0.943200 1.067400 0.911000 1.082500 0.999100 1.009700 0.933300 1.014100 0.955200 0.930400 1.061000 1.024900 0.981100 1.055400 0.903300 0.963400 1.103200 0.907300 1.032600 0.948400 0.960800 0.942100 0.000000 0.871400 0.993900 1.008100 0.962800 1.024700 1.027000 1.009300 
s_pygmaea  0.909800 1.034000 0.877600 1.049100 0.965700 0.976300 0.899900 0.980700 0.921800 0.897000 1.027600 0.991500 0.947700 1.022000 0.869900 0.930000 1.069800 0.873900 0.999200 0.915000 0.927400 0.908700 0.871400 0.000000 0.960500 0.974700 0.929400 0.991300 0.993600 0.975900 
n_narica   0.939500 1.063700 0.907300 1.078800 0.995400 1.006000 0.929600 1.010400 0.951500 0.926700 1.057300 1.021200 0.977400 1.051700 0.899600 0.959700 1.099500 0.903600 1.028900 0.944700 0.957100 0.938400 0.993900 0.960500 0.000000 1.004400 0.959100 1.021000 1.023300 1.005600 
t_taxus    0.945700 1.069900 0.913500 1.085000 1.001600 1.012200 0.935800 1.016600 0.957700 0.932900 1.063500 1.027400 0.983600 1.057900 0.905800 0.965900 1.105700 0.909800 1.035100 0.958900 0.971300 0.952600 1.008100 0.974700 1.004400 0.000000 0.882900 1.027200 1.029500 1.011800 
u_arctos   0.900400 1.024600 0.868200 1.039700 0.956300 0.966900 0.890500 0.971300 0.912400 0.887600 1.018200 0.982100 0.938300 1.012600 0.860500 0.920600 1.060400 0.864500 0.989800 0.913600 0.926000 0.907300 0.962800 0.929400 0.959100 0.882900 0.000000 0.981900 0.984200 0.966500 
h_yaguarondi0.946700 1.070900 0.914500 1.086000 1.002600 1.013200 0.936800 1.017600 0.958700 0.933900 1.064500 1.028400 0.984600 1.058900 0.906800 0.966900 1.106700 0.910800 1.036100 0.975500 0.987900 0.969200 1.024700 0.991300 1.021000 1.027200 0.981900 0.000000 1.000300 1.012800 
v_vulpes   0.949000 1.073200 0.916800 1.088300 1.004900 1.015500 0.939100 1.019900 0.961000 0.936200 1.066800 1.030700 0.986900 1.061200 0.909100 0.969200 1.109000 0.913100 1.038400 0.977800 0.990200 0.971500 1.027000 0.993600 1.023300 1.029500 0.984200 1.000300 0.000000 1.015100 
u_americanus0.831100 0.955300 0.798900 0.970400 0.887000 0.897600 0.821200 0.902000 0.843100 0.818300 0.948900 0.912800 0.869000 0.943300 0.791200 0.851300 0.991100 0.795200 0.920500 0.960100 0.972500 0.953800 1.009300 0.975900 1.005600 1.011800 0.966500 1.012800 1.015100 0.000000 

