19
l_pardalis0.000000 200.000000 244.000000 343.000000 343.000000 318.000000 290.000000 353.000000 353.000000 315.000000 315.000000 340.000000 487.000000 487.000000 432.000000 408.000000 530.000000 530.000000 470.000000 
p_onca     200.000000 0.000000 244.000000 343.000000 343.000000 318.000000 290.000000 353.000000 353.000000 315.000000 315.000000 340.000000 487.000000 487.000000 432.000000 408.000000 530.000000 530.000000 470.000000 
ly_canaden244.000000 244.000000 0.000000 299.000000 299.000000 274.000000 246.000000 309.000000 309.000000 271.000000 271.000000 296.000000 443.000000 443.000000 388.000000 364.000000 486.000000 486.000000 426.000000 
c_latrans  343.000000 343.000000 299.000000 0.000000 200.000000 225.000000 277.000000 340.000000 340.000000 302.000000 302.000000 327.000000 474.000000 474.000000 419.000000 395.000000 517.000000 517.000000 457.000000 
u_littoral343.000000 343.000000 299.000000 200.000000 0.000000 225.000000 277.000000 340.000000 340.000000 302.000000 302.000000 327.000000 474.000000 474.000000 419.000000 395.000000 517.000000 517.000000 457.000000 
u_american318.000000 318.000000 274.000000 225.000000 225.000000 0.000000 252.000000 315.000000 315.000000 277.000000 277.000000 302.000000 449.000000 449.000000 394.000000 370.000000 492.000000 492.000000 432.000000 
u_arctos   290.000000 290.000000 246.000000 277.000000 277.000000 252.000000 0.000000 263.000000 263.000000 225.000000 225.000000 250.000000 397.000000 397.000000 342.000000 318.000000 440.000000 440.000000 380.000000 
v_lagopus  353.000000 353.000000 309.000000 340.000000 340.000000 315.000000 263.000000 0.000000 200.000000 270.000000 270.000000 295.000000 442.000000 442.000000 387.000000 363.000000 485.000000 485.000000 425.000000 
c_lupus    353.000000 353.000000 309.000000 340.000000 340.000000 315.000000 263.000000 200.000000 0.000000 270.000000 270.000000 295.000000 442.000000 442.000000 387.000000 363.000000 485.000000 485.000000 425.000000 
m_mephitis315.000000 315.000000 271.000000 302.000000 302.000000 277.000000 225.000000 270.000000 270.000000 0.000000 200.000000 245.000000 392.000000 392.000000 337.000000 313.000000 435.000000 435.000000 375.000000 
p_lotor    315.000000 315.000000 271.000000 302.000000 302.000000 277.000000 225.000000 270.000000 270.000000 200.000000 0.000000 245.000000 392.000000 392.000000 337.000000 313.000000 435.000000 435.000000 375.000000 
t_taxus    340.000000 340.000000 296.000000 327.000000 327.000000 302.000000 250.000000 295.000000 295.000000 245.000000 245.000000 0.000000 347.000000 347.000000 292.000000 268.000000 390.000000 390.000000 330.000000 
g_gulo     487.000000 487.000000 443.000000 474.000000 474.000000 449.000000 397.000000 442.000000 442.000000 392.000000 392.000000 347.000000 0.000000 200.000000 255.000000 365.000000 487.000000 487.000000 427.000000 
m_pennanti487.000000 487.000000 443.000000 474.000000 474.000000 449.000000 397.000000 442.000000 442.000000 392.000000 392.000000 347.000000 200.000000 0.000000 255.000000 365.000000 487.000000 487.000000 427.000000 
m_american432.000000 432.000000 388.000000 419.000000 419.000000 394.000000 342.000000 387.000000 387.000000 337.000000 337.000000 292.000000 255.000000 255.000000 0.000000 310.000000 432.000000 432.000000 372.000000 
lo_canaden408.000000 408.000000 364.000000 395.000000 395.000000 370.000000 318.000000 363.000000 363.000000 313.000000 313.000000 268.000000 365.000000 365.000000 310.000000 0.000000 322.000000 322.000000 262.000000 
m_erminea  530.000000 530.000000 486.000000 517.000000 517.000000 492.000000 440.000000 485.000000 485.000000 435.000000 435.000000 390.000000 487.000000 487.000000 432.000000 322.000000 0.000000 200.000000 260.000000 
m_nivalis  530.000000 530.000000 486.000000 517.000000 517.000000 492.000000 440.000000 485.000000 485.000000 435.000000 435.000000 390.000000 487.000000 487.000000 432.000000 322.000000 200.000000 0.000000 260.000000 
n_vison    470.000000 470.000000 426.000000 457.000000 457.000000 432.000000 380.000000 425.000000 425.000000 375.000000 375.000000 330.000000 427.000000 427.000000 372.000000 262.000000 260.000000 260.000000 0.000000 

30
b_astutus  0.000000 0.771800 0.922200 0.878300 0.919300 0.910600 0.914300 0.945900 0.850300 0.886900 0.895900 0.802300 0.962700 0.954100 0.919000 0.904000 0.963700 0.960100 0.930500 0.929500 0.937200 0.924200 0.932000 0.933200 0.947500 0.987400 0.898900 0.997300 0.979900 1.007600 
ly_canaden0.771800 0.000000 0.921800 0.877900 0.918900 0.910200 0.913900 0.945500 0.849900 0.886500 0.895500 0.801900 0.962300 0.953700 0.918600 0.903600 0.963300 0.959700 0.930100 0.929100 0.936800 0.923800 0.931600 0.932800 0.947100 0.987000 0.898500 0.996900 0.979500 1.007200 
h_yaguarondi0.922200 0.921800 0.000000 0.672700 0.787900 0.866800 0.870500 0.902100 0.806500 0.843100 0.852100 0.758500 0.979900 0.971300 0.936200 0.921200 0.980900 0.977300 0.947700 0.946700 0.954400 0.941400 0.949200 0.950400 0.964700 1.004600 0.916100 1.014500 0.997100 1.024800 
m_erminea  0.878300 0.877900 0.672700 0.000000 0.744000 0.822900 0.826600 0.858200 0.762600 0.799200 0.808200 0.714600 0.936000 0.927400 0.892300 0.877300 0.937000 0.933400 0.903800 0.902800 0.910500 0.897500 0.905300 0.906500 0.920800 0.960700 0.872200 0.970600 0.953200 0.980900 
c_leuconotus0.919300 0.918900 0.787900 0.744000 0.000000 0.863900 0.867600 0.899200 0.803600 0.840200 0.849200 0.755600 0.977000 0.968400 0.933300 0.918300 0.978000 0.974400 0.944800 0.943800 0.951500 0.938500 0.946300 0.947500 0.961800 1.001700 0.913200 1.011600 0.994200 1.021900 
l_pardalis0.910600 0.910200 0.866800 0.822900 0.863900 0.000000 0.643300 0.850500 0.754900 0.791500 0.800500 0.729300 0.968300 0.959700 0.924600 0.909600 0.969300 0.965700 0.936100 0.935100 0.942800 0.929800 0.937600 0.938800 0.953100 0.993000 0.904500 1.002900 0.985500 1.013200 
m_vison    0.914300 0.913900 0.870500 0.826600 0.867600 0.643300 0.000000 0.854200 0.758600 0.795200 0.804200 0.733000 0.972000 0.963400 0.928300 0.913300 0.973000 0.969400 0.939800 0.938800 0.946500 0.933500 0.941300 0.942500 0.956800 0.996700 0.908200 1.006600 0.989200 1.016900 
n_narica   0.945900 0.945500 0.902100 0.858200 0.899200 0.850500 0.854200 0.000000 0.637400 0.686600 0.695600 0.764600 1.003600 0.995000 0.959900 0.944900 1.004600 1.001000 0.971400 0.970400 0.978100 0.965100 0.972900 0.974100 0.988400 1.028300 0.939800 1.038200 1.020800 1.048500 
p_lotor    0.850300 0.849900 0.806500 0.762600 0.803600 0.754900 0.758600 0.637400 0.000000 0.591000 0.600000 0.669000 0.908000 0.899400 0.864300 0.849300 0.909000 0.905400 0.875800 0.874800 0.882500 0.869500 0.877300 0.878500 0.892800 0.932700 0.844200 0.942600 0.925200 0.952900 
m_frenata  0.886900 0.886500 0.843100 0.799200 0.840200 0.791500 0.795200 0.686600 0.591000 0.000000 0.473800 0.705600 0.944600 0.936000 0.900900 0.885900 0.945600 0.942000 0.912400 0.911400 0.919100 0.906100 0.913900 0.915100 0.929400 0.969300 0.880800 0.979200 0.961800 0.989500 
p_onca     0.895900 0.895500 0.852100 0.808200 0.849200 0.800500 0.804200 0.695600 0.600000 0.473800 0.000000 0.714600 0.953600 0.945000 0.909900 0.894900 0.954600 0.951000 0.921400 0.920400 0.928100 0.915100 0.922900 0.924100 0.938400 0.978300 0.889800 0.988200 0.970800 0.998500 
c_latrans  0.802300 0.801900 0.758500 0.714600 0.755600 0.729300 0.733000 0.764600 0.669000 0.705600 0.714600 0.000000 0.860000 0.851400 0.816300 0.801300 0.861000 0.857400 0.827800 0.826800 0.834500 0.821500 0.829300 0.830500 0.844800 0.884700 0.796200 0.894600 0.877200 0.904900 
a_lagopus  0.962700 0.962300 0.979900 0.936000 0.977000 0.968300 0.972000 1.003600 0.908000 0.944600 0.953600 0.860000 0.000000 0.975400 0.940300 0.925300 0.985000 0.981400 0.951800 0.950800 0.958500 0.945500 0.953300 0.954500 0.968800 1.008700 0.920200 1.018600 1.001200 1.028900 
p_concolor0.954100 0.953700 0.971300 0.927400 0.968400 0.959700 0.963400 0.995000 0.899400 0.936000 0.945000 0.851400 0.975400 0.000000 0.742700 0.844900 0.975000 0.971400 0.941800 0.940800 0.948500 0.935500 0.943300 0.944500 0.958800 0.998700 0.910200 1.008600 0.991200 1.018900 
s_pygmaea  0.919000 0.918600 0.936200 0.892300 0.933300 0.924600 0.928300 0.959900 0.864300 0.900900 0.909900 0.816300 0.940300 0.742700 0.000000 0.809800 0.939900 0.936300 0.906700 0.905700 0.913400 0.900400 0.908200 0.909400 0.923700 0.963600 0.875100 0.973500 0.956100 0.983800 
l_rufus    0.904000 0.903600 0.921200 0.877300 0.918300 0.909600 0.913300 0.944900 0.849300 0.885900 0.894900 0.801300 0.925300 0.844900 0.809800 0.000000 0.924900 0.921300 0.891700 0.890700 0.898400 0.885400 0.893200 0.894400 0.908700 0.948600 0.860100 0.958500 0.941100 0.968800 
m_pennanti0.963700 0.963300 0.980900 0.937000 0.978000 0.969300 0.973000 1.004600 0.909000 0.945600 0.954600 0.861000 0.985000 0.975000 0.939900 0.924900 0.000000 0.981000 0.951400 0.950400 0.958100 0.945100 0.952900 0.954100 0.968400 1.008300 0.919800 1.018200 1.000800 1.028500 
m_americana0.960100 0.959700 0.977300 0.933400 0.974400 0.965700 0.969400 1.001000 0.905400 0.942000 0.951000 0.857400 0.981400 0.971400 0.936300 0.921300 0.981000 0.000000 0.842000 0.894400 0.902100 0.889100 0.896900 0.898100 0.912400 1.004700 0.916200 1.014600 0.997200 1.024900 
u_littoralis0.930500 0.930100 0.947700 0.903800 0.944800 0.936100 0.939800 0.971400 0.875800 0.912400 0.921400 0.827800 0.951800 0.941800 0.906700 0.891700 0.951400 0.842000 0.000000 0.864800 0.872500 0.859500 0.867300 0.868500 0.882800 0.975100 0.886600 0.985000 0.967600 0.995300 
lo_canaden0.929500 0.929100 0.946700 0.902800 0.943800 0.935100 0.938800 0.970400 0.874800 0.911400 0.920400 0.826800 0.950800 0.940800 0.905700 0.890700 0.950400 0.894400 0.864800 0.000000 0.725100 0.819900 0.827700 0.828900 0.877800 0.974100 0.885600 0.984000 0.966600 0.994300 
m_mephitis0.937200 0.936800 0.954400 0.910500 0.951500 0.942800 0.946500 0.978100 0.882500 0.919100 0.928100 0.834500 0.958500 0.948500 0.913400 0.898400 0.958100 0.902100 0.872500 0.725100 0.000000 0.827600 0.835400 0.836600 0.885500 0.981800 0.893300 0.991700 0.974300 1.002000 
c_lupus    0.924200 0.923800 0.941400 0.897500 0.938500 0.929800 0.933500 0.965100 0.869500 0.906100 0.915100 0.821500 0.945500 0.935500 0.900400 0.885400 0.945100 0.889100 0.859500 0.819900 0.827600 0.000000 0.771600 0.791600 0.872500 0.968800 0.880300 0.978700 0.961300 0.989000 
m_nivalis  0.932000 0.931600 0.949200 0.905300 0.946300 0.937600 0.941300 0.972900 0.877300 0.913900 0.922900 0.829300 0.953300 0.943300 0.908200 0.893200 0.952900 0.896900 0.867300 0.827700 0.835400 0.771600 0.000000 0.799400 0.880300 0.976600 0.888100 0.986500 0.969100 0.996800 
u_americanus0.933200 0.932800 0.950400 0.906500 0.947500 0.938800 0.942500 0.974100 0.878500 0.915100 0.924100 0.830500 0.954500 0.944500 0.909400 0.894400 0.954100 0.898100 0.868500 0.828900 0.836600 0.791600 0.799400 0.000000 0.881500 0.977800 0.889300 0.987700 0.970300 0.998000 
g_gulo     0.947500 0.947100 0.964700 0.920800 0.961800 0.953100 0.956800 0.988400 0.892800 0.929400 0.938400 0.844800 0.968800 0.958800 0.923700 0.908700 0.968400 0.912400 0.882800 0.877800 0.885500 0.872500 0.880300 0.881500 0.000000 0.992100 0.903600 1.002000 0.984600 1.012300 
u_arctos   0.987400 0.987000 1.004600 0.960700 1.001700 0.993000 0.996700 1.028300 0.932700 0.969300 0.978300 0.884700 1.008700 0.998700 0.963600 0.948600 1.008300 1.004700 0.975100 0.974100 0.981800 0.968800 0.976600 0.977800 0.992100 0.000000 0.771900 0.974300 0.995700 1.023400 
v_velox    0.898900 0.898500 0.916100 0.872200 0.913200 0.904500 0.908200 0.939800 0.844200 0.880800 0.889800 0.796200 0.920200 0.910200 0.875100 0.860100 0.919800 0.916200 0.886600 0.885600 0.893300 0.880300 0.888100 0.889300 0.903600 0.771900 0.000000 0.885800 0.907200 0.934900 
t_taxus    0.997300 0.996900 1.014500 0.970600 1.011600 1.002900 1.006600 1.038200 0.942600 0.979200 0.988200 0.894600 1.018600 1.008600 0.973500 0.958500 1.018200 1.014600 0.985000 0.984000 0.991700 0.978700 0.986500 0.987700 1.002000 0.974300 0.885800 0.000000 1.005600 1.033300 
s_putorius0.979900 0.979500 0.997100 0.953200 0.994200 0.985500 0.989200 1.020800 0.925200 0.961800 0.970800 0.877200 1.001200 0.991200 0.956100 0.941100 1.000800 0.997200 0.967600 0.966600 0.974300 0.961300 0.969100 0.970300 0.984600 0.995700 0.907200 1.005600 0.000000 0.999900 
v_vulpes   1.007600 1.007200 1.024800 0.980900 1.021900 1.013200 1.016900 1.048500 0.952900 0.989500 0.998500 0.904900 1.028900 1.018900 0.983800 0.968800 1.028500 1.024900 0.995300 0.994300 1.002000 0.989000 0.996800 0.998000 1.012300 1.023400 0.934900 1.033300 0.999900 0.000000 

