22
g_gulo     0.000000 200.000000 237.000000 278.000000 480.000000 480.000000 480.000000 480.000000 372.000000 902.000000 902.000000 802.000000 873.000000 873.000000 802.000000 754.000000 754.000000 668.000000 668.000000 668.000000 668.000000 570.000000 
lo_canaden200.000000 0.000000 237.000000 278.000000 480.000000 480.000000 480.000000 480.000000 372.000000 902.000000 902.000000 802.000000 873.000000 873.000000 802.000000 754.000000 754.000000 668.000000 668.000000 668.000000 668.000000 570.000000 
m_pennanti237.000000 237.000000 0.000000 241.000000 443.000000 443.000000 443.000000 443.000000 335.000000 865.000000 865.000000 765.000000 836.000000 836.000000 765.000000 717.000000 717.000000 631.000000 631.000000 631.000000 631.000000 533.000000 
m_american278.000000 278.000000 241.000000 0.000000 402.000000 402.000000 402.000000 402.000000 294.000000 824.000000 824.000000 724.000000 795.000000 795.000000 724.000000 676.000000 676.000000 590.000000 590.000000 590.000000 590.000000 492.000000 
m_erminea  480.000000 480.000000 443.000000 402.000000 0.000000 200.000000 338.000000 338.000000 418.000000 948.000000 948.000000 848.000000 919.000000 919.000000 848.000000 800.000000 800.000000 714.000000 714.000000 714.000000 714.000000 616.000000 
m_nivalis  480.000000 480.000000 443.000000 402.000000 200.000000 0.000000 338.000000 338.000000 418.000000 948.000000 948.000000 848.000000 919.000000 919.000000 848.000000 800.000000 800.000000 714.000000 714.000000 714.000000 714.000000 616.000000 
m_frenata  480.000000 480.000000 443.000000 402.000000 338.000000 338.000000 0.000000 200.000000 418.000000 948.000000 948.000000 848.000000 919.000000 919.000000 848.000000 800.000000 800.000000 714.000000 714.000000 714.000000 714.000000 616.000000 
n_vison    480.000000 480.000000 443.000000 402.000000 338.000000 338.000000 200.000000 0.000000 418.000000 948.000000 948.000000 848.000000 919.000000 919.000000 848.000000 800.000000 800.000000 714.000000 714.000000 714.000000 714.000000 616.000000 
t_taxus    372.000000 372.000000 335.000000 294.000000 418.000000 418.000000 418.000000 418.000000 0.000000 730.000000 730.000000 630.000000 701.000000 701.000000 630.000000 582.000000 582.000000 496.000000 496.000000 496.000000 496.000000 398.000000 
c_latrans  902.000000 902.000000 865.000000 824.000000 948.000000 948.000000 948.000000 948.000000 730.000000 0.000000 200.000000 300.000000 571.000000 571.000000 500.000000 548.000000 548.000000 634.000000 634.000000 830.000000 830.000000 732.000000 
c_lupus    902.000000 902.000000 865.000000 824.000000 948.000000 948.000000 948.000000 948.000000 730.000000 200.000000 0.000000 300.000000 571.000000 571.000000 500.000000 548.000000 548.000000 634.000000 634.000000 830.000000 830.000000 732.000000 
v_lagopus  802.000000 802.000000 765.000000 724.000000 848.000000 848.000000 848.000000 848.000000 630.000000 300.000000 300.000000 0.000000 471.000000 471.000000 400.000000 448.000000 448.000000 534.000000 534.000000 730.000000 730.000000 632.000000 
ly_canaden873.000000 873.000000 836.000000 795.000000 919.000000 919.000000 919.000000 919.000000 701.000000 571.000000 571.000000 471.000000 0.000000 200.000000 271.000000 519.000000 519.000000 605.000000 605.000000 801.000000 801.000000 703.000000 
l_rufus    873.000000 873.000000 836.000000 795.000000 919.000000 919.000000 919.000000 919.000000 701.000000 571.000000 571.000000 471.000000 200.000000 0.000000 271.000000 519.000000 519.000000 605.000000 605.000000 801.000000 801.000000 703.000000 
p_onca     802.000000 802.000000 765.000000 724.000000 848.000000 848.000000 848.000000 848.000000 630.000000 500.000000 500.000000 400.000000 271.000000 271.000000 0.000000 448.000000 448.000000 534.000000 534.000000 730.000000 730.000000 632.000000 
u_arctos   754.000000 754.000000 717.000000 676.000000 800.000000 800.000000 800.000000 800.000000 582.000000 548.000000 548.000000 448.000000 519.000000 519.000000 448.000000 0.000000 200.000000 486.000000 486.000000 682.000000 682.000000 584.000000 
u_american754.000000 754.000000 717.000000 676.000000 800.000000 800.000000 800.000000 800.000000 582.000000 548.000000 548.000000 448.000000 519.000000 519.000000 448.000000 200.000000 0.000000 486.000000 486.000000 682.000000 682.000000 584.000000 
m_mephitis668.000000 668.000000 631.000000 590.000000 714.000000 714.000000 714.000000 714.000000 496.000000 634.000000 634.000000 534.000000 605.000000 605.000000 534.000000 486.000000 486.000000 0.000000 200.000000 596.000000 596.000000 498.000000 
s_putorius668.000000 668.000000 631.000000 590.000000 714.000000 714.000000 714.000000 714.000000 496.000000 634.000000 634.000000 534.000000 605.000000 605.000000 534.000000 486.000000 486.000000 200.000000 0.000000 596.000000 596.000000 498.000000 
b_astutus  668.000000 668.000000 631.000000 590.000000 714.000000 714.000000 714.000000 714.000000 496.000000 830.000000 830.000000 730.000000 801.000000 801.000000 730.000000 682.000000 682.000000 596.000000 596.000000 0.000000 200.000000 298.000000 
p_lotor    668.000000 668.000000 631.000000 590.000000 714.000000 714.000000 714.000000 714.000000 496.000000 830.000000 830.000000 730.000000 801.000000 801.000000 730.000000 682.000000 682.000000 596.000000 596.000000 200.000000 0.000000 298.000000 
n_narica   570.000000 570.000000 533.000000 492.000000 616.000000 616.000000 616.000000 616.000000 398.000000 732.000000 732.000000 632.000000 703.000000 703.000000 632.000000 584.000000 584.000000 498.000000 498.000000 298.000000 298.000000 0.000000 

30
p_lotor    0.000000 0.269800 0.974300 0.804300 0.833500 0.908800 0.949700 0.950700 0.965000 1.023800 1.033100 1.002300 0.633000 0.883000 0.845300 0.694900 0.776100 0.832900 0.690800 0.787600 0.781200 0.772700 0.736600 0.697900 0.707900 0.709500 0.823400 0.921800 0.602800 0.839100 
u_littoralis0.269800 0.000000 0.829300 0.659300 0.688500 0.763800 0.804700 0.805700 0.820000 0.878800 0.888100 0.857300 0.488000 0.738000 0.700300 0.549900 0.631100 0.687900 0.545800 0.642600 0.636200 0.627700 0.591600 0.552900 0.562900 0.564500 0.678400 0.776800 0.457800 0.694100 
s_putorius0.974300 0.829300 0.000000 0.749800 0.921400 0.996700 1.037600 1.038600 1.052900 1.111700 1.121000 1.090200 0.806900 1.056900 1.019200 0.868800 0.950000 1.006800 0.864700 0.961500 0.955100 0.946600 0.910500 0.871800 0.881800 0.883400 0.997300 1.095700 0.776700 1.013000 
s_pygmaea  0.804300 0.659300 0.749800 0.000000 0.751400 0.826700 0.867600 0.868600 0.882900 0.941700 0.951000 0.920200 0.636900 0.886900 0.849200 0.698800 0.780000 0.836800 0.694700 0.791500 0.785100 0.776600 0.740500 0.701800 0.711800 0.713400 0.827300 0.925700 0.606700 0.843000 
a_lagopus  0.833500 0.688500 0.921400 0.751400 0.000000 0.689700 0.797400 0.875200 0.889500 0.948300 0.957600 0.926800 0.666100 0.916100 0.878400 0.728000 0.809200 0.866000 0.723900 0.820700 0.814300 0.805800 0.769700 0.731000 0.741000 0.742600 0.856500 0.954900 0.635900 0.872200 
b_astutus  0.908800 0.763800 0.996700 0.826700 0.689700 0.000000 0.872700 0.950500 0.964800 1.023600 1.032900 1.002100 0.741400 0.991400 0.953700 0.803300 0.884500 0.941300 0.799200 0.896000 0.889600 0.881100 0.845000 0.806300 0.816300 0.817900 0.931800 1.030200 0.711200 0.947500 
c_leuconotus0.949700 0.804700 1.037600 0.867600 0.797400 0.872700 0.000000 0.991400 1.005700 1.064500 1.073800 1.043000 0.782300 1.032300 0.994600 0.844200 0.925400 0.982200 0.840100 0.936900 0.930500 0.922000 0.885900 0.847200 0.857200 0.858800 0.972700 1.071100 0.752100 0.988400 
h_yaguarondi0.950700 0.805700 1.038600 0.868600 0.875200 0.950500 0.991400 0.000000 0.859900 0.993700 1.003000 0.972200 0.783300 1.033300 0.995600 0.845200 0.926400 0.983200 0.841100 0.937900 0.931500 0.923000 0.886900 0.848200 0.858200 0.859800 0.973700 1.072100 0.753100 0.989400 
n_narica   0.965000 0.820000 1.052900 0.882900 0.889500 0.964800 1.005700 0.859900 0.000000 1.008000 1.017300 0.986500 0.797600 1.047600 1.009900 0.859500 0.940700 0.997500 0.855400 0.952200 0.945800 0.937300 0.901200 0.862500 0.872500 0.874100 0.988000 1.086400 0.767400 1.003700 
u_arctos   1.023800 0.878800 1.111700 0.941700 0.948300 1.023600 1.064500 0.993700 1.008000 0.000000 1.000100 0.990300 0.856400 1.106400 1.068700 0.918300 0.999500 1.056300 0.914200 1.011000 1.004600 0.996100 0.960000 0.921300 0.931300 0.932900 1.046800 1.145200 0.826200 1.062500 
v_vulpes   1.033100 0.888100 1.121000 0.951000 0.957600 1.032900 1.073800 1.003000 1.017300 1.000100 0.000000 0.999600 0.865700 1.115700 1.078000 0.927600 1.008800 1.065600 0.923500 1.020300 1.013900 1.005400 0.969300 0.930600 0.940600 0.942200 1.056100 1.154500 0.835500 1.071800 
t_taxus    1.002300 0.857300 1.090200 0.920200 0.926800 1.002100 1.043000 0.972200 0.986500 0.990300 0.999600 0.000000 0.834900 1.084900 1.047200 0.896800 0.978000 1.034800 0.892700 0.989500 0.983100 0.974600 0.938500 0.899800 0.909800 0.911400 1.025300 1.123700 0.804700 1.041000 
c_latrans  0.633000 0.488000 0.806900 0.636900 0.666100 0.741400 0.782300 0.783300 0.797600 0.856400 0.865700 0.834900 0.000000 0.250000 0.615300 0.464900 0.562700 0.619500 0.477400 0.574200 0.567800 0.559300 0.523200 0.484500 0.494500 0.496100 0.610000 0.736800 0.417800 0.654100 
l_pardalis0.883000 0.738000 1.056900 0.886900 0.916100 0.991400 1.032300 1.033300 1.047600 1.106400 1.115700 1.084900 0.250000 0.000000 0.865300 0.714900 0.812700 0.869500 0.727400 0.824200 0.817800 0.809300 0.773200 0.734500 0.744500 0.746100 0.860000 0.986800 0.667800 0.904100 
m_vison    0.845300 0.700300 1.019200 0.849200 0.878400 0.953700 0.994600 0.995600 1.009900 1.068700 1.078000 1.047200 0.615300 0.865300 0.000000 0.179800 0.775000 0.831800 0.689700 0.786500 0.780100 0.771600 0.735500 0.696800 0.706800 0.708400 0.822300 0.949100 0.630100 0.866400 
p_onca     0.694900 0.549900 0.868800 0.698800 0.728000 0.803300 0.844200 0.845200 0.859500 0.918300 0.927600 0.896800 0.464900 0.714900 0.179800 0.000000 0.624600 0.681400 0.539300 0.636100 0.629700 0.621200 0.585100 0.546400 0.556400 0.558000 0.671900 0.798700 0.479700 0.716000 
c_lupus    0.776100 0.631100 0.950000 0.780000 0.809200 0.884500 0.925400 0.926400 0.940700 0.999500 1.008800 0.978000 0.562700 0.812700 0.775000 0.624600 0.000000 0.639800 0.505900 0.602700 0.596300 0.615200 0.579100 0.540400 0.550400 0.552000 0.665900 0.879900 0.560900 0.797200 
m_americana0.832900 0.687900 1.006800 0.836800 0.866000 0.941300 0.982200 0.983200 0.997500 1.056300 1.065600 1.034800 0.619500 0.869500 0.831800 0.681400 0.639800 0.000000 0.562700 0.659500 0.653100 0.672000 0.635900 0.597200 0.607200 0.608800 0.722700 0.936700 0.617700 0.854000 
lo_canaden0.690800 0.545800 0.864700 0.694700 0.723900 0.799200 0.840100 0.841100 0.855400 0.914200 0.923500 0.892700 0.477400 0.727400 0.689700 0.539300 0.505900 0.562700 0.000000 0.190000 0.431600 0.529900 0.493800 0.455100 0.465100 0.466700 0.580600 0.794600 0.475600 0.711900 
m_pennanti0.787600 0.642600 0.961500 0.791500 0.820700 0.896000 0.936900 0.937900 0.952200 1.011000 1.020300 0.989500 0.574200 0.824200 0.786500 0.636100 0.602700 0.659500 0.190000 0.000000 0.528400 0.626700 0.590600 0.551900 0.561900 0.563500 0.677400 0.891400 0.572400 0.808700 
ly_canaden0.781200 0.636200 0.955100 0.785100 0.814300 0.889600 0.930500 0.931500 0.945800 1.004600 1.013900 0.983100 0.567800 0.817800 0.780100 0.629700 0.596300 0.653100 0.431600 0.528400 0.000000 0.620300 0.584200 0.545500 0.555500 0.557100 0.671000 0.885000 0.566000 0.802300 
l_rufus    0.772700 0.627700 0.946600 0.776600 0.805800 0.881100 0.922000 0.923000 0.937300 0.996100 1.005400 0.974600 0.559300 0.809300 0.771600 0.621200 0.615200 0.672000 0.529900 0.626700 0.620300 0.000000 0.399900 0.460600 0.470600 0.528200 0.642100 0.876500 0.557500 0.793800 
m_erminea  0.736600 0.591600 0.910500 0.740500 0.769700 0.845000 0.885900 0.886900 0.901200 0.960000 0.969300 0.938500 0.523200 0.773200 0.735500 0.585100 0.579100 0.635900 0.493800 0.590600 0.584200 0.399900 0.000000 0.424500 0.434500 0.492100 0.606000 0.840400 0.521400 0.757700 
m_mephitis0.697900 0.552900 0.871800 0.701800 0.731000 0.806300 0.847200 0.848200 0.862500 0.921300 0.930600 0.899800 0.484500 0.734500 0.696800 0.546400 0.540400 0.597200 0.455100 0.551900 0.545500 0.460600 0.424500 0.000000 0.190000 0.453400 0.567300 0.801700 0.482700 0.719000 
m_nivalis  0.707900 0.562900 0.881800 0.711800 0.741000 0.816300 0.857200 0.858200 0.872500 0.931300 0.940600 0.909800 0.494500 0.744500 0.706800 0.556400 0.550400 0.607200 0.465100 0.561900 0.555500 0.470600 0.434500 0.190000 0.000000 0.463400 0.577300 0.811700 0.492700 0.729000 
m_frenata  0.709500 0.564500 0.883400 0.713400 0.742600 0.817900 0.858800 0.859800 0.874100 0.932900 0.942200 0.911400 0.496100 0.746100 0.708400 0.558000 0.552000 0.608800 0.466700 0.563500 0.557100 0.528200 0.492100 0.453400 0.463400 0.000000 0.510500 0.813300 0.494300 0.730600 
p_concolor0.823400 0.678400 0.997300 0.827300 0.856500 0.931800 0.972700 0.973700 0.988000 1.046800 1.056100 1.025300 0.610000 0.860000 0.822300 0.671900 0.665900 0.722700 0.580600 0.677400 0.671000 0.642100 0.606000 0.567300 0.577300 0.510500 0.000000 0.927200 0.608200 0.844500 
u_americanus0.921800 0.776800 1.095700 0.925700 0.954900 1.030200 1.071100 1.072100 1.086400 1.145200 1.154500 1.123700 0.736800 0.986800 0.949100 0.798700 0.879900 0.936700 0.794600 0.891400 0.885000 0.876500 0.840400 0.801700 0.811700 0.813300 0.927200 0.000000 0.319000 0.942900 
v_velox    0.602800 0.457800 0.776700 0.606700 0.635900 0.711200 0.752100 0.753100 0.767400 0.826200 0.835500 0.804700 0.417800 0.667800 0.630100 0.479700 0.560900 0.617700 0.475600 0.572400 0.566000 0.557500 0.521400 0.482700 0.492700 0.494300 0.608200 0.319000 0.000000 0.623900 
g_gulo     0.839100 0.694100 1.013000 0.843000 0.872200 0.947500 0.988400 0.989400 1.003700 1.062500 1.071800 1.041000 0.654100 0.904100 0.866400 0.716000 0.797200 0.854000 0.711900 0.808700 0.802300 0.793800 0.757700 0.719000 0.729000 0.730600 0.844500 0.942900 0.623900 0.000000 

