23
s_putorius0.000000 200.000000 463.000000 463.000000 427.000000 539.000000 539.000000 534.000000 534.000000 409.000000 313.000000 355.000000 355.000000 442.000000 442.000000 390.000000 407.000000 407.000000 402.000000 402.000000 403.000000 403.000000 373.000000 
m_mephitis200.000000 0.000000 463.000000 463.000000 427.000000 539.000000 539.000000 534.000000 534.000000 409.000000 313.000000 355.000000 355.000000 442.000000 442.000000 390.000000 407.000000 407.000000 402.000000 402.000000 403.000000 403.000000 373.000000 
g_gulo     463.000000 463.000000 0.000000 200.000000 236.000000 482.000000 482.000000 477.000000 477.000000 352.000000 350.000000 450.000000 450.000000 537.000000 537.000000 485.000000 502.000000 502.000000 497.000000 497.000000 498.000000 498.000000 468.000000 
m_american463.000000 463.000000 200.000000 0.000000 236.000000 482.000000 482.000000 477.000000 477.000000 352.000000 350.000000 450.000000 450.000000 537.000000 537.000000 485.000000 502.000000 502.000000 497.000000 497.000000 498.000000 498.000000 468.000000 
m_pennanti427.000000 427.000000 236.000000 236.000000 0.000000 446.000000 446.000000 441.000000 441.000000 316.000000 314.000000 414.000000 414.000000 501.000000 501.000000 449.000000 466.000000 466.000000 461.000000 461.000000 462.000000 462.000000 432.000000 
m_frenata  539.000000 539.000000 482.000000 482.000000 446.000000 0.000000 200.000000 319.000000 319.000000 330.000000 426.000000 526.000000 526.000000 613.000000 613.000000 561.000000 578.000000 578.000000 573.000000 573.000000 574.000000 574.000000 544.000000 
n_vison    539.000000 539.000000 482.000000 482.000000 446.000000 200.000000 0.000000 319.000000 319.000000 330.000000 426.000000 526.000000 526.000000 613.000000 613.000000 561.000000 578.000000 578.000000 573.000000 573.000000 574.000000 574.000000 544.000000 
m_nivalis  534.000000 534.000000 477.000000 477.000000 441.000000 319.000000 319.000000 0.000000 200.000000 325.000000 421.000000 521.000000 521.000000 608.000000 608.000000 556.000000 573.000000 573.000000 568.000000 568.000000 569.000000 569.000000 539.000000 
m_erminea  534.000000 534.000000 477.000000 477.000000 441.000000 319.000000 319.000000 200.000000 0.000000 325.000000 421.000000 521.000000 521.000000 608.000000 608.000000 556.000000 573.000000 573.000000 568.000000 568.000000 569.000000 569.000000 539.000000 
lo_canaden409.000000 409.000000 352.000000 352.000000 316.000000 330.000000 330.000000 325.000000 325.000000 0.000000 296.000000 396.000000 396.000000 483.000000 483.000000 431.000000 448.000000 448.000000 443.000000 443.000000 444.000000 444.000000 414.000000 
t_taxus    313.000000 313.000000 350.000000 350.000000 314.000000 426.000000 426.000000 421.000000 421.000000 296.000000 0.000000 300.000000 300.000000 387.000000 387.000000 335.000000 352.000000 352.000000 347.000000 347.000000 348.000000 348.000000 318.000000 
c_latrans  355.000000 355.000000 450.000000 450.000000 414.000000 526.000000 526.000000 521.000000 521.000000 396.000000 300.000000 0.000000 200.000000 401.000000 401.000000 349.000000 366.000000 366.000000 361.000000 361.000000 362.000000 362.000000 332.000000 
u_littoral355.000000 355.000000 450.000000 450.000000 414.000000 526.000000 526.000000 521.000000 521.000000 396.000000 300.000000 200.000000 0.000000 401.000000 401.000000 349.000000 366.000000 366.000000 361.000000 361.000000 362.000000 362.000000 332.000000 
p_lotor    442.000000 442.000000 537.000000 537.000000 501.000000 613.000000 613.000000 608.000000 608.000000 483.000000 387.000000 401.000000 401.000000 0.000000 200.000000 252.000000 401.000000 401.000000 428.000000 428.000000 429.000000 429.000000 399.000000 
b_astutus  442.000000 442.000000 537.000000 537.000000 501.000000 613.000000 613.000000 608.000000 608.000000 483.000000 387.000000 401.000000 401.000000 200.000000 0.000000 252.000000 401.000000 401.000000 428.000000 428.000000 429.000000 429.000000 399.000000 
n_narica   390.000000 390.000000 485.000000 485.000000 449.000000 561.000000 561.000000 556.000000 556.000000 431.000000 335.000000 349.000000 349.000000 252.000000 252.000000 0.000000 349.000000 349.000000 376.000000 376.000000 377.000000 377.000000 347.000000 
u_american407.000000 407.000000 502.000000 502.000000 466.000000 578.000000 578.000000 573.000000 573.000000 448.000000 352.000000 366.000000 366.000000 401.000000 401.000000 349.000000 0.000000 200.000000 393.000000 393.000000 394.000000 394.000000 364.000000 
u_arctos   407.000000 407.000000 502.000000 502.000000 466.000000 578.000000 578.000000 573.000000 573.000000 448.000000 352.000000 366.000000 366.000000 401.000000 401.000000 349.000000 200.000000 0.000000 393.000000 393.000000 394.000000 394.000000 364.000000 
v_lagopus  402.000000 402.000000 497.000000 497.000000 461.000000 573.000000 573.000000 568.000000 568.000000 443.000000 347.000000 361.000000 361.000000 428.000000 428.000000 376.000000 393.000000 393.000000 0.000000 200.000000 347.000000 347.000000 317.000000 
c_lupus    402.000000 402.000000 497.000000 497.000000 461.000000 573.000000 573.000000 568.000000 568.000000 443.000000 347.000000 361.000000 361.000000 428.000000 428.000000 376.000000 393.000000 393.000000 200.000000 0.000000 347.000000 347.000000 317.000000 
ly_canaden403.000000 403.000000 498.000000 498.000000 462.000000 574.000000 574.000000 569.000000 569.000000 444.000000 348.000000 362.000000 362.000000 429.000000 429.000000 377.000000 394.000000 394.000000 347.000000 347.000000 0.000000 200.000000 230.000000 
p_onca     403.000000 403.000000 498.000000 498.000000 462.000000 574.000000 574.000000 569.000000 569.000000 444.000000 348.000000 362.000000 362.000000 429.000000 429.000000 377.000000 394.000000 394.000000 347.000000 347.000000 200.000000 0.000000 230.000000 
l_pardalis373.000000 373.000000 468.000000 468.000000 432.000000 544.000000 544.000000 539.000000 539.000000 414.000000 318.000000 332.000000 332.000000 399.000000 399.000000 347.000000 364.000000 364.000000 317.000000 317.000000 230.000000 230.000000 0.000000 

30
u_americanus0.000000 0.510300 0.816900 0.826700 0.852800 0.799700 0.864300 0.808100 0.780400 0.907100 0.835600 0.809600 0.852700 0.916800 0.821800 0.967600 0.924800 0.898900 0.979200 0.758800 0.896000 0.887300 0.936200 1.047100 0.888100 1.065000 0.939600 1.020700 1.022900 1.087900 
v_velox    0.510300 0.000000 0.662600 0.672400 0.698500 0.645400 0.710000 0.653800 0.626100 0.752800 0.681300 0.655300 0.698400 0.762500 0.667500 0.813300 0.770500 0.744600 0.824900 0.604500 0.741700 0.733000 0.781900 0.892800 0.733800 0.910700 0.785300 0.866400 0.868600 0.933600 
g_gulo     0.816900 0.662600 0.000000 0.808800 0.834900 0.781800 0.846400 0.790200 0.762500 0.889200 0.817700 0.791700 0.834800 0.898900 0.803900 0.949700 0.906900 0.881000 0.961300 0.740900 0.878100 0.869400 0.918300 1.029200 0.870200 1.047100 0.921700 1.002800 1.005000 1.070000 
lo_canaden0.826700 0.672400 0.808800 0.000000 0.570100 0.636000 0.700600 0.644400 0.616700 0.791400 0.724900 0.698900 0.742000 0.806100 0.711100 0.856900 0.814100 0.788200 0.868500 0.648100 0.785300 0.776600 0.825500 0.936400 0.777400 0.954300 0.828900 0.910000 0.912200 0.977200 
m_nivalis  0.852800 0.698500 0.834900 0.570100 0.000000 0.662100 0.726700 0.670500 0.642800 0.817500 0.751000 0.725000 0.768100 0.832200 0.737200 0.883000 0.840200 0.814300 0.894600 0.674200 0.811400 0.802700 0.851600 0.962500 0.803500 0.980400 0.855000 0.936100 0.938300 1.003300 
l_rufus    0.799700 0.645400 0.781800 0.636000 0.662100 0.000000 0.389800 0.508000 0.512300 0.764400 0.697900 0.671900 0.715000 0.779100 0.684100 0.829900 0.787100 0.761200 0.841500 0.621100 0.758300 0.749600 0.798500 0.909400 0.750400 0.927300 0.801900 0.883000 0.885200 0.950200 
p_onca     0.864300 0.710000 0.846400 0.700600 0.726700 0.389800 0.000000 0.572600 0.576900 0.829000 0.762500 0.736500 0.779600 0.843700 0.748700 0.894500 0.851700 0.825800 0.906100 0.685700 0.822900 0.814200 0.863100 0.974000 0.815000 0.991900 0.866500 0.947600 0.949800 1.014800 
m_erminea  0.808100 0.653800 0.790200 0.644400 0.670500 0.508000 0.572600 0.000000 0.520700 0.772800 0.706300 0.680300 0.723400 0.787500 0.692500 0.838300 0.795500 0.769600 0.849900 0.629500 0.766700 0.758000 0.806900 0.917800 0.758800 0.935700 0.810300 0.891400 0.893600 0.958600 
m_mephitis0.780400 0.626100 0.762500 0.616700 0.642800 0.512300 0.576900 0.520700 0.000000 0.745100 0.678600 0.652600 0.695700 0.759800 0.664800 0.810600 0.767800 0.741900 0.822200 0.601800 0.739000 0.730300 0.779200 0.890100 0.731100 0.908000 0.782600 0.863700 0.865900 0.930900 
m_americana0.907100 0.752800 0.889200 0.791400 0.817500 0.764400 0.829000 0.772800 0.745100 0.000000 0.805300 0.779300 0.822400 0.886500 0.791500 0.937300 0.894500 0.868600 0.948900 0.728500 0.865700 0.857000 0.905900 1.016800 0.857800 1.034700 0.909300 0.990400 0.992600 1.057600 
m_frenata  0.835600 0.681300 0.817700 0.724900 0.751000 0.697900 0.762500 0.706300 0.678600 0.805300 0.000000 0.519800 0.573100 0.767200 0.672200 0.840000 0.797200 0.771300 0.851600 0.631200 0.768400 0.759700 0.808600 0.919500 0.760500 0.937400 0.812000 0.893100 0.895300 0.960300 
p_lotor    0.809600 0.655300 0.791700 0.698900 0.725000 0.671900 0.736500 0.680300 0.652600 0.779300 0.519800 0.000000 0.547100 0.741200 0.646200 0.814000 0.771200 0.745300 0.825600 0.605200 0.742400 0.733700 0.782600 0.893500 0.734500 0.911400 0.786000 0.867100 0.869300 0.934300 
p_concolor0.852700 0.698400 0.834800 0.742000 0.768100 0.715000 0.779600 0.723400 0.695700 0.822400 0.573100 0.547100 0.000000 0.784300 0.689300 0.857100 0.814300 0.788400 0.868700 0.648300 0.785500 0.776800 0.825700 0.936600 0.777600 0.954500 0.829100 0.910200 0.912400 0.977400 
m_vison    0.916800 0.762500 0.898900 0.806100 0.832200 0.779100 0.843700 0.787500 0.759800 0.886500 0.767200 0.741200 0.784300 0.000000 0.569800 0.921200 0.878400 0.852500 0.932800 0.712400 0.849600 0.840900 0.889800 1.000700 0.841700 1.018600 0.893200 0.974300 0.976500 1.041500 
u_littoralis0.821800 0.667500 0.803900 0.711100 0.737200 0.684100 0.748700 0.692500 0.664800 0.791500 0.672200 0.646200 0.689300 0.569800 0.000000 0.826200 0.783400 0.757500 0.837800 0.617400 0.754600 0.745900 0.794800 0.905700 0.746700 0.923600 0.798200 0.879300 0.881500 0.946500 
a_lagopus  0.967600 0.813300 0.949700 0.856900 0.883000 0.829900 0.894500 0.838300 0.810600 0.937300 0.840000 0.814000 0.857100 0.921200 0.826200 0.000000 0.770400 0.849300 0.929600 0.709200 0.846400 0.837700 0.886600 1.032900 0.873900 1.050800 0.925400 1.006500 1.008700 1.073700 
c_leuconotus0.924800 0.770500 0.906900 0.814100 0.840200 0.787100 0.851700 0.795500 0.767800 0.894500 0.797200 0.771200 0.814300 0.878400 0.783400 0.770400 0.000000 0.806500 0.886800 0.666400 0.803600 0.794900 0.843800 0.990100 0.831100 1.008000 0.882600 0.963700 0.965900 1.030900 
c_lupus    0.898900 0.744600 0.881000 0.788200 0.814300 0.761200 0.825800 0.769600 0.741900 0.868600 0.771300 0.745300 0.788400 0.852500 0.757500 0.849300 0.806500 0.000000 0.670100 0.635300 0.772500 0.763800 0.812700 0.964200 0.805200 0.982100 0.856700 0.937800 0.940000 1.005000 
l_pardalis0.979200 0.824900 0.961300 0.868500 0.894600 0.841500 0.906100 0.849900 0.822200 0.948900 0.851600 0.825600 0.868700 0.932800 0.837800 0.929600 0.886800 0.670100 0.000000 0.715600 0.852800 0.844100 0.893000 1.044500 0.885500 1.062400 0.937000 1.018100 1.020300 1.085300 
c_latrans  0.758800 0.604500 0.740900 0.648100 0.674200 0.621100 0.685700 0.629500 0.601800 0.728500 0.631200 0.605200 0.648300 0.712400 0.617400 0.709200 0.666400 0.635300 0.715600 0.000000 0.380000 0.589500 0.638400 0.824100 0.665100 0.842000 0.716600 0.797700 0.799900 0.864900 
ly_canaden0.896000 0.741700 0.878100 0.785300 0.811400 0.758300 0.822900 0.766700 0.739000 0.865700 0.768400 0.742400 0.785500 0.849600 0.754600 0.846400 0.803600 0.772500 0.852800 0.380000 0.000000 0.726700 0.775600 0.961300 0.802300 0.979200 0.853800 0.934900 0.937100 1.002100 
b_astutus  0.887300 0.733000 0.869400 0.776600 0.802700 0.749600 0.814200 0.758000 0.730300 0.857000 0.759700 0.733700 0.776800 0.840900 0.745900 0.837700 0.794900 0.763800 0.844100 0.589500 0.726700 0.000000 0.649900 0.952600 0.793600 0.970500 0.845100 0.926200 0.928400 0.993400 
m_pennanti0.936200 0.781900 0.918300 0.825500 0.851600 0.798500 0.863100 0.806900 0.779200 0.905900 0.808600 0.782600 0.825700 0.889800 0.794800 0.886600 0.843800 0.812700 0.893000 0.638400 0.775600 0.649900 0.000000 1.001500 0.842500 1.019400 0.894000 0.975100 0.977300 1.042300 
s_putorius1.047100 0.892800 1.029200 0.936400 0.962500 0.909400 0.974000 0.917800 0.890100 1.016800 0.919500 0.893500 0.936600 1.000700 0.905700 1.032900 0.990100 0.964200 1.044500 0.824100 0.961300 0.952600 1.001500 0.000000 0.580000 1.057300 0.931900 1.013000 1.015200 1.080200 
s_pygmaea  0.888100 0.733800 0.870200 0.777400 0.803500 0.750400 0.815000 0.758800 0.731100 0.857800 0.760500 0.734500 0.777600 0.841700 0.746700 0.873900 0.831100 0.805200 0.885500 0.665100 0.802300 0.793600 0.842500 0.580000 0.000000 0.898300 0.772900 0.854000 0.856200 0.921200 
t_taxus    1.065000 0.910700 1.047100 0.954300 0.980400 0.927300 0.991900 0.935700 0.908000 1.034700 0.937400 0.911400 0.954500 1.018600 0.923600 1.050800 1.008000 0.982100 1.062400 0.842000 0.979200 0.970500 1.019400 1.057300 0.898300 0.000000 0.670000 0.982900 1.010700 1.075700 
u_arctos   0.939600 0.785300 0.921700 0.828900 0.855000 0.801900 0.866500 0.810300 0.782600 0.909300 0.812000 0.786000 0.829100 0.893200 0.798200 0.925400 0.882600 0.856700 0.937000 0.716600 0.853800 0.845100 0.894000 0.931900 0.772900 0.670000 0.000000 0.857500 0.885300 0.950300 
n_narica   1.020700 0.866400 1.002800 0.910000 0.936100 0.883000 0.947600 0.891400 0.863700 0.990400 0.893100 0.867100 0.910200 0.974300 0.879300 1.006500 0.963700 0.937800 1.018100 0.797700 0.934900 0.926200 0.975100 1.013000 0.854000 0.982900 0.857500 0.000000 0.966400 1.031400 
h_yaguarondi1.022900 0.868600 1.005000 0.912200 0.938300 0.885200 0.949800 0.893600 0.865900 0.992600 0.895300 0.869300 0.912400 0.976500 0.881500 1.008700 0.965900 0.940000 1.020300 0.799900 0.937100 0.928400 0.977300 1.015200 0.856200 1.010700 0.885300 0.966400 0.000000 1.000000 
v_vulpes   1.087900 0.933600 1.070000 0.977200 1.003300 0.950200 1.014800 0.958600 0.930900 1.057600 0.960300 0.934300 0.977400 1.041500 0.946500 1.073700 1.030900 1.005000 1.085300 0.864900 1.002100 0.993400 1.042300 1.080200 0.921200 1.075700 0.950300 1.031400 1.000000 0.000000 

