20
p_onca     0.000000 200.000000 233.000000 291.000000 291.000000 366.000000 366.000000 337.000000 309.000000 293.000000 305.000000 305.000000 316.000000 316.000000 435.000000 435.000000 384.000000 362.000000 327.000000 303.000000 
l_pardalis200.000000 0.000000 233.000000 291.000000 291.000000 366.000000 366.000000 337.000000 309.000000 293.000000 305.000000 305.000000 316.000000 316.000000 435.000000 435.000000 384.000000 362.000000 327.000000 303.000000 
ly_canaden233.000000 233.000000 0.000000 258.000000 258.000000 333.000000 333.000000 304.000000 276.000000 260.000000 272.000000 272.000000 283.000000 283.000000 402.000000 402.000000 351.000000 329.000000 294.000000 270.000000 
v_lagopus  291.000000 291.000000 258.000000 0.000000 200.000000 345.000000 345.000000 316.000000 288.000000 272.000000 284.000000 284.000000 295.000000 295.000000 414.000000 414.000000 363.000000 341.000000 306.000000 282.000000 
c_lupus    291.000000 291.000000 258.000000 200.000000 0.000000 345.000000 345.000000 316.000000 288.000000 272.000000 284.000000 284.000000 295.000000 295.000000 414.000000 414.000000 363.000000 341.000000 306.000000 282.000000 
lo_canaden366.000000 366.000000 333.000000 345.000000 345.000000 0.000000 200.000000 229.000000 257.000000 273.000000 309.000000 309.000000 320.000000 320.000000 439.000000 439.000000 388.000000 366.000000 331.000000 307.000000 
m_mephitis366.000000 366.000000 333.000000 345.000000 345.000000 200.000000 0.000000 229.000000 257.000000 273.000000 309.000000 309.000000 320.000000 320.000000 439.000000 439.000000 388.000000 366.000000 331.000000 307.000000 
s_putorius337.000000 337.000000 304.000000 316.000000 316.000000 229.000000 229.000000 0.000000 228.000000 244.000000 280.000000 280.000000 291.000000 291.000000 410.000000 410.000000 359.000000 337.000000 302.000000 278.000000 
b_astutus  309.000000 309.000000 276.000000 288.000000 288.000000 257.000000 257.000000 228.000000 0.000000 216.000000 252.000000 252.000000 263.000000 263.000000 382.000000 382.000000 331.000000 309.000000 274.000000 250.000000 
p_lotor    293.000000 293.000000 260.000000 272.000000 272.000000 273.000000 273.000000 244.000000 216.000000 0.000000 236.000000 236.000000 247.000000 247.000000 366.000000 366.000000 315.000000 293.000000 258.000000 234.000000 
t_taxus    305.000000 305.000000 272.000000 284.000000 284.000000 309.000000 309.000000 280.000000 252.000000 236.000000 0.000000 200.000000 247.000000 247.000000 366.000000 366.000000 315.000000 293.000000 258.000000 234.000000 
n_narica   305.000000 305.000000 272.000000 284.000000 284.000000 309.000000 309.000000 280.000000 252.000000 236.000000 200.000000 0.000000 247.000000 247.000000 366.000000 366.000000 315.000000 293.000000 258.000000 234.000000 
u_arctos   316.000000 316.000000 283.000000 295.000000 295.000000 320.000000 320.000000 291.000000 263.000000 247.000000 247.000000 247.000000 0.000000 200.000000 357.000000 357.000000 306.000000 284.000000 249.000000 225.000000 
m_american316.000000 316.000000 283.000000 295.000000 295.000000 320.000000 320.000000 291.000000 263.000000 247.000000 247.000000 247.000000 200.000000 0.000000 357.000000 357.000000 306.000000 284.000000 249.000000 225.000000 
g_gulo     435.000000 435.000000 402.000000 414.000000 414.000000 439.000000 439.000000 410.000000 382.000000 366.000000 366.000000 366.000000 357.000000 357.000000 0.000000 200.000000 251.000000 273.000000 308.000000 332.000000 
m_erminea  435.000000 435.000000 402.000000 414.000000 414.000000 439.000000 439.000000 410.000000 382.000000 366.000000 366.000000 366.000000 357.000000 357.000000 200.000000 0.000000 251.000000 273.000000 308.000000 332.000000 
n_vison    384.000000 384.000000 351.000000 363.000000 363.000000 388.000000 388.000000 359.000000 331.000000 315.000000 315.000000 315.000000 306.000000 306.000000 251.000000 251.000000 0.000000 222.000000 257.000000 281.000000 
m_nivalis  362.000000 362.000000 329.000000 341.000000 341.000000 366.000000 366.000000 337.000000 309.000000 293.000000 293.000000 293.000000 284.000000 284.000000 273.000000 273.000000 222.000000 0.000000 235.000000 259.000000 
m_frenata  327.000000 327.000000 294.000000 306.000000 306.000000 331.000000 331.000000 302.000000 274.000000 258.000000 258.000000 258.000000 249.000000 249.000000 308.000000 308.000000 257.000000 235.000000 0.000000 224.000000 
m_pennanti303.000000 303.000000 270.000000 282.000000 282.000000 307.000000 307.000000 278.000000 250.000000 234.000000 234.000000 234.000000 225.000000 225.000000 332.000000 332.000000 281.000000 259.000000 224.000000 0.000000 

30
m_americana0.000000 7.426800 8.917400 6.932900 8.831400 9.700400 10.144700 9.511900 9.412600 7.572500 9.749900 9.541200 9.929600 10.119800 10.422000 10.526500 10.433100 9.227800 8.377400 8.120500 7.951000 9.101800 8.552800 8.613400 8.282900 8.633800 7.846700 8.316600 9.766500 8.271100 
u_littoralis7.426800 0.000000 8.159200 6.174700 8.073200 8.942200 9.386500 8.753700 8.654400 6.814300 8.991700 8.783000 9.171400 9.361600 9.663800 9.768300 9.674900 8.469600 7.619200 7.362300 7.192800 8.343600 7.794600 7.855200 7.524700 7.875600 7.088500 7.558400 9.008300 7.512900 
g_gulo     8.917400 8.159200 0.000000 6.951300 8.849800 9.718800 10.163100 9.530300 9.431000 7.590900 9.768300 9.559600 9.948000 10.138200 10.440400 10.544900 10.451500 9.246200 8.395800 8.138900 7.969400 9.120200 8.571200 8.631800 8.301300 8.652200 7.865100 8.335000 9.784900 8.289500 
c_latrans  6.932900 6.174700 6.951300 0.000000 2.105500 5.717300 7.925200 7.292400 7.193100 5.353000 7.530400 7.321700 7.710100 7.900300 8.202500 8.307000 8.213600 7.008300 6.157900 5.901000 5.731500 6.882300 6.333300 6.393900 6.063400 6.414300 5.627200 6.097100 7.547000 6.051600 
l_canadensis8.831400 8.073200 8.849800 2.105500 0.000000 7.615800 9.823700 9.190900 9.091600 7.251500 9.428900 9.220200 9.608600 9.798800 10.101000 10.205500 10.112100 8.906800 8.056400 7.799500 7.630000 8.780800 8.231800 8.292400 7.961900 8.312800 7.525700 7.995600 9.445500 7.950100 
l_pardalis9.700400 8.942200 9.718800 5.717300 7.615800 0.000000 10.692700 10.059900 9.960600 8.120500 10.297900 10.089200 10.477600 10.667800 10.970000 11.074500 10.981100 9.775800 8.925400 8.668500 8.499000 9.649800 9.100800 9.161400 8.830900 9.181800 8.394700 8.864600 10.314500 8.819100 
t_taxus    10.144700 9.386500 10.163100 7.925200 9.823700 10.692700 0.000000 7.778200 9.745100 7.905000 10.082400 9.992100 10.380500 10.570700 10.872900 10.977400 10.884000 10.220100 9.369700 9.112800 8.943300 10.094100 9.545100 9.605700 9.275200 9.626100 8.839000 9.308900 10.758800 9.263400 
u_arctos   9.511900 8.753700 9.530300 7.292400 9.190900 10.059900 7.778200 0.000000 9.112300 7.272200 9.449600 9.359300 9.747700 9.937900 10.240100 10.344600 10.251200 9.587300 8.736900 8.480000 8.310500 9.461300 8.912300 8.972900 8.642400 8.993300 8.206200 8.676100 10.126000 8.630600 
m_vison    9.412600 8.654400 9.431000 7.193100 9.091600 9.960600 9.745100 9.112300 0.000000 3.099100 8.054700 9.260000 9.648400 9.838600 10.140800 10.245300 10.151900 9.488000 8.637600 8.380700 8.211200 9.362000 8.813000 8.873600 8.543100 8.894000 8.106900 8.576800 10.026700 8.531300 
v_velox    7.572500 6.814300 7.590900 5.353000 7.251500 8.120500 7.905000 7.272200 3.099100 0.000000 6.214600 7.419900 7.808300 7.998500 8.300700 8.405200 8.311800 7.647900 6.797500 6.540600 6.371100 7.521900 6.972900 7.033500 6.703000 7.053900 6.266800 6.736700 8.186600 6.691200 
u_americanus9.749900 8.991700 9.768300 7.530400 9.428900 10.297900 10.082400 9.449600 8.054700 6.214600 0.000000 9.597300 9.985700 10.175900 10.478100 10.582600 10.489200 9.825300 8.974900 8.718000 8.548500 9.699300 9.150300 9.210900 8.880400 9.231300 8.444200 8.914100 10.364000 8.868600 
c_lupus    9.541200 8.783000 9.559600 7.321700 9.220200 10.089200 9.992100 9.359300 9.260000 7.419900 9.597300 0.000000 7.836000 9.250400 9.587200 9.691700 9.598300 9.616600 8.766200 8.509300 8.339800 9.490600 8.941600 9.002200 8.671700 9.022600 8.235500 8.705400 10.155300 8.659900 
c_leuconotus9.929600 9.171400 9.948000 7.710100 9.608600 10.477600 10.380500 9.747700 9.648400 7.808300 9.985700 7.836000 0.000000 9.638800 9.975600 10.080100 9.986700 10.005000 9.154600 8.897700 8.728200 9.879000 9.330000 9.390600 9.060100 9.411000 8.623900 9.093800 10.543700 9.048300 
a_lagopus  10.119800 9.361600 10.138200 7.900300 9.798800 10.667800 10.570700 9.937900 9.838600 7.998500 10.175900 9.250400 9.638800 0.000000 10.165800 10.270300 10.176900 10.195200 9.344800 9.087900 8.918400 10.069200 9.520200 9.580800 9.250300 9.601200 8.814100 9.284000 10.733900 9.238500 
n_narica   10.422000 9.663800 10.440400 8.202500 10.101000 10.970000 10.872900 10.240100 10.140800 8.300700 10.478100 9.587200 9.975600 10.165800 0.000000 10.000100 9.947700 10.497400 9.647000 9.390100 9.220600 10.371400 9.822400 9.883000 9.552500 9.903400 9.116300 9.586200 11.036100 9.540700 
v_vulpes   10.526500 9.768300 10.544900 8.307000 10.205500 11.074500 10.977400 10.344600 10.245300 8.405200 10.582600 9.691700 10.080100 10.270300 10.000100 0.000000 10.052200 10.601900 9.751500 9.494600 9.325100 10.475900 9.926900 9.987500 9.657000 10.007900 9.220800 9.690700 11.140600 9.645200 
h_yaguarondi10.433100 9.674900 10.451500 8.213600 10.112100 10.981100 10.884000 10.251200 10.151900 8.311800 10.489200 9.598300 9.986700 10.176900 9.947700 10.052200 0.000000 10.508500 9.658100 9.401200 9.231700 10.382500 9.833500 9.894100 9.563600 9.914500 9.127400 9.597300 11.047200 9.551800 
b_astutus  9.227800 8.469600 9.246200 7.008300 8.906800 9.775800 10.220100 9.587300 9.488000 7.647900 9.825300 9.616600 10.005000 10.195200 10.497400 10.601900 10.508500 0.000000 8.452800 8.195900 8.026400 9.177200 8.628200 8.688800 8.358300 8.709200 7.922100 8.392000 9.841900 8.346500 
p_lotor    8.377400 7.619200 8.395800 6.157900 8.056400 8.925400 9.369700 8.736900 8.637600 6.797500 8.974900 8.766200 9.154600 9.344800 9.647000 9.751500 9.658100 8.452800 0.000000 3.684300 6.618800 7.769600 7.220600 7.281200 6.950700 7.301600 6.514500 6.984400 8.991500 7.496100 
p_concolor8.120500 7.362300 8.138900 5.901000 7.799500 8.668500 9.112800 8.480000 8.380700 6.540600 8.718000 8.509300 8.897700 9.087900 9.390100 9.494600 9.401200 8.195900 3.684300 0.000000 6.361900 7.512700 6.963700 7.024300 6.693800 7.044700 6.257600 6.727500 8.734600 7.239200 
l_rufus    7.951000 7.192800 7.969400 5.731500 7.630000 8.499000 8.943300 8.310500 8.211200 6.371100 8.548500 8.339800 8.728200 8.918400 9.220600 9.325100 9.231700 8.026400 6.618800 6.361900 0.000000 2.280600 6.342800 6.403400 6.072900 6.423800 5.636700 6.106600 8.565100 7.069700 
m_pennanti9.101800 8.343600 9.120200 6.882300 8.780800 9.649800 10.094100 9.461300 9.362000 7.521900 9.699300 9.490600 9.879000 10.069200 10.371400 10.475900 10.382500 9.177200 7.769600 7.512700 2.280600 0.000000 7.493600 7.554200 7.223700 7.574600 6.787500 7.257400 9.715900 8.220500 
m_frenata  8.552800 7.794600 8.571200 6.333300 8.231800 9.100800 9.545100 8.912300 8.813000 6.972900 9.150300 8.941600 9.330000 9.520200 9.822400 9.926900 9.833500 8.628200 7.220600 6.963700 6.342800 7.493600 0.000000 2.397800 6.203300 6.554200 5.767100 6.237000 9.166900 7.671500 
p_onca     8.613400 7.855200 8.631800 6.393900 8.292400 9.161400 9.605700 8.972900 8.873600 7.033500 9.210900 9.002200 9.390600 9.580800 9.883000 9.987500 9.894100 8.688800 7.281200 7.024300 6.403400 7.554200 2.397800 0.000000 6.263900 6.614800 5.827700 6.297600 9.227500 7.732100 
l_canadensis8.282900 7.524700 8.301300 6.063400 7.961900 8.830900 9.275200 8.642400 8.543100 6.703000 8.880400 8.671700 9.060100 9.250300 9.552500 9.657000 9.563600 8.358300 6.950700 6.693800 6.072900 7.223700 6.203300 6.263900 0.000000 4.912100 5.057600 5.527500 8.897000 7.401600 
m_nivalis  8.633800 7.875600 8.652200 6.414300 8.312800 9.181800 9.626100 8.993300 8.894000 7.053900 9.231300 9.022600 9.411000 9.601200 9.903400 10.007900 9.914500 8.709200 7.301600 7.044700 6.423800 7.574600 6.554200 6.614800 4.912100 0.000000 5.408500 5.878400 9.247900 7.752500 
m_mephitis7.846700 7.088500 7.865100 5.627200 7.525700 8.394700 8.839000 8.206200 8.106900 6.266800 8.444200 8.235500 8.623900 8.814100 9.116300 9.220800 9.127400 7.922100 6.514500 6.257600 5.636700 6.787500 5.767100 5.827700 5.057600 5.408500 0.000000 2.105100 8.460800 6.965400 
m_erminea  8.316600 7.558400 8.335000 6.097100 7.995600 8.864600 9.308900 8.676100 8.576800 6.736700 8.914100 8.705400 9.093800 9.284000 9.586200 9.690700 9.597300 8.392000 6.984400 6.727500 6.106600 7.257400 6.237000 6.297600 5.527500 5.878400 2.105100 0.000000 8.930700 7.435300 
s_putorius9.766500 9.008300 9.784900 7.547000 9.445500 10.314500 10.758800 10.126000 10.026700 8.186600 10.364000 10.155300 10.543700 10.733900 11.036100 11.140600 11.047200 9.841900 8.991500 8.734600 8.565100 9.715900 9.166900 9.227500 8.897000 9.247900 8.460800 8.930700 0.000000 6.023800 
s_pygmaea  8.271100 7.512900 8.289500 6.051600 7.950100 8.819100 9.263400 8.630600 8.531300 6.691200 8.868600 8.659900 9.048300 9.238500 9.540700 9.645200 9.551800 8.346500 7.496100 7.239200 7.069700 8.220500 7.671500 7.732100 7.401600 7.752500 6.965400 7.435300 6.023800 0.000000 

