23
s_putorius0.000000 200.000000 463.000000 463.000000 427.000000 539.000000 539.000000 534.000000 534.000000 409.000000 313.000000 355.000000 355.000000 442.000000 442.000000 390.000000 407.000000 407.000000 402.000000 402.000000 403.000000 403.000000 373.000000 
m_mephitis200.000000 0.000000 463.000000 463.000000 427.000000 539.000000 539.000000 534.000000 534.000000 409.000000 313.000000 355.000000 355.000000 442.000000 442.000000 390.000000 407.000000 407.000000 402.000000 402.000000 403.000000 403.000000 373.000000 
g_gulo     463.000000 463.000000 0.000000 200.000000 236.000000 482.000000 482.000000 477.000000 477.000000 352.000000 350.000000 450.000000 450.000000 537.000000 537.000000 485.000000 502.000000 502.000000 497.000000 497.000000 498.000000 498.000000 468.000000 
m_american463.000000 463.000000 200.000000 0.000000 236.000000 482.000000 482.000000 477.000000 477.000000 352.000000 350.000000 450.000000 450.000000 537.000000 537.000000 485.000000 502.000000 502.000000 497.000000 497.000000 498.000000 498.000000 468.000000 
m_pennanti427.000000 427.000000 236.000000 236.000000 0.000000 446.000000 446.000000 441.000000 441.000000 316.000000 314.000000 414.000000 414.000000 501.000000 501.000000 449.000000 466.000000 466.000000 461.000000 461.000000 462.000000 462.000000 432.000000 
m_frenata  539.000000 539.000000 482.000000 482.000000 446.000000 0.000000 200.000000 319.000000 319.000000 330.000000 426.000000 526.000000 526.000000 613.000000 613.000000 561.000000 578.000000 578.000000 573.000000 573.000000 574.000000 574.000000 544.000000 
n_vison    539.000000 539.000000 482.000000 482.000000 446.000000 200.000000 0.000000 319.000000 319.000000 330.000000 426.000000 526.000000 526.000000 613.000000 613.000000 561.000000 578.000000 578.000000 573.000000 573.000000 574.000000 574.000000 544.000000 
m_nivalis  534.000000 534.000000 477.000000 477.000000 441.000000 319.000000 319.000000 0.000000 200.000000 325.000000 421.000000 521.000000 521.000000 608.000000 608.000000 556.000000 573.000000 573.000000 568.000000 568.000000 569.000000 569.000000 539.000000 
m_erminea  534.000000 534.000000 477.000000 477.000000 441.000000 319.000000 319.000000 200.000000 0.000000 325.000000 421.000000 521.000000 521.000000 608.000000 608.000000 556.000000 573.000000 573.000000 568.000000 568.000000 569.000000 569.000000 539.000000 
lo_canaden409.000000 409.000000 352.000000 352.000000 316.000000 330.000000 330.000000 325.000000 325.000000 0.000000 296.000000 396.000000 396.000000 483.000000 483.000000 431.000000 448.000000 448.000000 443.000000 443.000000 444.000000 444.000000 414.000000 
t_taxus    313.000000 313.000000 350.000000 350.000000 314.000000 426.000000 426.000000 421.000000 421.000000 296.000000 0.000000 300.000000 300.000000 387.000000 387.000000 335.000000 352.000000 352.000000 347.000000 347.000000 348.000000 348.000000 318.000000 
c_latrans  355.000000 355.000000 450.000000 450.000000 414.000000 526.000000 526.000000 521.000000 521.000000 396.000000 300.000000 0.000000 200.000000 401.000000 401.000000 349.000000 366.000000 366.000000 361.000000 361.000000 362.000000 362.000000 332.000000 
u_littoral355.000000 355.000000 450.000000 450.000000 414.000000 526.000000 526.000000 521.000000 521.000000 396.000000 300.000000 200.000000 0.000000 401.000000 401.000000 349.000000 366.000000 366.000000 361.000000 361.000000 362.000000 362.000000 332.000000 
p_lotor    442.000000 442.000000 537.000000 537.000000 501.000000 613.000000 613.000000 608.000000 608.000000 483.000000 387.000000 401.000000 401.000000 0.000000 200.000000 252.000000 401.000000 401.000000 428.000000 428.000000 429.000000 429.000000 399.000000 
b_astutus  442.000000 442.000000 537.000000 537.000000 501.000000 613.000000 613.000000 608.000000 608.000000 483.000000 387.000000 401.000000 401.000000 200.000000 0.000000 252.000000 401.000000 401.000000 428.000000 428.000000 429.000000 429.000000 399.000000 
n_narica   390.000000 390.000000 485.000000 485.000000 449.000000 561.000000 561.000000 556.000000 556.000000 431.000000 335.000000 349.000000 349.000000 252.000000 252.000000 0.000000 349.000000 349.000000 376.000000 376.000000 377.000000 377.000000 347.000000 
u_american407.000000 407.000000 502.000000 502.000000 466.000000 578.000000 578.000000 573.000000 573.000000 448.000000 352.000000 366.000000 366.000000 401.000000 401.000000 349.000000 0.000000 200.000000 393.000000 393.000000 394.000000 394.000000 364.000000 
u_arctos   407.000000 407.000000 502.000000 502.000000 466.000000 578.000000 578.000000 573.000000 573.000000 448.000000 352.000000 366.000000 366.000000 401.000000 401.000000 349.000000 200.000000 0.000000 393.000000 393.000000 394.000000 394.000000 364.000000 
v_lagopus  402.000000 402.000000 497.000000 497.000000 461.000000 573.000000 573.000000 568.000000 568.000000 443.000000 347.000000 361.000000 361.000000 428.000000 428.000000 376.000000 393.000000 393.000000 0.000000 200.000000 347.000000 347.000000 317.000000 
c_lupus    402.000000 402.000000 497.000000 497.000000 461.000000 573.000000 573.000000 568.000000 568.000000 443.000000 347.000000 361.000000 361.000000 428.000000 428.000000 376.000000 393.000000 393.000000 200.000000 0.000000 347.000000 347.000000 317.000000 
ly_canaden403.000000 403.000000 498.000000 498.000000 462.000000 574.000000 574.000000 569.000000 569.000000 444.000000 348.000000 362.000000 362.000000 429.000000 429.000000 377.000000 394.000000 394.000000 347.000000 347.000000 0.000000 200.000000 230.000000 
p_onca     403.000000 403.000000 498.000000 498.000000 462.000000 574.000000 574.000000 569.000000 569.000000 444.000000 348.000000 362.000000 362.000000 429.000000 429.000000 377.000000 394.000000 394.000000 347.000000 347.000000 200.000000 0.000000 230.000000 
l_pardalis373.000000 373.000000 468.000000 468.000000 432.000000 544.000000 544.000000 539.000000 539.000000 414.000000 318.000000 332.000000 332.000000 399.000000 399.000000 347.000000 364.000000 364.000000 317.000000 317.000000 230.000000 230.000000 0.000000 

30
a_lagopus  0.000000 5.439900 6.152900 7.867600 8.661300 6.702200 7.620300 7.726800 6.963500 7.771800 7.878300 7.439700 7.181300 6.932800 8.238500 8.182600 6.662100 7.263200 7.955200 9.430400 9.096200 8.939100 9.062400 8.876200 9.393100 9.456600 9.003400 9.465500 9.488500 8.310100 
c_leuconotus5.439900 0.000000 7.395600 9.110300 9.904000 7.944900 8.863000 8.969500 8.206200 9.014500 9.121000 8.682400 8.424000 8.175500 9.481200 9.425300 7.904800 8.505900 9.197900 10.673100 10.338900 10.181800 10.305100 10.118900 10.635800 10.699300 10.246100 10.708200 10.731200 9.552800 
c_lupus    6.152900 7.395600 0.000000 4.327500 8.339800 6.380700 7.298800 7.405300 6.642000 7.450300 7.556800 7.118200 6.859800 6.611300 7.917000 7.861100 6.340600 6.941700 7.633700 9.108900 8.774700 8.617600 8.740900 8.554700 9.071600 9.135100 8.681900 9.144000 9.167000 7.988600 
l_pardalis7.867600 9.110300 4.327500 0.000000 10.054500 8.095400 9.013500 9.120000 8.356700 9.165000 9.271500 8.832900 8.574500 8.326000 9.631700 9.575800 8.055300 8.656400 9.348400 10.823600 10.489400 10.332300 10.455600 10.269400 10.786300 10.849800 10.396600 10.858700 10.881700 9.703300 
m_vison    8.661300 9.904000 8.339800 10.054500 0.000000 3.391700 8.516400 8.622900 7.859600 8.667900 8.774400 8.335800 8.077400 7.828900 9.134600 9.078700 7.558200 8.159300 9.144500 11.031700 10.697500 10.540400 10.663700 10.477500 10.994400 11.057900 10.604700 11.066800 11.089800 9.911400 
u_littoralis6.702200 7.944900 6.380700 8.095400 3.391700 0.000000 6.557300 6.663800 5.900500 6.708800 6.815300 6.376700 6.118300 5.869800 7.175500 7.119600 5.599100 6.200200 7.185400 9.072600 8.738400 8.581300 8.704600 8.518400 9.035300 9.098800 8.645600 9.107700 9.130700 7.952300 
l_canadensis7.620300 8.863000 7.298800 9.013500 8.516400 6.557300 0.000000 4.268700 6.238600 7.046900 7.419000 6.980400 6.722000 6.473500 7.779200 7.723300 6.202800 6.803900 8.103500 9.990700 9.656500 9.499400 9.622700 9.436500 9.953400 10.016900 9.563700 10.025800 10.048800 8.870400 
l_rufus    7.726800 8.969500 7.405300 9.120000 8.622900 6.663800 4.268700 0.000000 6.345100 7.153400 7.525500 7.086900 6.828500 6.580000 7.885700 7.829800 6.309300 6.910400 8.210000 10.097200 9.763000 9.605900 9.729200 9.543000 10.059900 10.123400 9.670200 10.132300 10.155300 8.976900 
c_latrans  6.963500 8.206200 6.642000 8.356700 7.859600 5.900500 6.238600 6.345100 0.000000 5.087500 6.762200 6.323600 6.065200 5.816700 7.122400 7.066500 5.546000 6.147100 7.446700 9.333900 8.999700 8.842600 8.965900 8.779700 9.296600 9.360100 8.906900 9.369000 9.392000 8.213600 
m_pennanti7.771800 9.014500 7.450300 9.165000 8.667900 6.708800 7.046900 7.153400 5.087500 0.000000 7.570500 7.131900 6.873500 6.625000 7.930700 7.874800 6.354300 6.955400 8.255000 10.142200 9.808000 9.650900 9.774200 9.588000 10.104900 10.168400 9.715200 10.177300 10.200300 9.021900 
m_americana7.878300 9.121000 7.556800 9.271500 8.774400 6.815300 7.419000 7.525500 6.762200 7.570500 0.000000 4.561200 5.895000 5.646500 6.952200 7.367900 5.847400 6.448500 8.361500 10.248700 9.914500 9.757400 9.880700 9.694500 10.211400 10.274900 9.821700 10.283800 10.306800 9.128400 
m_frenata  7.439700 8.682400 7.118200 8.832900 8.335800 6.376700 6.980400 7.086900 6.323600 7.131900 4.561200 0.000000 5.456400 5.207900 6.513600 6.929300 5.408800 6.009900 7.922900 9.810100 9.475900 9.318800 9.442100 9.255900 9.772800 9.836300 9.383100 9.845200 9.868200 8.689800 
l_canadensis7.181300 8.424000 6.859800 8.574500 8.077400 6.118300 6.722000 6.828500 6.065200 6.873500 5.895000 5.456400 0.000000 3.215700 5.563200 6.670900 5.150400 5.751500 7.664500 9.551700 9.217500 9.060400 9.183700 8.997500 9.514400 9.577900 9.124700 9.586800 9.609800 8.431400 
m_mephitis6.932800 8.175500 6.611300 8.326000 7.828900 5.869800 6.473500 6.580000 5.816700 6.625000 5.646500 5.207900 3.215700 0.000000 5.314700 6.422400 4.901900 5.503000 7.416000 9.303200 8.969000 8.811900 8.935200 8.749000 9.265900 9.329400 8.876200 9.338300 9.361300 8.182900 
g_gulo     8.238500 9.481200 7.917000 9.631700 9.134600 7.175500 7.779200 7.885700 7.122400 7.930700 6.952200 6.513600 5.563200 5.314700 0.000000 7.728100 6.207600 6.808700 8.721700 10.608900 10.274700 10.117600 10.240900 10.054700 10.571600 10.635100 10.181900 10.644000 10.667000 9.488600 
m_erminea  8.182600 9.425300 7.861100 9.575800 9.078700 7.119600 7.723300 7.829800 7.066500 7.874800 7.367900 6.929300 6.670900 6.422400 7.728100 0.000000 1.578900 3.947400 8.665800 10.553000 10.218800 10.061700 10.185000 9.998800 10.515700 10.579200 10.126000 10.588100 10.611100 9.432700 
v_velox    6.662100 7.904800 6.340600 8.055300 7.558200 5.599100 6.202800 6.309300 5.546000 6.354300 5.847400 5.408800 5.150400 4.901900 6.207600 1.578900 0.000000 2.426900 7.145300 9.032500 8.698300 8.541200 8.664500 8.478300 8.995200 9.058700 8.605500 9.067600 9.090600 7.912200 
m_nivalis  7.263200 8.505900 6.941700 8.656400 8.159300 6.200200 6.803900 6.910400 6.147100 6.955400 6.448500 6.009900 5.751500 5.503000 6.808700 3.947400 2.426900 0.000000 7.746400 9.633600 9.299400 9.142300 9.265600 9.079400 9.596300 9.659800 9.206600 9.668700 9.691700 8.513300 
p_onca     7.955200 9.197900 7.633700 9.348400 9.144500 7.185400 8.103500 8.210000 7.446700 8.255000 8.361500 7.922900 7.664500 7.416000 8.721700 8.665800 7.145300 7.746400 0.000000 10.325600 9.991400 9.834300 9.957600 9.771400 10.288300 10.351800 9.898600 10.360700 10.383700 9.205300 
s_putorius9.430400 10.673100 9.108900 10.823600 11.031700 9.072600 9.990700 10.097200 9.333900 10.142200 10.248700 9.810100 9.551700 9.303200 10.608900 10.553000 9.032500 9.633600 10.325600 0.000000 8.713600 9.485100 9.608400 9.422200 9.939100 10.080600 9.627400 10.247100 10.270100 10.092300 
s_pygmaea  9.096200 10.338900 8.774700 10.489400 10.697500 8.738400 9.656500 9.763000 8.999700 9.808000 9.914500 9.475900 9.217500 8.969000 10.274700 10.218800 8.698300 9.299400 9.991400 8.713600 0.000000 9.150900 9.274200 9.088000 9.604900 9.746400 9.293200 9.912900 9.935900 9.758100 
b_astutus  8.939100 10.181800 8.617600 10.332300 10.540400 8.581300 9.499400 9.605900 8.842600 9.650900 9.757400 9.318800 9.060400 8.811900 10.117600 10.061700 8.541200 9.142300 9.834300 9.485100 9.150900 0.000000 8.713500 8.651700 9.447800 9.589300 9.136100 9.755800 9.778800 9.601000 
p_concolor9.062400 10.305100 8.740900 10.455600 10.663700 8.704600 9.622700 9.729200 8.965900 9.774200 9.880700 9.442100 9.183700 8.935200 10.240900 10.185000 8.664500 9.265600 9.957600 9.608400 9.274200 8.713500 0.000000 8.775000 9.571100 9.712600 9.259400 9.879100 9.902100 9.724300 
p_lotor    8.876200 10.118900 8.554700 10.269400 10.477500 8.518400 9.436500 9.543000 8.779700 9.588000 9.694500 9.255900 8.997500 8.749000 10.054700 9.998800 8.478300 9.079400 9.771400 9.422200 9.088000 8.651700 8.775000 0.000000 9.384900 9.526400 9.073200 9.692900 9.715900 9.538100 
n_narica   9.393100 10.635800 9.071600 10.786300 10.994400 9.035300 9.953400 10.059900 9.296600 10.104900 10.211400 9.772800 9.514400 9.265900 10.571600 10.515700 8.995200 9.596300 10.288300 9.939100 9.604900 9.447800 9.571100 9.384900 0.000000 10.043300 9.590100 10.209800 10.232800 10.055000 
t_taxus    9.456600 10.699300 9.135100 10.849800 11.057900 9.098800 10.016900 10.123400 9.360100 10.168400 10.274900 9.836300 9.577900 9.329400 10.635100 10.579200 9.058700 9.659800 10.351800 10.080600 9.746400 9.589300 9.712600 9.526400 10.043300 0.000000 8.830600 10.273300 10.296300 10.118500 
u_arctos   9.003400 10.246100 8.681900 10.396600 10.604700 8.645600 9.563700 9.670200 8.906900 9.715200 9.821700 9.383100 9.124700 8.876200 10.181900 10.126000 8.605500 9.206600 9.898600 9.627400 9.293200 9.136100 9.259400 9.073200 9.590100 8.830600 0.000000 9.820100 9.843100 9.665300 
h_yaguarondi9.465500 10.708200 9.144000 10.858700 11.066800 9.107700 10.025800 10.132300 9.369000 10.177300 10.283800 9.845200 9.586800 9.338300 10.644000 10.588100 9.067600 9.668700 10.360700 10.247100 9.912900 9.755800 9.879100 9.692900 10.209800 10.273300 9.820100 0.000000 10.000400 10.127400 
v_vulpes   9.488500 10.731200 9.167000 10.881700 11.089800 9.130700 10.048800 10.155300 9.392000 10.200300 10.306800 9.868200 9.609800 9.361300 10.667000 10.611100 9.090600 9.691700 10.383700 10.270100 9.935900 9.778800 9.902100 9.715900 10.232800 10.296300 9.843100 10.000400 0.000000 10.150400 
u_americanus8.310100 9.552800 7.988600 9.703300 9.911400 7.952300 8.870400 8.976900 8.213600 9.021900 9.128400 8.689800 8.431400 8.182900 9.488600 9.432700 7.912200 8.513300 9.205300 10.092300 9.758100 9.601000 9.724300 9.538100 10.055000 10.118500 9.665300 10.127400 10.150400 0.000000 

