23
s_putorius0.000000 200.000000 463.000000 463.000000 427.000000 539.000000 539.000000 534.000000 534.000000 409.000000 313.000000 355.000000 355.000000 442.000000 442.000000 390.000000 407.000000 407.000000 402.000000 402.000000 403.000000 403.000000 373.000000 
m_mephitis200.000000 0.000000 463.000000 463.000000 427.000000 539.000000 539.000000 534.000000 534.000000 409.000000 313.000000 355.000000 355.000000 442.000000 442.000000 390.000000 407.000000 407.000000 402.000000 402.000000 403.000000 403.000000 373.000000 
g_gulo     463.000000 463.000000 0.000000 200.000000 236.000000 482.000000 482.000000 477.000000 477.000000 352.000000 350.000000 450.000000 450.000000 537.000000 537.000000 485.000000 502.000000 502.000000 497.000000 497.000000 498.000000 498.000000 468.000000 
m_american463.000000 463.000000 200.000000 0.000000 236.000000 482.000000 482.000000 477.000000 477.000000 352.000000 350.000000 450.000000 450.000000 537.000000 537.000000 485.000000 502.000000 502.000000 497.000000 497.000000 498.000000 498.000000 468.000000 
m_pennanti427.000000 427.000000 236.000000 236.000000 0.000000 446.000000 446.000000 441.000000 441.000000 316.000000 314.000000 414.000000 414.000000 501.000000 501.000000 449.000000 466.000000 466.000000 461.000000 461.000000 462.000000 462.000000 432.000000 
m_frenata  539.000000 539.000000 482.000000 482.000000 446.000000 0.000000 200.000000 319.000000 319.000000 330.000000 426.000000 526.000000 526.000000 613.000000 613.000000 561.000000 578.000000 578.000000 573.000000 573.000000 574.000000 574.000000 544.000000 
n_vison    539.000000 539.000000 482.000000 482.000000 446.000000 200.000000 0.000000 319.000000 319.000000 330.000000 426.000000 526.000000 526.000000 613.000000 613.000000 561.000000 578.000000 578.000000 573.000000 573.000000 574.000000 574.000000 544.000000 
m_nivalis  534.000000 534.000000 477.000000 477.000000 441.000000 319.000000 319.000000 0.000000 200.000000 325.000000 421.000000 521.000000 521.000000 608.000000 608.000000 556.000000 573.000000 573.000000 568.000000 568.000000 569.000000 569.000000 539.000000 
m_erminea  534.000000 534.000000 477.000000 477.000000 441.000000 319.000000 319.000000 200.000000 0.000000 325.000000 421.000000 521.000000 521.000000 608.000000 608.000000 556.000000 573.000000 573.000000 568.000000 568.000000 569.000000 569.000000 539.000000 
lo_canaden409.000000 409.000000 352.000000 352.000000 316.000000 330.000000 330.000000 325.000000 325.000000 0.000000 296.000000 396.000000 396.000000 483.000000 483.000000 431.000000 448.000000 448.000000 443.000000 443.000000 444.000000 444.000000 414.000000 
t_taxus    313.000000 313.000000 350.000000 350.000000 314.000000 426.000000 426.000000 421.000000 421.000000 296.000000 0.000000 300.000000 300.000000 387.000000 387.000000 335.000000 352.000000 352.000000 347.000000 347.000000 348.000000 348.000000 318.000000 
c_latrans  355.000000 355.000000 450.000000 450.000000 414.000000 526.000000 526.000000 521.000000 521.000000 396.000000 300.000000 0.000000 200.000000 401.000000 401.000000 349.000000 366.000000 366.000000 361.000000 361.000000 362.000000 362.000000 332.000000 
u_littoral355.000000 355.000000 450.000000 450.000000 414.000000 526.000000 526.000000 521.000000 521.000000 396.000000 300.000000 200.000000 0.000000 401.000000 401.000000 349.000000 366.000000 366.000000 361.000000 361.000000 362.000000 362.000000 332.000000 
p_lotor    442.000000 442.000000 537.000000 537.000000 501.000000 613.000000 613.000000 608.000000 608.000000 483.000000 387.000000 401.000000 401.000000 0.000000 200.000000 252.000000 401.000000 401.000000 428.000000 428.000000 429.000000 429.000000 399.000000 
b_astutus  442.000000 442.000000 537.000000 537.000000 501.000000 613.000000 613.000000 608.000000 608.000000 483.000000 387.000000 401.000000 401.000000 200.000000 0.000000 252.000000 401.000000 401.000000 428.000000 428.000000 429.000000 429.000000 399.000000 
n_narica   390.000000 390.000000 485.000000 485.000000 449.000000 561.000000 561.000000 556.000000 556.000000 431.000000 335.000000 349.000000 349.000000 252.000000 252.000000 0.000000 349.000000 349.000000 376.000000 376.000000 377.000000 377.000000 347.000000 
u_american407.000000 407.000000 502.000000 502.000000 466.000000 578.000000 578.000000 573.000000 573.000000 448.000000 352.000000 366.000000 366.000000 401.000000 401.000000 349.000000 0.000000 200.000000 393.000000 393.000000 394.000000 394.000000 364.000000 
u_arctos   407.000000 407.000000 502.000000 502.000000 466.000000 578.000000 578.000000 573.000000 573.000000 448.000000 352.000000 366.000000 366.000000 401.000000 401.000000 349.000000 200.000000 0.000000 393.000000 393.000000 394.000000 394.000000 364.000000 
v_lagopus  402.000000 402.000000 497.000000 497.000000 461.000000 573.000000 573.000000 568.000000 568.000000 443.000000 347.000000 361.000000 361.000000 428.000000 428.000000 376.000000 393.000000 393.000000 0.000000 200.000000 347.000000 347.000000 317.000000 
c_lupus    402.000000 402.000000 497.000000 497.000000 461.000000 573.000000 573.000000 568.000000 568.000000 443.000000 347.000000 361.000000 361.000000 428.000000 428.000000 376.000000 393.000000 393.000000 200.000000 0.000000 347.000000 347.000000 317.000000 
ly_canaden403.000000 403.000000 498.000000 498.000000 462.000000 574.000000 574.000000 569.000000 569.000000 444.000000 348.000000 362.000000 362.000000 429.000000 429.000000 377.000000 394.000000 394.000000 347.000000 347.000000 0.000000 200.000000 230.000000 
p_onca     403.000000 403.000000 498.000000 498.000000 462.000000 574.000000 574.000000 569.000000 569.000000 444.000000 348.000000 362.000000 362.000000 429.000000 429.000000 377.000000 394.000000 394.000000 347.000000 347.000000 200.000000 0.000000 230.000000 
l_pardalis373.000000 373.000000 468.000000 468.000000 432.000000 544.000000 544.000000 539.000000 539.000000 414.000000 318.000000 332.000000 332.000000 399.000000 399.000000 347.000000 364.000000 364.000000 317.000000 317.000000 230.000000 230.000000 0.000000 

30
s_putorius0.000000 0.450200 0.802000 1.037000 0.996000 1.175400 1.232600 1.126300 1.028700 0.911400 0.884600 1.201500 0.789500 1.058000 0.883400 0.796700 1.087400 1.034600 0.760300 0.959000 0.811300 0.950300 0.870600 0.878600 0.832500 0.853300 0.818300 0.966200 0.809000 0.805800 
s_pygmaea  0.450200 0.000000 0.479800 0.714800 0.673800 0.853200 0.910400 0.804100 0.706500 0.589200 0.562400 0.879300 0.467300 0.735800 0.561200 0.474500 0.765200 0.712400 0.438100 0.636800 0.489100 0.628100 0.548400 0.556400 0.510300 0.531100 0.496100 0.644000 0.486800 0.483600 
a_lagopus  0.802000 0.479800 0.000000 0.349800 0.417400 0.824200 0.881400 0.775100 0.677500 0.566600 0.539800 0.856700 0.444700 0.713200 0.538600 0.451900 0.742600 0.689800 0.415500 0.614200 0.466500 0.605500 0.525800 0.533800 0.487700 0.508500 0.473500 0.621400 0.464200 0.461000 
c_leuconotus1.037000 0.714800 0.349800 0.000000 0.652400 1.059200 1.116400 1.010100 0.912500 0.801600 0.774800 1.091700 0.679700 0.948200 0.773600 0.686900 0.977600 0.924800 0.650500 0.849200 0.701500 0.840500 0.760800 0.768800 0.722700 0.743500 0.708500 0.856400 0.699200 0.696000 
b_astutus  0.996000 0.673800 0.417400 0.652400 0.000000 1.018200 1.075400 0.969100 0.871500 0.760600 0.733800 1.050700 0.638700 0.907200 0.732600 0.645900 0.936600 0.883800 0.609500 0.808200 0.660500 0.799500 0.719800 0.727800 0.681700 0.702500 0.667500 0.815400 0.658200 0.655000 
n_narica   1.175400 0.853200 0.824200 1.059200 1.018200 0.000000 1.000000 0.931300 0.973900 0.940000 0.913200 1.230100 0.818100 1.086600 0.912000 0.825300 1.116000 1.063200 0.788900 0.987600 0.839900 0.978900 0.899200 0.907200 0.861100 0.881900 0.846900 0.994800 0.837600 0.834400 
v_vulpes   1.232600 0.910400 0.881400 1.116400 1.075400 1.000000 0.000000 0.988500 1.031100 0.997200 0.970400 1.287300 0.875300 1.143800 0.969200 0.882500 1.173200 1.120400 0.846100 1.044800 0.897100 1.036100 0.956400 0.964400 0.918300 0.939100 0.904100 1.052000 0.894800 0.891600 
h_yaguarondi1.126300 0.804100 0.775100 1.010100 0.969100 0.931300 0.988500 0.000000 0.924800 0.890900 0.864100 1.181000 0.769000 1.037500 0.862900 0.776200 1.066900 1.014100 0.739800 0.938500 0.790800 0.929800 0.850100 0.858100 0.812000 0.832800 0.797800 0.945700 0.788500 0.785300 
u_arctos   1.028700 0.706500 0.677500 0.912500 0.871500 0.973900 1.031100 0.924800 0.000000 0.793300 0.766500 1.083400 0.671400 0.939900 0.765300 0.678600 0.969300 0.916500 0.642200 0.840900 0.693200 0.832200 0.752500 0.760500 0.714400 0.735200 0.700200 0.848100 0.690900 0.687700 
p_lotor    0.911400 0.589200 0.566600 0.801600 0.760600 0.940000 0.997200 0.890900 0.793300 0.000000 0.400000 0.922700 0.510700 0.779200 0.604600 0.517900 0.808600 0.755800 0.481500 0.680200 0.532500 0.671500 0.591800 0.599800 0.553700 0.574500 0.539500 0.687400 0.530200 0.527000 
p_concolor0.884600 0.562400 0.539800 0.774800 0.733800 0.913200 0.970400 0.864100 0.766500 0.400000 0.000000 0.895900 0.483900 0.752400 0.577800 0.491100 0.781800 0.729000 0.454700 0.653400 0.505700 0.644700 0.565000 0.573000 0.526900 0.547700 0.512700 0.660600 0.503400 0.500200 
t_taxus    1.201500 0.879300 0.856700 1.091700 1.050700 1.230100 1.287300 1.181000 1.083400 0.922700 0.895900 0.000000 0.412000 1.045100 0.870500 0.783800 1.074500 1.021700 0.747400 0.946100 0.798400 0.937400 0.857700 0.865700 0.819600 0.840400 0.805400 0.953300 0.796100 0.792900 
u_littoralis0.789500 0.467300 0.444700 0.679700 0.638700 0.818100 0.875300 0.769000 0.671400 0.510700 0.483900 0.412000 0.000000 0.633100 0.458500 0.371800 0.662500 0.609700 0.335400 0.534100 0.386400 0.525400 0.445700 0.453700 0.407600 0.428400 0.393400 0.541300 0.384100 0.380900 
m_vison    1.058000 0.735800 0.713200 0.948200 0.907200 1.086600 1.143800 1.037500 0.939900 0.779200 0.752400 1.045100 0.633100 0.000000 0.190000 0.625100 0.915800 0.863000 0.588700 0.787400 0.639700 0.778700 0.699000 0.707000 0.660900 0.681700 0.646700 0.794600 0.637400 0.634200 
p_onca     0.883400 0.561200 0.538600 0.773600 0.732600 0.912000 0.969200 0.862900 0.765300 0.604600 0.577800 0.870500 0.458500 0.190000 0.000000 0.450500 0.741200 0.688400 0.414100 0.612800 0.465100 0.604100 0.524400 0.532400 0.486300 0.507100 0.472100 0.620000 0.462800 0.459600 
c_lupus    0.796700 0.474500 0.451900 0.686900 0.645900 0.825300 0.882500 0.776200 0.678600 0.517900 0.491100 0.783800 0.371800 0.625100 0.450500 0.000000 0.290700 0.578500 0.304200 0.502900 0.355200 0.494200 0.414500 0.422500 0.376400 0.397200 0.362200 0.510100 0.352900 0.349700 
l_pardalis1.087400 0.765200 0.742600 0.977600 0.936600 1.116000 1.173200 1.066900 0.969300 0.808600 0.781800 1.074500 0.662500 0.915800 0.741200 0.290700 0.000000 0.869200 0.594900 0.793600 0.645900 0.784900 0.705200 0.713200 0.667100 0.687900 0.652900 0.800800 0.643600 0.640400 
u_americanus1.034600 0.712400 0.689800 0.924800 0.883800 1.063200 1.120400 1.014100 0.916500 0.755800 0.729000 1.021700 0.609700 0.863000 0.688400 0.578500 0.869200 0.000000 0.274300 0.582400 0.496300 0.635300 0.555600 0.563600 0.517500 0.538300 0.503300 0.651200 0.494000 0.490800 
v_velox    0.760300 0.438100 0.415500 0.650500 0.609500 0.788900 0.846100 0.739800 0.642200 0.481500 0.454700 0.747400 0.335400 0.588700 0.414100 0.304200 0.594900 0.274300 0.000000 0.308100 0.222000 0.361000 0.281300 0.289300 0.243200 0.264000 0.229000 0.376900 0.219700 0.216500 
g_gulo     0.959000 0.636800 0.614200 0.849200 0.808200 0.987600 1.044800 0.938500 0.840900 0.680200 0.653400 0.946100 0.534100 0.787400 0.612800 0.502900 0.793600 0.582400 0.308100 0.000000 0.420700 0.559700 0.480000 0.488000 0.441900 0.462700 0.427700 0.575600 0.418400 0.415200 
c_latrans  0.811300 0.489100 0.466500 0.701500 0.660500 0.839900 0.897100 0.790800 0.693200 0.532500 0.505700 0.798400 0.386400 0.639700 0.465100 0.355200 0.645900 0.496300 0.222000 0.420700 0.000000 0.139000 0.160700 0.216900 0.174000 0.258600 0.223600 0.371500 0.214300 0.211100 
m_pennanti0.950300 0.628100 0.605500 0.840500 0.799500 0.978900 1.036100 0.929800 0.832200 0.671500 0.644700 0.937400 0.525400 0.778700 0.604100 0.494200 0.784900 0.635300 0.361000 0.559700 0.139000 0.000000 0.299700 0.355900 0.313000 0.397600 0.362600 0.510500 0.353300 0.350100 
ly_canaden0.870600 0.548400 0.525800 0.760800 0.719800 0.899200 0.956400 0.850100 0.752500 0.591800 0.565000 0.857700 0.445700 0.699000 0.524400 0.414500 0.705200 0.555600 0.281300 0.480000 0.160700 0.299700 0.000000 0.276200 0.233300 0.317900 0.282900 0.430800 0.273600 0.270400 
l_rufus    0.878600 0.556400 0.533800 0.768800 0.727800 0.907200 0.964400 0.858100 0.760500 0.599800 0.573000 0.865700 0.453700 0.707000 0.532400 0.422500 0.713200 0.563600 0.289300 0.488000 0.216900 0.355900 0.276200 0.000000 0.241300 0.325900 0.290900 0.438800 0.281600 0.278400 
lo_canaden0.832500 0.510300 0.487700 0.722700 0.681700 0.861100 0.918300 0.812000 0.714400 0.553700 0.526900 0.819600 0.407600 0.660900 0.486300 0.376400 0.667100 0.517500 0.243200 0.441900 0.174000 0.313000 0.233300 0.241300 0.000000 0.279800 0.244800 0.392700 0.235500 0.232300 
m_erminea  0.853300 0.531100 0.508500 0.743500 0.702500 0.881900 0.939100 0.832800 0.735200 0.574500 0.547700 0.840400 0.428400 0.681700 0.507100 0.397200 0.687900 0.538300 0.264000 0.462700 0.258600 0.397600 0.317900 0.325900 0.279800 0.000000 0.100000 0.356300 0.199100 0.195900 
m_frenata  0.818300 0.496100 0.473500 0.708500 0.667500 0.846900 0.904100 0.797800 0.700200 0.539500 0.512700 0.805400 0.393400 0.646700 0.472100 0.362200 0.652900 0.503300 0.229000 0.427700 0.223600 0.362600 0.282900 0.290900 0.244800 0.100000 0.000000 0.321300 0.164100 0.160900 
m_americana0.966200 0.644000 0.621400 0.856400 0.815400 0.994800 1.052000 0.945700 0.848100 0.687400 0.660600 0.953300 0.541300 0.794600 0.620000 0.510100 0.800800 0.651200 0.376900 0.575600 0.371500 0.510500 0.430800 0.438800 0.392700 0.356300 0.321300 0.000000 0.278200 0.275000 
m_nivalis  0.809000 0.486800 0.464200 0.699200 0.658200 0.837600 0.894800 0.788500 0.690900 0.530200 0.503400 0.796100 0.384100 0.637400 0.462800 0.352900 0.643600 0.494000 0.219700 0.418400 0.214300 0.353300 0.273600 0.281600 0.235500 0.199100 0.164100 0.278200 0.000000 0.117800 
m_mephitis0.805800 0.483600 0.461000 0.696000 0.655000 0.834400 0.891600 0.785300 0.687700 0.527000 0.500200 0.792900 0.380900 0.634200 0.459600 0.349700 0.640400 0.490800 0.216500 0.415200 0.211100 0.350100 0.270400 0.278400 0.232300 0.195900 0.160900 0.275000 0.117800 0.000000 

