20
p_onca     0.000000 200.000000 233.000000 291.000000 291.000000 366.000000 366.000000 337.000000 309.000000 293.000000 305.000000 305.000000 316.000000 316.000000 435.000000 435.000000 384.000000 362.000000 327.000000 303.000000 
l_pardalis200.000000 0.000000 233.000000 291.000000 291.000000 366.000000 366.000000 337.000000 309.000000 293.000000 305.000000 305.000000 316.000000 316.000000 435.000000 435.000000 384.000000 362.000000 327.000000 303.000000 
ly_canaden233.000000 233.000000 0.000000 258.000000 258.000000 333.000000 333.000000 304.000000 276.000000 260.000000 272.000000 272.000000 283.000000 283.000000 402.000000 402.000000 351.000000 329.000000 294.000000 270.000000 
v_lagopus  291.000000 291.000000 258.000000 0.000000 200.000000 345.000000 345.000000 316.000000 288.000000 272.000000 284.000000 284.000000 295.000000 295.000000 414.000000 414.000000 363.000000 341.000000 306.000000 282.000000 
c_lupus    291.000000 291.000000 258.000000 200.000000 0.000000 345.000000 345.000000 316.000000 288.000000 272.000000 284.000000 284.000000 295.000000 295.000000 414.000000 414.000000 363.000000 341.000000 306.000000 282.000000 
lo_canaden366.000000 366.000000 333.000000 345.000000 345.000000 0.000000 200.000000 229.000000 257.000000 273.000000 309.000000 309.000000 320.000000 320.000000 439.000000 439.000000 388.000000 366.000000 331.000000 307.000000 
m_mephitis366.000000 366.000000 333.000000 345.000000 345.000000 200.000000 0.000000 229.000000 257.000000 273.000000 309.000000 309.000000 320.000000 320.000000 439.000000 439.000000 388.000000 366.000000 331.000000 307.000000 
s_putorius337.000000 337.000000 304.000000 316.000000 316.000000 229.000000 229.000000 0.000000 228.000000 244.000000 280.000000 280.000000 291.000000 291.000000 410.000000 410.000000 359.000000 337.000000 302.000000 278.000000 
b_astutus  309.000000 309.000000 276.000000 288.000000 288.000000 257.000000 257.000000 228.000000 0.000000 216.000000 252.000000 252.000000 263.000000 263.000000 382.000000 382.000000 331.000000 309.000000 274.000000 250.000000 
p_lotor    293.000000 293.000000 260.000000 272.000000 272.000000 273.000000 273.000000 244.000000 216.000000 0.000000 236.000000 236.000000 247.000000 247.000000 366.000000 366.000000 315.000000 293.000000 258.000000 234.000000 
t_taxus    305.000000 305.000000 272.000000 284.000000 284.000000 309.000000 309.000000 280.000000 252.000000 236.000000 0.000000 200.000000 247.000000 247.000000 366.000000 366.000000 315.000000 293.000000 258.000000 234.000000 
n_narica   305.000000 305.000000 272.000000 284.000000 284.000000 309.000000 309.000000 280.000000 252.000000 236.000000 200.000000 0.000000 247.000000 247.000000 366.000000 366.000000 315.000000 293.000000 258.000000 234.000000 
u_arctos   316.000000 316.000000 283.000000 295.000000 295.000000 320.000000 320.000000 291.000000 263.000000 247.000000 247.000000 247.000000 0.000000 200.000000 357.000000 357.000000 306.000000 284.000000 249.000000 225.000000 
m_american316.000000 316.000000 283.000000 295.000000 295.000000 320.000000 320.000000 291.000000 263.000000 247.000000 247.000000 247.000000 200.000000 0.000000 357.000000 357.000000 306.000000 284.000000 249.000000 225.000000 
g_gulo     435.000000 435.000000 402.000000 414.000000 414.000000 439.000000 439.000000 410.000000 382.000000 366.000000 366.000000 366.000000 357.000000 357.000000 0.000000 200.000000 251.000000 273.000000 308.000000 332.000000 
m_erminea  435.000000 435.000000 402.000000 414.000000 414.000000 439.000000 439.000000 410.000000 382.000000 366.000000 366.000000 366.000000 357.000000 357.000000 200.000000 0.000000 251.000000 273.000000 308.000000 332.000000 
n_vison    384.000000 384.000000 351.000000 363.000000 363.000000 388.000000 388.000000 359.000000 331.000000 315.000000 315.000000 315.000000 306.000000 306.000000 251.000000 251.000000 0.000000 222.000000 257.000000 281.000000 
m_nivalis  362.000000 362.000000 329.000000 341.000000 341.000000 366.000000 366.000000 337.000000 309.000000 293.000000 293.000000 293.000000 284.000000 284.000000 273.000000 273.000000 222.000000 0.000000 235.000000 259.000000 
m_frenata  327.000000 327.000000 294.000000 306.000000 306.000000 331.000000 331.000000 302.000000 274.000000 258.000000 258.000000 258.000000 249.000000 249.000000 308.000000 308.000000 257.000000 235.000000 0.000000 224.000000 
m_pennanti303.000000 303.000000 270.000000 282.000000 282.000000 307.000000 307.000000 278.000000 250.000000 234.000000 234.000000 234.000000 225.000000 225.000000 332.000000 332.000000 281.000000 259.000000 224.000000 0.000000 

30
c_latrans  0.000000 3.052600 4.948100 5.829400 4.739100 5.135900 5.851500 5.018700 5.849900 5.580600 5.795700 5.633900 5.709100 7.553900 5.561400 7.041800 7.967100 8.354400 8.469200 8.425400 8.158400 7.488900 7.426300 7.797000 5.756500 6.368500 7.243300 4.835200 7.052900 6.817300 
l_pardalis3.052600 0.000000 8.000700 8.882000 7.791700 8.188500 8.904100 8.071300 8.902500 8.633200 8.848300 8.686500 8.761700 10.606500 8.614000 10.094400 11.019700 11.407000 11.521800 11.478000 11.211000 10.541500 10.478900 10.849600 8.809100 9.421100 10.295900 7.887800 10.105500 9.869900 
l_canadensis4.948100 8.000700 0.000000 4.736900 4.767800 5.164600 5.880200 5.354600 6.185800 6.063900 6.279000 6.518000 6.593200 8.438000 6.445500 7.925900 8.851200 9.238500 9.353300 9.309500 9.042500 8.373000 8.310400 8.681100 6.640600 7.252600 8.127400 5.719300 7.937000 7.701400 
l_canadensis5.829400 8.882000 4.736900 0.000000 5.649100 6.045900 6.761500 6.235900 7.067100 6.945200 7.160300 7.399300 7.474500 9.319300 7.326800 8.807200 9.732500 10.119800 10.234600 10.190800 9.923800 9.254300 9.191700 9.562400 7.521900 8.133900 9.008700 6.600600 8.818300 8.582700 
m_mephitis4.739100 7.791700 4.767800 5.649100 0.000000 2.690000 5.181600 5.145600 5.976800 5.854900 6.070000 6.309000 6.384200 8.229000 6.236500 7.716900 8.642200 9.029500 9.144300 9.100500 8.833500 8.164000 8.101400 8.472100 6.431600 7.043600 7.918400 5.510300 7.728000 7.492400 
m_erminea  5.135900 8.188500 5.164600 6.045900 2.690000 0.000000 5.578400 5.542400 6.373600 6.251700 6.466800 6.705800 6.781000 8.625800 6.633300 8.113700 9.039000 9.426300 9.541100 9.497300 9.230300 8.560800 8.498200 8.868900 6.828400 7.440400 8.315200 5.907100 8.124800 7.889200 
m_nivalis  5.851500 8.904100 5.880200 6.761500 5.181600 5.578400 0.000000 6.258000 7.089200 6.967300 7.182400 7.421400 7.496600 9.341400 7.348900 8.829300 9.754600 10.141900 10.256700 10.212900 9.945900 9.276400 9.213800 9.584500 7.544000 8.156000 9.030800 6.622700 8.840400 8.604800 
l_rufus    5.018700 8.071300 5.354600 6.235900 5.145600 5.542400 6.258000 0.000000 2.982400 6.134500 6.349600 6.588600 6.663800 8.508600 6.516100 7.996500 8.921800 9.309100 9.423900 9.380100 9.113100 8.443600 8.381000 8.751700 6.711200 7.323200 8.198000 5.789900 8.007600 7.772000 
m_pennanti5.849900 8.902500 6.185800 7.067100 5.976800 6.373600 7.089200 2.982400 0.000000 6.965700 7.180800 7.419800 7.495000 9.339800 7.347300 8.827700 9.753000 10.140300 10.255100 10.211300 9.944300 9.274800 9.212200 9.582900 7.542400 8.154400 9.029200 6.621100 8.838800 8.603200 
m_frenata  5.580600 8.633200 6.063900 6.945200 5.854900 6.251700 6.967300 6.134500 6.965700 0.000000 2.924100 7.150500 7.225700 9.070500 7.078000 8.558400 9.483700 9.871000 9.985800 9.942000 9.675000 9.005500 8.942900 9.313600 7.273100 7.885100 8.759900 6.351800 8.569500 8.333900 
p_onca     5.795700 8.848300 6.279000 7.160300 6.070000 6.466800 7.182400 6.349600 7.180800 2.924100 0.000000 7.365600 7.440800 9.285600 7.293100 8.773500 9.698800 10.086100 10.200900 10.157100 9.890100 9.220600 9.158000 9.528700 7.488200 8.100200 8.975000 6.566900 8.784600 8.549000 
p_lotor    5.633900 8.686500 6.518000 7.399300 6.309000 6.705800 7.421400 6.588600 7.419800 7.150500 7.365600 0.000000 4.327600 8.224400 6.231900 8.158100 9.083400 9.470700 9.585500 9.541700 9.274700 8.605200 8.542600 8.913300 6.872800 7.484800 8.359600 5.951500 8.169200 7.933600 
p_concolor5.709100 8.761700 6.593200 7.474500 6.384200 6.781000 7.496600 6.663800 7.495000 7.225700 7.440800 4.327600 0.000000 8.299600 6.307100 8.233300 9.158600 9.545900 9.660700 9.616900 9.349900 8.680400 8.617800 8.988500 6.948000 7.560000 8.434800 6.026700 8.244400 8.008800 
s_putorius7.553900 10.606500 8.438000 9.319300 8.229000 8.625800 9.341400 8.508600 9.339800 9.070500 9.285600 8.224400 8.299600 0.000000 5.555900 10.078100 11.003400 11.390700 11.505500 11.461700 11.194700 10.525200 10.462600 10.833300 8.792800 9.404800 10.279600 7.871500 10.089200 9.853600 
s_pygmaea  5.561400 8.614000 6.445500 7.326800 6.236500 6.633300 7.348900 6.516100 7.347300 7.078000 7.293100 6.231900 6.307100 5.555900 0.000000 8.085600 9.010900 9.398200 9.513000 9.469200 9.202200 8.532700 8.470100 8.840800 6.800300 7.412300 8.287100 5.879000 8.096700 7.861100 
c_lupus    7.041800 10.094400 7.925900 8.807200 7.716900 8.113700 8.829300 7.996500 8.827700 8.558400 8.773500 8.158100 8.233300 10.078100 8.085600 0.000000 7.251100 9.371800 9.486600 9.442800 9.175800 8.789300 8.726700 9.955800 7.915300 8.527300 9.402100 6.994000 9.211700 8.976100 
c_leuconotus7.967100 11.019700 8.851200 9.732500 8.642200 9.039000 9.754600 8.921800 9.753000 9.483700 9.698800 9.083400 9.158600 11.003400 9.010900 7.251100 0.000000 10.297100 10.411900 10.368100 10.101100 9.714600 9.652000 10.881100 8.840600 9.452600 10.327400 7.919300 10.137000 9.901400 
n_narica   8.354400 11.407000 9.238500 10.119800 9.029500 9.426300 10.141900 9.309100 10.140300 9.871000 10.086100 9.470700 9.545900 11.390700 9.398200 9.371800 10.297100 0.000000 9.991000 9.947200 9.938000 10.101900 10.039300 11.268400 9.227900 9.839900 10.714700 8.306600 10.524300 10.288700 
v_vulpes   8.469200 11.521800 9.353300 10.234600 9.144300 9.541100 10.256700 9.423900 10.255100 9.985800 10.200900 9.585500 9.660700 11.505500 9.513000 9.486600 10.411900 9.991000 0.000000 10.062000 10.052800 10.216700 10.154100 11.383200 9.342700 9.954700 10.829500 8.421400 10.639100 10.403500 
h_yaguarondi8.425400 11.478000 9.309500 10.190800 9.100500 9.497300 10.212900 9.380100 10.211300 9.942000 10.157100 9.541700 9.616900 11.461700 9.469200 9.442800 10.368100 9.947200 10.062000 0.000000 10.009000 10.172900 10.110300 11.339400 9.298900 9.910900 10.785700 8.377600 10.595300 10.359700 
a_lagopus  8.158400 11.211000 9.042500 9.923800 8.833500 9.230300 9.945900 9.113100 9.944300 9.675000 9.890100 9.274700 9.349900 11.194700 9.202200 9.175800 10.101100 9.938000 10.052800 10.009000 0.000000 9.905900 9.843300 11.072400 9.031900 9.643900 10.518700 8.110600 10.328300 10.092700 
b_astutus  7.488900 10.541500 8.373000 9.254300 8.164000 8.560800 9.276400 8.443600 9.274800 9.005500 9.220600 8.605200 8.680400 10.525200 8.532700 8.789300 9.714600 10.101900 10.216700 10.172900 9.905900 0.000000 8.889000 10.402900 8.362400 8.974400 9.849200 7.441100 9.658800 9.423200 
u_arctos   7.426300 10.478900 8.310400 9.191700 8.101400 8.498200 9.213800 8.381000 9.212200 8.942900 9.158000 8.542600 8.617800 10.462600 8.470100 8.726700 9.652000 10.039300 10.154100 10.110300 9.843300 8.889000 0.000000 10.340300 8.299800 8.911800 9.786600 7.378500 9.596200 9.360600 
t_taxus    7.797000 10.849600 8.681100 9.562400 8.472100 8.868900 9.584500 8.751700 9.582900 9.313600 9.528700 8.913300 8.988500 10.833300 8.840800 9.955800 10.881100 11.268400 11.383200 11.339400 11.072400 10.402900 10.340300 0.000000 5.789700 8.914300 10.104500 7.696400 9.914100 9.678500 
u_littoralis5.756500 8.809100 6.640600 7.521900 6.431600 6.828400 7.544000 6.711200 7.542400 7.273100 7.488200 6.872800 6.948000 8.792800 6.800300 7.915300 8.840600 9.227900 9.342700 9.298900 9.031900 8.362400 8.299800 5.789700 0.000000 6.873800 8.064000 5.655900 7.873600 7.638000 
m_americana6.368500 9.421100 7.252600 8.133900 7.043600 7.440400 8.156000 7.323200 8.154400 7.885100 8.100200 7.484800 7.560000 9.404800 7.412300 8.527300 9.452600 9.839900 9.954700 9.910900 9.643900 8.974400 8.911800 8.914300 6.873800 0.000000 8.676000 6.267900 8.485600 8.250000 
m_vison    7.243300 10.295900 8.127400 9.008700 7.918400 8.315200 9.030800 8.198000 9.029200 8.759900 8.975000 8.359600 8.434800 10.279600 8.287100 9.402100 10.327400 10.714700 10.829500 10.785700 10.518700 9.849200 9.786600 10.104500 8.064000 8.676000 0.000000 3.684100 7.315400 9.091800 
v_velox    4.835200 7.887800 5.719300 6.600600 5.510300 5.907100 6.622700 5.789900 6.621100 6.351800 6.566900 5.951500 6.026700 7.871500 5.879000 6.994000 7.919300 8.306600 8.421400 8.377600 8.110600 7.441100 7.378500 7.696400 5.655900 6.267900 3.684100 0.000000 4.907300 6.683700 
u_americanus7.052900 10.105500 7.937000 8.818300 7.728000 8.124800 8.840400 8.007600 8.838800 8.569500 8.784600 8.169200 8.244400 10.089200 8.096700 9.211700 10.137000 10.524300 10.639100 10.595300 10.328300 9.658800 9.596200 9.914100 7.873600 8.485600 7.315400 4.907300 0.000000 8.901400 
g_gulo     6.817300 9.869900 7.701400 8.582700 7.492400 7.889200 8.604800 7.772000 8.603200 8.333900 8.549000 7.933600 8.008800 9.853600 7.861100 8.976100 9.901400 10.288700 10.403500 10.359700 10.092700 9.423200 9.360600 9.678500 7.638000 8.250000 9.091800 6.683700 8.901400 0.000000 

