20
g_gulo     0.000000 200.000000 258.000000 276.000000 304.000000 404.000000 404.000000 383.000000 414.000000 706.000000 706.000000 636.000000 634.000000 634.000000 587.000000 587.000000 514.000000 575.000000 575.000000 442.000000 
m_erminea  200.000000 0.000000 258.000000 276.000000 304.000000 404.000000 404.000000 383.000000 414.000000 706.000000 706.000000 636.000000 634.000000 634.000000 587.000000 587.000000 514.000000 575.000000 575.000000 442.000000 
n_vison    258.000000 258.000000 0.000000 218.000000 246.000000 346.000000 346.000000 325.000000 356.000000 648.000000 648.000000 578.000000 576.000000 576.000000 529.000000 529.000000 456.000000 517.000000 517.000000 384.000000 
m_nivalis  276.000000 276.000000 218.000000 0.000000 228.000000 328.000000 328.000000 307.000000 338.000000 630.000000 630.000000 560.000000 558.000000 558.000000 511.000000 511.000000 438.000000 499.000000 499.000000 366.000000 
m_american304.000000 304.000000 246.000000 228.000000 0.000000 300.000000 300.000000 279.000000 310.000000 602.000000 602.000000 532.000000 530.000000 530.000000 483.000000 483.000000 410.000000 471.000000 471.000000 338.000000 
lo_canaden404.000000 404.000000 346.000000 328.000000 300.000000 0.000000 200.000000 303.000000 334.000000 626.000000 626.000000 556.000000 554.000000 554.000000 507.000000 507.000000 434.000000 495.000000 495.000000 362.000000 
m_frenata  404.000000 404.000000 346.000000 328.000000 300.000000 200.000000 0.000000 303.000000 334.000000 626.000000 626.000000 556.000000 554.000000 554.000000 507.000000 507.000000 434.000000 495.000000 495.000000 362.000000 
m_pennanti383.000000 383.000000 325.000000 307.000000 279.000000 303.000000 303.000000 0.000000 231.000000 523.000000 523.000000 453.000000 451.000000 451.000000 404.000000 404.000000 331.000000 392.000000 392.000000 259.000000 
u_arctos   414.000000 414.000000 356.000000 338.000000 310.000000 334.000000 334.000000 231.000000 0.000000 492.000000 492.000000 422.000000 420.000000 420.000000 373.000000 373.000000 300.000000 361.000000 361.000000 228.000000 
l_pardalis706.000000 706.000000 648.000000 630.000000 602.000000 626.000000 626.000000 523.000000 492.000000 0.000000 200.000000 270.000000 464.000000 464.000000 581.000000 581.000000 508.000000 569.000000 569.000000 464.000000 
ly_canaden706.000000 706.000000 648.000000 630.000000 602.000000 626.000000 626.000000 523.000000 492.000000 200.000000 0.000000 270.000000 464.000000 464.000000 581.000000 581.000000 508.000000 569.000000 569.000000 464.000000 
p_onca     636.000000 636.000000 578.000000 560.000000 532.000000 556.000000 556.000000 453.000000 422.000000 270.000000 270.000000 0.000000 394.000000 394.000000 511.000000 511.000000 438.000000 499.000000 499.000000 394.000000 
c_lupus    634.000000 634.000000 576.000000 558.000000 530.000000 554.000000 554.000000 451.000000 420.000000 464.000000 464.000000 394.000000 0.000000 200.000000 509.000000 509.000000 436.000000 497.000000 497.000000 392.000000 
v_lagopus  634.000000 634.000000 576.000000 558.000000 530.000000 554.000000 554.000000 451.000000 420.000000 464.000000 464.000000 394.000000 200.000000 0.000000 509.000000 509.000000 436.000000 497.000000 497.000000 392.000000 
p_lotor    587.000000 587.000000 529.000000 511.000000 483.000000 507.000000 507.000000 404.000000 373.000000 581.000000 581.000000 511.000000 509.000000 509.000000 0.000000 200.000000 273.000000 404.000000 404.000000 345.000000 
b_astutus  587.000000 587.000000 529.000000 511.000000 483.000000 507.000000 507.000000 404.000000 373.000000 581.000000 581.000000 511.000000 509.000000 509.000000 200.000000 0.000000 273.000000 404.000000 404.000000 345.000000 
n_narica   514.000000 514.000000 456.000000 438.000000 410.000000 434.000000 434.000000 331.000000 300.000000 508.000000 508.000000 438.000000 436.000000 436.000000 273.000000 273.000000 0.000000 331.000000 331.000000 272.000000 
s_putorius575.000000 575.000000 517.000000 499.000000 471.000000 495.000000 495.000000 392.000000 361.000000 569.000000 569.000000 499.000000 497.000000 497.000000 404.000000 404.000000 331.000000 0.000000 200.000000 333.000000 
m_mephitis575.000000 575.000000 517.000000 499.000000 471.000000 495.000000 495.000000 392.000000 361.000000 569.000000 569.000000 499.000000 497.000000 497.000000 404.000000 404.000000 331.000000 200.000000 0.000000 333.000000 
t_taxus    442.000000 442.000000 384.000000 366.000000 338.000000 362.000000 362.000000 259.000000 228.000000 464.000000 464.000000 394.000000 392.000000 392.000000 345.000000 345.000000 272.000000 333.000000 333.000000 0.000000 

30
b_astutus  0.000000 7.719500 9.221800 8.783200 9.193000 9.105900 9.143500 8.869300 8.959100 9.458900 8.502300 8.023800 9.626600 9.540800 9.189900 9.039400 9.636700 9.241500 9.318700 9.331000 9.294300 9.371600 9.473800 9.600700 9.304100 9.874300 8.988800 9.973000 9.798300 10.076100 
l_canadensis7.719500 0.000000 9.217700 8.779100 9.188900 9.101800 9.139400 8.865200 8.955000 9.454800 8.498200 8.019700 9.622500 9.536700 9.185800 9.035300 9.632600 9.237400 9.314600 9.326900 9.290200 9.367500 9.469700 9.596600 9.300000 9.870200 8.984700 9.968900 9.794200 10.072000 
h_yaguarondi9.221800 9.217700 0.000000 6.725400 7.879800 8.666300 8.703900 8.429700 8.519500 9.019300 8.062700 7.584200 9.797800 9.712000 9.361100 9.210600 9.807900 9.412700 9.489900 9.502200 9.465500 9.542800 9.645000 9.771900 9.475300 10.045500 9.160000 10.144200 9.969500 10.247300 
m_erminea  8.783200 8.779100 6.725400 0.000000 7.441200 8.227700 8.265300 7.991100 8.080900 8.580700 7.624100 7.145600 9.359200 9.273400 8.922500 8.772000 9.369300 8.974100 9.051300 9.063600 9.026900 9.104200 9.206400 9.333300 9.036700 9.606900 8.721400 9.705600 9.530900 9.808700 
c_leuconotus9.193000 9.188900 7.879800 7.441200 0.000000 8.637500 8.675100 8.400900 8.490700 8.990500 8.033900 7.555400 9.769000 9.683200 9.332300 9.181800 9.779100 9.383900 9.461100 9.473400 9.436700 9.514000 9.616200 9.743100 9.446500 10.016700 9.131200 10.115400 9.940700 10.218500 
l_pardalis9.105900 9.101800 8.666300 8.227700 8.637500 0.000000 6.432800 7.914800 8.004600 8.504400 7.547800 7.292300 9.681900 9.596100 9.245200 9.094700 9.692000 9.296800 9.374000 9.386300 9.349600 9.426900 9.529100 9.656000 9.359400 9.929600 9.044100 10.028300 9.853600 10.131400 
m_vison    9.143500 9.139400 8.703900 8.265300 8.675100 6.432800 0.000000 7.952400 8.042200 8.542000 7.585400 7.329900 9.719500 9.633700 9.282800 9.132300 9.729600 9.334400 9.411600 9.423900 9.387200 9.464500 9.566700 9.693600 9.397000 9.967200 9.081700 10.065900 9.891200 10.169000 
m_frenata  8.869300 8.865200 8.429700 7.991100 8.400900 7.914800 7.952400 0.000000 4.736800 6.866000 5.909400 7.055700 9.445300 9.359500 9.008600 8.858100 9.455400 9.060200 9.137400 9.149700 9.113000 9.190300 9.292500 9.419400 9.122800 9.693000 8.807500 9.791700 9.617000 9.894800 
p_onca     8.959100 8.955000 8.519500 8.080900 8.490700 8.004600 8.042200 4.736800 0.000000 6.955800 5.999200 7.145500 9.535100 9.449300 9.098400 8.947900 9.545200 9.150000 9.227200 9.239500 9.202800 9.280100 9.382300 9.509200 9.212600 9.782800 8.897300 9.881500 9.706800 9.984600 
n_narica   9.458900 9.454800 9.019300 8.580700 8.990500 8.504400 8.542000 6.866000 6.955800 0.000000 6.374400 7.645300 10.034900 9.949100 9.598200 9.447700 10.045000 9.649800 9.727000 9.739300 9.702600 9.779900 9.882100 10.009000 9.712400 10.282600 9.397100 10.381300 10.206600 10.484400 
p_lotor    8.502300 8.498200 8.062700 7.624100 8.033900 7.547800 7.585400 5.909400 5.999200 6.374400 0.000000 6.688700 9.078300 8.992500 8.641600 8.491100 9.088400 8.693200 8.770400 8.782700 8.746000 8.823300 8.925500 9.052400 8.755800 9.326000 8.440500 9.424700 9.250000 9.527800 
c_latrans  8.023800 8.019700 7.584200 7.145600 7.555400 7.292300 7.329900 7.055700 7.145500 7.645300 6.688700 0.000000 8.599800 8.514000 8.163100 8.012600 8.609900 8.214700 8.291900 8.304200 8.267500 8.344800 8.447000 8.573900 8.277300 8.847500 7.962000 8.946200 8.771500 9.049300 
a_lagopus  9.626600 9.622500 9.797800 9.359200 9.769000 9.681900 9.719500 9.445300 9.535100 10.034900 9.078300 8.599800 0.000000 9.754000 9.403100 9.252600 9.849900 9.454700 9.531900 9.544200 9.507500 9.584800 9.687000 9.813900 9.517300 10.087500 9.202000 10.186200 10.011500 10.289300 
p_concolor9.540800 9.536700 9.712000 9.273400 9.683200 9.596100 9.633700 9.359500 9.449300 9.949100 8.992500 8.514000 9.754000 0.000000 7.427700 8.450000 9.750100 9.354900 9.432100 9.444400 9.407700 9.485000 9.587200 9.714100 9.417500 9.987700 9.102200 10.086400 9.911700 10.189500 
s_pygmaea  9.189900 9.185800 9.361100 8.922500 9.332300 9.245200 9.282800 9.008600 9.098400 9.598200 8.641600 8.163100 9.403100 7.427700 0.000000 8.099100 9.399200 9.004000 9.081200 9.093500 9.056800 9.134100 9.236300 9.363200 9.066600 9.636800 8.751300 9.735500 9.560800 9.838600 
l_rufus    9.039400 9.035300 9.210600 8.772000 9.181800 9.094700 9.132300 8.858100 8.947900 9.447700 8.491100 8.012600 9.252600 8.450000 8.099100 0.000000 9.248700 8.853500 8.930700 8.943000 8.906300 8.983600 9.085800 9.212700 8.916100 9.486300 8.600800 9.585000 9.410300 9.688100 
m_pennanti9.636700 9.632600 9.807900 9.369300 9.779100 9.692000 9.729600 9.455400 9.545200 10.045000 9.088400 8.609900 9.849900 9.750100 9.399200 9.248700 0.000000 9.450800 9.528000 9.540300 9.503600 9.580900 9.683100 9.810000 9.513400 10.083600 9.198100 10.182300 10.007600 10.285400 
c_lupus    9.241500 9.237400 9.412700 8.974100 9.383900 9.296800 9.334400 9.060200 9.150000 9.649800 8.693200 8.214700 9.454700 9.354900 9.004000 8.853500 9.450800 0.000000 7.719400 7.914300 8.200200 8.277500 8.725300 8.891400 8.594800 9.688400 8.802900 9.787100 9.612400 9.890200 
m_nivalis  9.318700 9.314600 9.489900 9.051300 9.461100 9.374000 9.411600 9.137400 9.227200 9.727000 8.770400 8.291900 9.531900 9.432100 9.081200 8.930700 9.528000 7.719400 0.000000 7.991500 8.277400 8.354700 8.802500 8.968600 8.672000 9.765600 8.880100 9.864300 9.689600 9.967400 
u_americanus9.331000 9.326900 9.502200 9.063600 9.473400 9.386300 9.423900 9.149700 9.239500 9.739300 8.782700 8.304200 9.544200 9.444400 9.093500 8.943000 9.540300 7.914300 7.991500 0.000000 8.289700 8.367000 8.814800 8.980900 8.684300 9.777900 8.892400 9.876600 9.701900 9.979700 
l_canadensis9.294300 9.290200 9.465500 9.026900 9.436700 9.349600 9.387200 9.113000 9.202800 9.702600 8.746000 8.267500 9.507500 9.407700 9.056800 8.906300 9.503600 8.200200 8.277400 8.289700 0.000000 7.251300 8.778100 8.944200 8.647600 9.741200 8.855700 9.839900 9.665200 9.943000 
m_mephitis9.371600 9.367500 9.542800 9.104200 9.514000 9.426900 9.464500 9.190300 9.280100 9.779900 8.823300 8.344800 9.584800 9.485000 9.134100 8.983600 9.580900 8.277500 8.354700 8.367000 7.251300 0.000000 8.855400 9.021500 8.724900 9.818500 8.933000 9.917200 9.742500 10.020300 
g_gulo     9.473800 9.469700 9.645000 9.206400 9.616200 9.529100 9.566700 9.292500 9.382300 9.882100 8.925500 8.447000 9.687000 9.587200 9.236300 9.085800 9.683100 8.725300 8.802500 8.814800 8.778100 8.855400 0.000000 9.123700 8.827100 9.920700 9.035200 10.019400 9.844700 10.122500 
m_americana9.600700 9.596600 9.771900 9.333300 9.743100 9.656000 9.693600 9.419400 9.509200 10.009000 9.052400 8.573900 9.813900 9.714100 9.363200 9.212700 9.810000 8.891400 8.968600 8.980900 8.944200 9.021500 9.123700 0.000000 8.421200 10.047600 9.162100 10.146300 9.971600 10.249400 
u_littoralis9.304100 9.300000 9.475300 9.036700 9.446500 9.359400 9.397000 9.122800 9.212600 9.712400 8.755800 8.277300 9.517300 9.417500 9.066600 8.916100 9.513400 8.594800 8.672000 8.684300 8.647600 8.724900 8.827100 8.421200 0.000000 9.751000 8.865500 9.849700 9.675000 9.952800 
u_arctos   9.874300 9.870200 10.045500 9.606900 10.016700 9.929600 9.967200 9.693000 9.782800 10.282600 9.326000 8.847500 10.087500 9.987700 9.636800 9.486300 10.083600 9.688400 9.765600 9.777900 9.741200 9.818500 9.920700 10.047600 9.751000 0.000000 7.719300 9.741300 9.957600 10.235400 
v_velox    8.988800 8.984700 9.160000 8.721400 9.131200 9.044100 9.081700 8.807500 8.897300 9.397100 8.440500 7.962000 9.202000 9.102200 8.751300 8.600800 9.198100 8.802900 8.880100 8.892400 8.855700 8.933000 9.035200 9.162100 8.865500 7.719300 0.000000 8.855800 9.072100 9.349900 
t_taxus    9.973000 9.968900 10.144200 9.705600 10.115400 10.028300 10.065900 9.791700 9.881500 10.381300 9.424700 8.946200 10.186200 10.086400 9.735500 9.585000 10.182300 9.787100 9.864300 9.876600 9.839900 9.917200 10.019400 10.146300 9.849700 9.741300 8.855800 0.000000 10.056300 10.334100 
s_putorius9.798300 9.794200 9.969500 9.530900 9.940700 9.853600 9.891200 9.617000 9.706800 10.206600 9.250000 8.771500 10.011500 9.911700 9.560800 9.410300 10.007600 9.612400 9.689600 9.701900 9.665200 9.742500 9.844700 9.971600 9.675000 9.957600 9.072100 10.056300 0.000000 9.999800 
v_vulpes   10.076100 10.072000 10.247300 9.808700 10.218500 10.131400 10.169000 9.894800 9.984600 10.484400 9.527800 9.049300 10.289300 10.189500 9.838600 9.688100 10.285400 9.890200 9.967400 9.979700 9.943000 10.020300 10.122500 10.249400 9.952800 10.235400 9.349900 10.334100 9.999800 0.000000 

