    9
u_american  0.000000 -0.000000 -0.000000 -0.000000  0.158924 -0.000000
 -0.000000  0.158924  0.158924
u_arctos   -0.000000  0.000000 -0.000000 -0.000000  0.158924 -0.000000
 -0.000000  0.158924  0.158924
g_gulo     -0.000000 -0.000000  0.000000 -0.000000  0.158924 -0.000000
 -0.000000  0.158924  0.158924
m_pennanti -0.000000 -0.000000 -0.000000  0.000000  0.158924 -0.000000
 -0.000000  0.158924  0.158924
s_putorius  0.158924  0.158924  0.158924  0.158924  0.000000  0.158924
  0.158924  0.359595  0.359595
c_lupus    -0.000000 -0.000000 -0.000000 -0.000000  0.158924  0.000000
 -0.000000  0.158924  0.158924
c_latrans  -0.000000 -0.000000 -0.000000 -0.000000  0.158924 -0.000000
  0.000000  0.158924  0.158924
p_lotor     0.158924  0.158924  0.158924  0.158924  0.359595  0.158924
  0.158924  0.000000  0.158924
l_rufus     0.158924  0.158924  0.158924  0.158924  0.359595  0.158924
  0.158924  0.158924  0.000000
    9
u_american  0.000000 -0.000000 -0.000000 -0.000000  0.626061 -0.000000
 -0.000000  0.359595  0.359595
u_arctos   -0.000000  0.000000 -0.000000 -0.000000  0.626061 -0.000000
 -0.000000  0.359595  0.359595
g_gulo     -0.000000 -0.000000  0.000000 -0.000000  0.626061 -0.000000
 -0.000000  0.359595  0.359595
m_pennanti -0.000000 -0.000000 -0.000000  0.000000  0.626061 -0.000000
 -0.000000  0.359595  0.359595
s_putorius  0.626061  0.626061  0.626061  0.626061  0.000000  0.626061
  0.626061  1.694596  1.694596
c_lupus    -0.000000 -0.000000 -0.000000 -0.000000  0.626061  0.000000
 -0.000000  0.359595  0.359595
c_latrans  -0.000000 -0.000000 -0.000000 -0.000000  0.626061 -0.000000
  0.000000  0.359595  0.359595
p_lotor     0.359595  0.359595  0.359595  0.359595  1.694596  0.359595
  0.359595  0.000000  0.359595
l_rufus     0.359595  0.359595  0.359595  0.359595  1.694596  0.359595
  0.359595  0.359595  0.000000
    9
u_american  0.000000 -0.000000 -0.000000 -0.000000  1.012622  0.359595
  0.359595  0.359595 -0.000000
u_arctos   -0.000000  0.000000 -0.000000 -0.000000  1.012622  0.359595
  0.359595  0.359595 -0.000000
g_gulo     -0.000000 -0.000000  0.000000 -0.000000  1.012622  0.359595
  0.359595  0.359595 -0.000000
m_pennanti -0.000000 -0.000000 -0.000000  0.000000  1.012622  0.359595
  0.359595  0.359595 -0.000000
s_putorius  1.012622  1.012622  1.012622  1.012622  0.000000  1.012622
  1.012622  1.012622  1.012622
c_lupus     0.359595  0.359595  0.359595  0.359595  1.012622  0.000000
 -0.000000 -0.000000  0.359595
c_latrans   0.359595  0.359595  0.359595  0.359595  1.012622 -0.000000
  0.000000 -0.000000  0.359595
p_lotor     0.359595  0.359595  0.359595  0.359595  1.012622 -0.000000
 -0.000000  0.000000  0.359595
l_rufus    -0.000000 -0.000000 -0.000000 -0.000000  1.012622  0.359595
  0.359595  0.359595  0.000000
    9
u_american  0.000000 -0.000000 -0.000000 -0.000000  0.359595  0.158924
  0.158924  0.626061  0.359595
u_arctos   -0.000000  0.000000 -0.000000 -0.000000  0.359595  0.158924
  0.158924  0.626061  0.359595
g_gulo     -0.000000 -0.000000  0.000000 -0.000000  0.359595  0.158924
  0.158924  0.626061  0.359595
m_pennanti -0.000000 -0.000000 -0.000000  0.000000  0.359595  0.158924
  0.158924  0.626061  0.359595
s_putorius  0.359595  0.359595  0.359595  0.359595  0.000000  0.359595
  0.359595  1.012622  1.012622
c_lupus     0.158924  0.158924  0.158924  0.158924  0.359595  0.000000
 -0.000000  0.359595  0.626061
c_latrans   0.158924  0.158924  0.158924  0.158924  0.359595 -0.000000
  0.000000  0.359595  0.626061
p_lotor     0.626061  0.626061  0.626061  0.626061  1.012622  0.359595
  0.359595  0.000000  0.626061
l_rufus     0.359595  0.359595  0.359595  0.359595  1.012622  0.626061
  0.626061  0.626061  0.000000
    9
u_american  0.000000 -0.000000 -0.000000 -0.000000  1.694596 -0.000000
 -0.000000  0.158924  0.158924
u_arctos   -0.000000  0.000000 -0.000000 -0.000000  1.694596 -0.000000
 -0.000000  0.158924  0.158924
g_gulo     -0.000000 -0.000000  0.000000 -0.000000  1.694596 -0.000000
 -0.000000  0.158924  0.158924
m_pennanti -0.000000 -0.000000 -0.000000  0.000000  1.694596 -0.000000
 -0.000000  0.158924  0.158924
s_putorius  1.694596  1.694596  1.694596  1.694596  0.000000  1.694596
  1.694596 -1.000000 -1.000000
c_lupus    -0.000000 -0.000000 -0.000000 -0.000000  1.694596  0.000000
 -0.000000  0.158924  0.158924
c_latrans  -0.000000 -0.000000 -0.000000 -0.000000  1.694596 -0.000000
  0.000000  0.158924  0.158924
p_lotor     0.158924  0.158924  0.158924  0.158924 -1.000000  0.158924
  0.158924  0.000000  0.158924
l_rufus     0.158924  0.158924  0.158924  0.158924 -1.000000  0.158924
  0.158924  0.158924  0.000000
    9
u_american  0.000000 -0.000000 -0.000000 -0.000000  0.359595 -0.000000
 -0.000000  0.158924  0.158924
u_arctos   -0.000000  0.000000 -0.000000 -0.000000  0.359595 -0.000000
 -0.000000  0.158924  0.158924
g_gulo     -0.000000 -0.000000  0.000000 -0.000000  0.359595 -0.000000
 -0.000000  0.158924  0.158924
m_pennanti -0.000000 -0.000000 -0.000000  0.000000  0.359595 -0.000000
 -0.000000  0.158924  0.158924
s_putorius  0.359595  0.359595  0.359595  0.359595  0.000000  0.359595
  0.359595  0.626061  0.626061
c_lupus    -0.000000 -0.000000 -0.000000 -0.000000  0.359595  0.000000
 -0.000000  0.158924  0.158924
c_latrans  -0.000000 -0.000000 -0.000000 -0.000000  0.359595 -0.000000
  0.000000  0.158924  0.158924
p_lotor     0.158924  0.158924  0.158924  0.158924  0.626061  0.158924
  0.158924  0.000000  0.158924
l_rufus     0.158924  0.158924  0.158924  0.158924  0.626061  0.158924
  0.158924  0.158924  0.000000
    9
u_american  0.000000 -0.000000 -0.000000 -0.000000  0.626061  0.359595
  0.359595  1.012622  0.359595
u_arctos   -0.000000  0.000000 -0.000000 -0.000000  0.626061  0.359595
  0.359595  1.012622  0.359595
g_gulo     -0.000000 -0.000000  0.000000 -0.000000  0.626061  0.359595
  0.359595  1.012622  0.359595
m_pennanti -0.000000 -0.000000 -0.000000  0.000000  0.626061  0.359595
  0.359595  1.012622  0.359595
s_putorius  0.626061  0.626061  0.626061  0.626061  0.000000  0.626061
  0.626061  1.694596  1.694596
c_lupus     0.359595  0.359595  0.359595  0.359595  0.626061  0.000000
 -0.000000  0.359595  1.012622
c_latrans   0.359595  0.359595  0.359595  0.359595  0.626061 -0.000000
  0.000000  0.359595  1.012622
p_lotor     1.012622  1.012622  1.012622  1.012622  1.694596  0.359595
  0.359595  0.000000  1.012622
l_rufus     0.359595  0.359595  0.359595  0.359595  1.694596  1.012622
  1.012622  1.012622  0.000000
    9
u_american  0.000000 -0.000000 -0.000000 -0.000000  1.694596  0.359595
  0.359595  0.626061  0.158924
u_arctos   -0.000000  0.000000 -0.000000 -0.000000  1.694596  0.359595
  0.359595  0.626061  0.158924
g_gulo     -0.000000 -0.000000  0.000000 -0.000000  1.694596  0.359595
  0.359595  0.626061  0.158924
m_pennanti -0.000000 -0.000000 -0.000000  0.000000  1.694596  0.359595
  0.359595  0.626061  0.158924
s_putorius  1.694596  1.694596  1.694596  1.694596  0.000000  1.694596
  1.694596 -1.000000 -1.000000
c_lupus     0.359595  0.359595  0.359595  0.359595  1.694596  0.000000
 -0.000000  0.158924  0.626061
c_latrans   0.359595  0.359595  0.359595  0.359595  1.694596 -0.000000
  0.000000  0.158924  0.626061
p_lotor     0.626061  0.626061  0.626061  0.626061 -1.000000  0.158924
  0.158924  0.000000  0.626061
l_rufus     0.158924  0.158924  0.158924  0.158924 -1.000000  0.626061
  0.626061  0.626061  0.000000
    9
u_american  0.000000 -0.000000 -0.000000 -0.000000  0.626061  0.158924
  0.158924  0.359595  0.158924
u_arctos   -0.000000  0.000000 -0.000000 -0.000000  0.626061  0.158924
  0.158924  0.359595  0.158924
g_gulo     -0.000000 -0.000000  0.000000 -0.000000  0.626061  0.158924
  0.158924  0.359595  0.158924
m_pennanti -0.000000 -0.000000 -0.000000  0.000000  0.626061  0.158924
  0.158924  0.359595  0.158924
s_putorius  0.626061  0.626061  0.626061  0.626061  0.000000  0.626061
  0.626061  1.012622  1.012622
c_lupus     0.158924  0.158924  0.158924  0.158924  0.626061  0.000000
 -0.000000  0.158924  0.359595
c_latrans   0.158924  0.158924  0.158924  0.158924  0.626061 -0.000000
  0.000000  0.158924  0.359595
p_lotor     0.359595  0.359595  0.359595  0.359595  1.012622  0.158924
  0.158924  0.000000  0.359595
l_rufus     0.158924  0.158924  0.158924  0.158924  1.012622  0.359595
  0.359595  0.359595  0.000000
    9
u_american  0.000000 -0.000000 -0.000000 -0.000000  1.012622  0.158924
  0.158924  0.359595  0.158924
u_arctos   -0.000000  0.000000 -0.000000 -0.000000  1.012622  0.158924
  0.158924  0.359595  0.158924
g_gulo     -0.000000 -0.000000  0.000000 -0.000000  1.012622  0.158924
  0.158924  0.359595  0.158924
m_pennanti -0.000000 -0.000000 -0.000000  0.000000  1.012622  0.158924
  0.158924  0.359595  0.158924
s_putorius  1.012622  1.012622  1.012622  1.012622  0.000000  1.012622
  1.012622  1.694596  1.694596
c_lupus     0.158924  0.158924  0.158924  0.158924  1.012622  0.000000
 -0.000000  0.158924  0.359595
c_latrans   0.158924  0.158924  0.158924  0.158924  1.012622 -0.000000
  0.000000  0.158924  0.359595
p_lotor     0.359595  0.359595  0.359595  0.359595  1.694596  0.158924
  0.158924  0.000000  0.359595
l_rufus     0.158924  0.158924  0.158924  0.158924  1.694596  0.359595
  0.359595  0.359595  0.000000
    9
u_american  0.000000 -0.000000 -0.000000 -0.000000  0.626061  0.158924
  0.158924  0.359595  0.158924
u_arctos   -0.000000  0.000000 -0.000000 -0.000000  0.626061  0.158924
  0.158924  0.359595  0.158924
g_gulo     -0.000000 -0.000000  0.000000 -0.000000  0.626061  0.158924
  0.158924  0.359595  0.158924
m_pennanti -0.000000 -0.000000 -0.000000  0.000000  0.626061  0.158924
  0.158924  0.359595  0.158924
s_putorius  0.626061  0.626061  0.626061  0.626061  0.000000  0.626061
  0.626061  1.012622  1.012622
c_lupus     0.158924  0.158924  0.158924  0.158924  0.626061  0.000000
 -0.000000  0.158924  0.359595
c_latrans   0.158924  0.158924  0.158924  0.158924  0.626061 -0.000000
  0.000000  0.158924  0.359595
p_lotor     0.359595  0.359595  0.359595  0.359595  1.012622  0.158924
  0.158924  0.000000  0.359595
l_rufus     0.158924  0.158924  0.158924  0.158924  1.012622  0.359595
  0.359595  0.359595  0.000000
    9
u_american  0.000000 -0.000000 -0.000000 -0.000000  0.158924  0.158924
  0.158924  0.359595  0.158924
u_arctos   -0.000000  0.000000 -0.000000 -0.000000  0.158924  0.158924
  0.158924  0.359595  0.158924
g_gulo     -0.000000 -0.000000  0.000000 -0.000000  0.158924  0.158924
  0.158924  0.359595  0.158924
m_pennanti -0.000000 -0.000000 -0.000000  0.000000  0.158924  0.158924
  0.158924  0.359595  0.158924
s_putorius  0.158924  0.158924  0.158924  0.158924  0.000000  0.158924
  0.158924  0.359595  0.359595
c_lupus     0.158924  0.158924  0.158924  0.158924  0.158924  0.000000
 -0.000000  0.158924  0.359595
c_latrans   0.158924  0.158924  0.158924  0.158924  0.158924 -0.000000
  0.000000  0.158924  0.359595
p_lotor     0.359595  0.359595  0.359595  0.359595  0.359595  0.158924
  0.158924  0.000000  0.359595
l_rufus     0.158924  0.158924  0.158924  0.158924  0.359595  0.359595
  0.359595  0.359595  0.000000
    9
u_american  0.000000 -0.000000 -0.000000 -0.000000  0.626061  0.158924
  0.158924  0.359595  0.158924
u_arctos   -0.000000  0.000000 -0.000000 -0.000000  0.626061  0.158924
  0.158924  0.359595  0.158924
g_gulo     -0.000000 -0.000000  0.000000 -0.000000  0.626061  0.158924
  0.158924  0.359595  0.158924
m_pennanti -0.000000 -0.000000 -0.000000  0.000000  0.626061  0.158924
  0.158924  0.359595  0.158924
s_putorius  0.626061  0.626061  0.626061  0.626061  0.000000  0.626061
  0.626061  1.012622  1.012622
c_lupus     0.158924  0.158924  0.158924  0.158924  0.626061  0.000000
 -0.000000  0.158924  0.359595
c_latrans   0.158924  0.158924  0.158924  0.158924  0.626061 -0.000000
  0.000000  0.158924  0.359595
p_lotor     0.359595  0.359595  0.359595  0.359595  1.012622  0.158924
  0.158924  0.000000  0.359595
l_rufus     0.158924  0.158924  0.158924  0.158924  1.012622  0.359595
  0.359595  0.359595  0.000000
    9
u_american  0.000000 -0.000000 -0.000000 -0.000000  1.012622  0.158924
  0.158924  0.158924 -0.000000
u_arctos   -0.000000  0.000000 -0.000000 -0.000000  1.012622  0.158924
  0.158924  0.158924 -0.000000
g_gulo     -0.000000 -0.000000  0.000000 -0.000000  1.012622  0.158924
  0.158924  0.158924 -0.000000
m_pennanti -0.000000 -0.000000 -0.000000  0.000000  1.012622  0.158924
  0.158924  0.158924 -0.000000
s_putorius  1.012622  1.012622  1.012622  1.012622  0.000000  1.012622
  1.012622  1.012622  1.012622
c_lupus     0.158924  0.158924  0.158924  0.158924  1.012622  0.000000
 -0.000000 -0.000000  0.158924
c_latrans   0.158924  0.158924  0.158924  0.158924  1.012622 -0.000000
  0.000000 -0.000000  0.158924
p_lotor     0.158924  0.158924  0.158924  0.158924  1.012622 -0.000000
 -0.000000  0.000000  0.158924
l_rufus    -0.000000 -0.000000 -0.000000 -0.000000  1.012622  0.158924
  0.158924  0.158924  0.000000
    9
u_american  0.000000 -0.000000 -0.000000 -0.000000  1.012622  0.359595
  0.359595  0.626061  0.158924
u_arctos   -0.000000  0.000000 -0.000000 -0.000000  1.012622  0.359595
  0.359595  0.626061  0.158924
g_gulo     -0.000000 -0.000000  0.000000 -0.000000  1.012622  0.359595
  0.359595  0.626061  0.158924
m_pennanti -0.000000 -0.000000 -0.000000  0.000000  1.012622  0.359595
  0.359595  0.626061  0.158924
s_putorius  1.012622  1.012622  1.012622  1.012622  0.000000  1.012622
  1.012622  1.694596  1.694596
c_lupus     0.359595  0.359595  0.359595  0.359595  1.012622  0.000000
 -0.000000  0.158924  0.626061
c_latrans   0.359595  0.359595  0.359595  0.359595  1.012622 -0.000000
  0.000000  0.158924  0.626061
p_lotor     0.626061  0.626061  0.626061  0.626061  1.694596  0.158924
  0.158924  0.000000  0.626061
l_rufus     0.158924  0.158924  0.158924  0.158924  1.694596  0.626061
  0.626061  0.626061  0.000000
    9
u_american  0.000000 -0.000000 -0.000000 -0.000000  0.158924 -0.000000
 -0.000000  0.359595  0.359595
u_arctos   -0.000000  0.000000 -0.000000 -0.000000  0.158924 -0.000000
 -0.000000  0.359595  0.359595
g_gulo     -0.000000 -0.000000  0.000000 -0.000000  0.158924 -0.000000
 -0.000000  0.359595  0.359595
m_pennanti -0.000000 -0.000000 -0.000000  0.000000  0.158924 -0.000000
 -0.000000  0.359595  0.359595
s_putorius  0.158924  0.158924  0.158924  0.158924  0.000000  0.158924
  0.158924  0.626061  0.626061
c_lupus    -0.000000 -0.000000 -0.000000 -0.000000  0.158924  0.000000
 -0.000000  0.359595  0.359595
c_latrans  -0.000000 -0.000000 -0.000000 -0.000000  0.158924 -0.000000
  0.000000  0.359595  0.359595
p_lotor     0.359595  0.359595  0.359595  0.359595  0.626061  0.359595
  0.359595  0.000000  0.359595
l_rufus     0.359595  0.359595  0.359595  0.359595  0.626061  0.359595
  0.359595  0.359595  0.000000
    9
u_american  0.000000 -0.000000 -0.000000 -0.000000  1.012622  0.359595
  0.359595  1.012622  0.359595
u_arctos   -0.000000  0.000000 -0.000000 -0.000000  1.012622  0.359595
  0.359595  1.012622  0.359595
g_gulo     -0.000000 -0.000000  0.000000 -0.000000  1.012622  0.359595
  0.359595  1.012622  0.359595
m_pennanti -0.000000 -0.000000 -0.000000  0.000000  1.012622  0.359595
  0.359595  1.012622  0.359595
s_putorius  1.012622  1.012622  1.012622  1.012622  0.000000  1.012622
  1.012622 -1.000000 -1.000000
c_lupus     0.359595  0.359595  0.359595  0.359595  1.012622  0.000000
 -0.000000  0.359595  1.012622
c_latrans   0.359595  0.359595  0.359595  0.359595  1.012622 -0.000000
  0.000000  0.359595  1.012622
p_lotor     1.012622  1.012622  1.012622  1.012622 -1.000000  0.359595
  0.359595  0.000000  1.012622
l_rufus     0.359595  0.359595  0.359595  0.359595 -1.000000  1.012622
  1.012622  1.012622  0.000000
    9
u_american  0.000000 -0.000000 -0.000000 -0.000000  0.359595 -0.000000
 -0.000000  0.359595  0.359595
u_arctos   -0.000000  0.000000 -0.000000 -0.000000  0.359595 -0.000000
 -0.000000  0.359595  0.359595
g_gulo     -0.000000 -0.000000  0.000000 -0.000000  0.359595 -0.000000
 -0.000000  0.359595  0.359595
m_pennanti -0.000000 -0.000000 -0.000000  0.000000  0.359595 -0.000000
 -0.000000  0.359595  0.359595
s_putorius  0.359595  0.359595  0.359595  0.359595  0.000000  0.359595
  0.359595  1.012622  1.012622
c_lupus    -0.000000 -0.000000 -0.000000 -0.000000  0.359595  0.000000
 -0.000000  0.359595  0.359595
c_latrans  -0.000000 -0.000000 -0.000000 -0.000000  0.359595 -0.000000
  0.000000  0.359595  0.359595
p_lotor     0.359595  0.359595  0.359595  0.359595  1.012622  0.359595
  0.359595  0.000000  0.359595
l_rufus     0.359595  0.359595  0.359595  0.359595  1.012622  0.359595
  0.359595  0.359595  0.000000
    9
u_american  0.000000 -0.000000 -0.000000 -0.000000  0.158924  0.158924
  0.158924  1.012622  0.626061
u_arctos   -0.000000  0.000000 -0.000000 -0.000000  0.158924  0.158924
  0.158924  1.012622  0.626061
g_gulo     -0.000000 -0.000000  0.000000 -0.000000  0.158924  0.158924
  0.158924  1.012622  0.626061
m_pennanti -0.000000 -0.000000 -0.000000  0.000000  0.158924  0.158924
  0.158924  1.012622  0.626061
s_putorius  0.158924  0.158924  0.158924  0.158924  0.000000  0.158924
  0.158924  1.012622  1.012622
c_lupus     0.158924  0.158924  0.158924  0.158924  0.158924  0.000000
 -0.000000  0.626061  1.012622
c_latrans   0.158924  0.158924  0.158924  0.158924  0.158924 -0.000000
  0.000000  0.626061  1.012622
p_lotor     1.012622  1.012622  1.012622  1.012622  1.012622  0.626061
  0.626061  0.000000  1.012622
l_rufus     0.626061  0.626061  0.626061  0.626061  1.012622  1.012622
  1.012622  1.012622  0.000000
    9
u_american  0.000000 -0.000000 -0.000000 -0.000000  0.626061  0.359595
  0.359595  1.012622  0.359595
u_arctos   -0.000000  0.000000 -0.000000 -0.000000  0.626061  0.359595
  0.359595  1.012622  0.359595
g_gulo     -0.000000 -0.000000  0.000000 -0.000000  0.626061  0.359595
  0.359595  1.012622  0.359595
m_pennanti -0.000000 -0.000000 -0.000000  0.000000  0.626061  0.359595
  0.359595  1.012622  0.359595
s_putorius  0.626061  0.626061  0.626061  0.626061  0.000000  0.626061
  0.626061  1.694596  1.694596
c_lupus     0.359595  0.359595  0.359595  0.359595  0.626061  0.000000
 -0.000000  0.359595  1.012622
c_latrans   0.359595  0.359595  0.359595  0.359595  0.626061 -0.000000
  0.000000  0.359595  1.012622
p_lotor     1.012622  1.012622  1.012622  1.012622  1.694596  0.359595
  0.359595  0.000000  1.012622
l_rufus     0.359595  0.359595  0.359595  0.359595  1.694596  1.012622
  1.012622  1.012622  0.000000
    9
u_american  0.000000 -0.000000 -0.000000 -0.000000  1.012622  0.359595
  0.359595  0.359595 -0.000000
u_arctos   -0.000000  0.000000 -0.000000 -0.000000  1.012622  0.359595
  0.359595  0.359595 -0.000000
g_gulo     -0.000000 -0.000000  0.000000 -0.000000  1.012622  0.359595
  0.359595  0.359595 -0.000000
m_pennanti -0.000000 -0.000000 -0.000000  0.000000  1.012622  0.359595
  0.359595  0.359595 -0.000000
s_putorius  1.012622  1.012622  1.012622  1.012622  0.000000  1.012622
  1.012622  1.012622  1.012622
c_lupus     0.359595  0.359595  0.359595  0.359595  1.012622  0.000000
 -0.000000 -0.000000  0.359595
c_latrans   0.359595  0.359595  0.359595  0.359595  1.012622 -0.000000
  0.000000 -0.000000  0.359595
p_lotor     0.359595  0.359595  0.359595  0.359595  1.012622 -0.000000
 -0.000000  0.000000  0.359595
l_rufus    -0.000000 -0.000000 -0.000000 -0.000000  1.012622  0.359595
  0.359595  0.359595  0.000000
    9
u_american  0.000000 -0.000000 -0.000000 -0.000000  1.012622  0.158924
  0.158924  0.359595  0.158924
u_arctos   -0.000000  0.000000 -0.000000 -0.000000  1.012622  0.158924
  0.158924  0.359595  0.158924
g_gulo     -0.000000 -0.000000  0.000000 -0.000000  1.012622  0.158924
  0.158924  0.359595  0.158924
m_pennanti -0.000000 -0.000000 -0.000000  0.000000  1.012622  0.158924
  0.158924  0.359595  0.158924
s_putorius  1.012622  1.012622  1.012622  1.012622  0.000000  1.012622
  1.012622  1.694596  1.694596
c_lupus     0.158924  0.158924  0.158924  0.158924  1.012622  0.000000
 -0.000000  0.158924  0.359595
c_latrans   0.158924  0.158924  0.158924  0.158924  1.012622 -0.000000
  0.000000  0.158924  0.359595
p_lotor     0.359595  0.359595  0.359595  0.359595  1.694596  0.158924
  0.158924  0.000000  0.359595
l_rufus     0.158924  0.158924  0.158924  0.158924  1.694596  0.359595
  0.359595  0.359595  0.000000
    9
u_american  0.000000 -0.000000 -0.000000 -0.000000  1.012622  0.359595
  0.359595  0.626061  0.158924
u_arctos   -0.000000  0.000000 -0.000000 -0.000000  1.012622  0.359595
  0.359595  0.626061  0.158924
g_gulo     -0.000000 -0.000000  0.000000 -0.000000  1.012622  0.359595
  0.359595  0.626061  0.158924
m_pennanti -0.000000 -0.000000 -0.000000  0.000000  1.012622  0.359595
  0.359595  0.626061  0.158924
s_putorius  1.012622  1.012622  1.012622  1.012622  0.000000  1.012622
  1.012622  1.694596  1.694596
c_lupus     0.359595  0.359595  0.359595  0.359595  1.012622  0.000000
 -0.000000  0.158924  0.626061
c_latrans   0.359595  0.359595  0.359595  0.359595  1.012622 -0.000000
  0.000000  0.158924  0.626061
p_lotor     0.626061  0.626061  0.626061  0.626061  1.694596  0.158924
  0.158924  0.000000  0.626061
l_rufus     0.158924  0.158924  0.158924  0.158924  1.694596  0.626061
  0.626061  0.626061  0.000000
    9
u_american  0.000000 -0.000000 -0.000000 -0.000000  1.012622  0.359595
  0.359595  0.626061  0.158924
u_arctos   -0.000000  0.000000 -0.000000 -0.000000  1.012622  0.359595
  0.359595  0.626061  0.158924
g_gulo     -0.000000 -0.000000  0.000000 -0.000000  1.012622  0.359595
  0.359595  0.626061  0.158924
m_pennanti -0.000000 -0.000000 -0.000000  0.000000  1.012622  0.359595
  0.359595  0.626061  0.158924
s_putorius  1.012622  1.012622  1.012622  1.012622  0.000000  1.012622
  1.012622  1.694596  1.694596
c_lupus     0.359595  0.359595  0.359595  0.359595  1.012622  0.000000
 -0.000000  0.158924  0.626061
c_latrans   0.359595  0.359595  0.359595  0.359595  1.012622 -0.000000
  0.000000  0.158924  0.626061
p_lotor     0.626061  0.626061  0.626061  0.626061  1.694596  0.158924
  0.158924  0.000000  0.626061
l_rufus     0.158924  0.158924  0.158924  0.158924  1.694596  0.626061
  0.626061  0.626061  0.000000
    9
u_american  0.000000 -0.000000 -0.000000 -0.000000  1.012622  0.359595
  0.359595  0.626061  0.158924
u_arctos   -0.000000  0.000000 -0.000000 -0.000000  1.012622  0.359595
  0.359595  0.626061  0.158924
g_gulo     -0.000000 -0.000000  0.000000 -0.000000  1.012622  0.359595
  0.359595  0.626061  0.158924
m_pennanti -0.000000 -0.000000 -0.000000  0.000000  1.012622  0.359595
  0.359595  0.626061  0.158924
s_putorius  1.012622  1.012622  1.012622  1.012622  0.000000  1.012622
  1.012622  1.694596  1.694596
c_lupus     0.359595  0.359595  0.359595  0.359595  1.012622  0.000000
 -0.000000  0.158924  0.626061
c_latrans   0.359595  0.359595  0.359595  0.359595  1.012622 -0.000000
  0.000000  0.158924  0.626061
p_lotor     0.626061  0.626061  0.626061  0.626061  1.694596  0.158924
  0.158924  0.000000  0.626061
l_rufus     0.158924  0.158924  0.158924  0.158924  1.694596  0.626061
  0.626061  0.626061  0.000000
    9
u_american  0.000000 -0.000000 -0.000000 -0.000000  0.359595 -0.000000
 -0.000000 -0.000000 -0.000000
u_arctos   -0.000000  0.000000 -0.000000 -0.000000  0.359595 -0.000000
 -0.000000 -0.000000 -0.000000
g_gulo     -0.000000 -0.000000  0.000000 -0.000000  0.359595 -0.000000
 -0.000000 -0.000000 -0.000000
m_pennanti -0.000000 -0.000000 -0.000000  0.000000  0.359595 -0.000000
 -0.000000 -0.000000 -0.000000
s_putorius  0.359595  0.359595  0.359595  0.359595  0.000000  0.359595
  0.359595  0.359595  0.359595
c_lupus    -0.000000 -0.000000 -0.000000 -0.000000  0.359595  0.000000
 -0.000000 -0.000000 -0.000000
c_latrans  -0.000000 -0.000000 -0.000000 -0.000000  0.359595 -0.000000
  0.000000 -0.000000 -0.000000
p_lotor    -0.000000 -0.000000 -0.000000 -0.000000  0.359595 -0.000000
 -0.000000  0.000000 -0.000000
l_rufus    -0.000000 -0.000000 -0.000000 -0.000000  0.359595 -0.000000
 -0.000000 -0.000000  0.000000
    9
u_american  0.000000 -0.000000 -0.000000 -0.000000  0.359595 -0.000000
 -0.000000  0.359595  0.359595
u_arctos   -0.000000  0.000000 -0.000000 -0.000000  0.359595 -0.000000
 -0.000000  0.359595  0.359595
g_gulo     -0.000000 -0.000000  0.000000 -0.000000  0.359595 -0.000000
 -0.000000  0.359595  0.359595
m_pennanti -0.000000 -0.000000 -0.000000  0.000000  0.359595 -0.000000
 -0.000000  0.359595  0.359595
s_putorius  0.359595  0.359595  0.359595  0.359595  0.000000  0.359595
  0.359595  1.012622  1.012622
c_lupus    -0.000000 -0.000000 -0.000000 -0.000000  0.359595  0.000000
 -0.000000  0.359595  0.359595
c_latrans  -0.000000 -0.000000 -0.000000 -0.000000  0.359595 -0.000000
  0.000000  0.359595  0.359595
p_lotor     0.359595  0.359595  0.359595  0.359595  1.012622  0.359595
  0.359595  0.000000  0.359595
l_rufus     0.359595  0.359595  0.359595  0.359595  1.012622  0.359595
  0.359595  0.359595  0.000000
    9
u_american  0.000000 -0.000000 -0.000000 -0.000000  0.359595 -0.000000
 -0.000000  0.158924  0.158924
u_arctos   -0.000000  0.000000 -0.000000 -0.000000  0.359595 -0.000000
 -0.000000  0.158924  0.158924
g_gulo     -0.000000 -0.000000  0.000000 -0.000000  0.359595 -0.000000
 -0.000000  0.158924  0.158924
m_pennanti -0.000000 -0.000000 -0.000000  0.000000  0.359595 -0.000000
 -0.000000  0.158924  0.158924
s_putorius  0.359595  0.359595  0.359595  0.359595  0.000000  0.359595
  0.359595  0.626061  0.626061
c_lupus    -0.000000 -0.000000 -0.000000 -0.000000  0.359595  0.000000
 -0.000000  0.158924  0.158924
c_latrans  -0.000000 -0.000000 -0.000000 -0.000000  0.359595 -0.000000
  0.000000  0.158924  0.158924
p_lotor     0.158924  0.158924  0.158924  0.158924  0.626061  0.158924
  0.158924  0.000000  0.158924
l_rufus     0.158924  0.158924  0.158924  0.158924  0.626061  0.158924
  0.158924  0.158924  0.000000
    9
u_american  0.000000 -0.000000 -0.000000 -0.000000  0.158924 -0.000000
 -0.000000  1.012622  1.012622
u_arctos   -0.000000  0.000000 -0.000000 -0.000000  0.158924 -0.000000
 -0.000000  1.012622  1.012622
g_gulo     -0.000000 -0.000000  0.000000 -0.000000  0.158924 -0.000000
 -0.000000  1.012622  1.012622
m_pennanti -0.000000 -0.000000 -0.000000  0.000000  0.158924 -0.000000
 -0.000000  1.012622  1.012622
s_putorius  0.158924  0.158924  0.158924  0.158924  0.000000  0.158924
  0.158924  1.694596  1.694596
c_lupus    -0.000000 -0.000000 -0.000000 -0.000000  0.158924  0.000000
 -0.000000  1.012622  1.012622
c_latrans  -0.000000 -0.000000 -0.000000 -0.000000  0.158924 -0.000000
  0.000000  1.012622  1.012622
p_lotor     1.012622  1.012622  1.012622  1.012622  1.694596  1.012622
  1.012622  0.000000  1.012622
l_rufus     1.012622  1.012622  1.012622  1.012622  1.694596  1.012622
  1.012622  1.012622  0.000000
    9
u_american  0.000000 -0.000000 -0.000000 -0.000000  0.158924 -0.000000
 -0.000000  0.359595  0.359595
u_arctos   -0.000000  0.000000 -0.000000 -0.000000  0.158924 -0.000000
 -0.000000  0.359595  0.359595
g_gulo     -0.000000 -0.000000  0.000000 -0.000000  0.158924 -0.000000
 -0.000000  0.359595  0.359595
m_pennanti -0.000000 -0.000000 -0.000000  0.000000  0.158924 -0.000000
 -0.000000  0.359595  0.359595
s_putorius  0.158924  0.158924  0.158924  0.158924  0.000000  0.158924
  0.158924  0.626061  0.626061
c_lupus    -0.000000 -0.000000 -0.000000 -0.000000  0.158924  0.000000
 -0.000000  0.359595  0.359595
c_latrans  -0.000000 -0.000000 -0.000000 -0.000000  0.158924 -0.000000
  0.000000  0.359595  0.359595
p_lotor     0.359595  0.359595  0.359595  0.359595  0.626061  0.359595
  0.359595  0.000000  0.359595
l_rufus     0.359595  0.359595  0.359595  0.359595  0.626061  0.359595
  0.359595  0.359595  0.000000
    9
u_american  0.000000 -0.000000 -0.000000 -0.000000  0.626061  0.158924
  0.158924  0.158924 -0.000000
u_arctos   -0.000000  0.000000 -0.000000 -0.000000  0.626061  0.158924
  0.158924  0.158924 -0.000000
g_gulo     -0.000000 -0.000000  0.000000 -0.000000  0.626061  0.158924
  0.158924  0.158924 -0.000000
m_pennanti -0.000000 -0.000000 -0.000000  0.000000  0.626061  0.158924
  0.158924  0.158924 -0.000000
s_putorius  0.626061  0.626061  0.626061  0.626061  0.000000  0.626061
  0.626061  0.626061  0.626061
c_lupus     0.158924  0.158924  0.158924  0.158924  0.626061  0.000000
 -0.000000 -0.000000  0.158924
c_latrans   0.158924  0.158924  0.158924  0.158924  0.626061 -0.000000
  0.000000 -0.000000  0.158924
p_lotor     0.158924  0.158924  0.158924  0.158924  0.626061 -0.000000
 -0.000000  0.000000  0.158924
l_rufus    -0.000000 -0.000000 -0.000000 -0.000000  0.626061  0.158924
  0.158924  0.158924  0.000000
    9
u_american  0.000000 -0.000000 -0.000000 -0.000000  0.626061 -0.000000
 -0.000000  0.158924  0.158924
u_arctos   -0.000000  0.000000 -0.000000 -0.000000  0.626061 -0.000000
 -0.000000  0.158924  0.158924
g_gulo     -0.000000 -0.000000  0.000000 -0.000000  0.626061 -0.000000
 -0.000000  0.158924  0.158924
m_pennanti -0.000000 -0.000000 -0.000000  0.000000  0.626061 -0.000000
 -0.000000  0.158924  0.158924
s_putorius  0.626061  0.626061  0.626061  0.626061  0.000000  0.626061
  0.626061  1.012622  1.012622
c_lupus    -0.000000 -0.000000 -0.000000 -0.000000  0.626061  0.000000
 -0.000000  0.158924  0.158924
c_latrans  -0.000000 -0.000000 -0.000000 -0.000000  0.626061 -0.000000
  0.000000  0.158924  0.158924
p_lotor     0.158924  0.158924  0.158924  0.158924  1.012622  0.158924
  0.158924  0.000000  0.158924
l_rufus     0.158924  0.158924  0.158924  0.158924  1.012622  0.158924
  0.158924  0.158924  0.000000
    9
u_american  0.000000 -0.000000 -0.000000 -0.000000  1.694596  0.359595
  0.359595  0.359595 -0.000000
u_arctos   -0.000000  0.000000 -0.000000 -0.000000  1.694596  0.359595
  0.359595  0.359595 -0.000000
g_gulo     -0.000000 -0.000000  0.000000 -0.000000  1.694596  0.359595
  0.359595  0.359595 -0.000000
m_pennanti -0.000000 -0.000000 -0.000000  0.000000  1.694596  0.359595
  0.359595  0.359595 -0.000000
s_putorius  1.694596  1.694596  1.694596  1.694596  0.000000  1.694596
  1.694596  1.694596  1.694596
c_lupus     0.359595  0.359595  0.359595  0.359595  1.694596  0.000000
 -0.000000 -0.000000  0.359595
c_latrans   0.359595  0.359595  0.359595  0.359595  1.694596 -0.000000
  0.000000 -0.000000  0.359595
p_lotor     0.359595  0.359595  0.359595  0.359595  1.694596 -0.000000
 -0.000000  0.000000  0.359595
l_rufus    -0.000000 -0.000000 -0.000000 -0.000000  1.694596  0.359595
  0.359595  0.359595  0.000000
    9
u_american  0.000000 -0.000000 -0.000000 -0.000000  0.626061 -0.000000
 -0.000000  0.158924  0.158924
u_arctos   -0.000000  0.000000 -0.000000 -0.000000  0.626061 -0.000000
 -0.000000  0.158924  0.158924
g_gulo     -0.000000 -0.000000  0.000000 -0.000000  0.626061 -0.000000
 -0.000000  0.158924  0.158924
m_pennanti -0.000000 -0.000000 -0.000000  0.000000  0.626061 -0.000000
 -0.000000  0.158924  0.158924
s_putorius  0.626061  0.626061  0.626061  0.626061  0.000000  0.626061
  0.626061  1.012622  1.012622
c_lupus    -0.000000 -0.000000 -0.000000 -0.000000  0.626061  0.000000
 -0.000000  0.158924  0.158924
c_latrans  -0.000000 -0.000000 -0.000000 -0.000000  0.626061 -0.000000
  0.000000  0.158924  0.158924
p_lotor     0.158924  0.158924  0.158924  0.158924  1.012622  0.158924
  0.158924  0.000000  0.158924
l_rufus     0.158924  0.158924  0.158924  0.158924  1.012622  0.158924
  0.158924  0.158924  0.000000
    9
u_american  0.000000 -0.000000 -0.000000 -0.000000  0.359595 -0.000000
 -0.000000  0.359595  0.359595
u_arctos   -0.000000  0.000000 -0.000000 -0.000000  0.359595 -0.000000
 -0.000000  0.359595  0.359595
g_gulo     -0.000000 -0.000000  0.000000 -0.000000  0.359595 -0.000000
 -0.000000  0.359595  0.359595
m_pennanti -0.000000 -0.000000 -0.000000  0.000000  0.359595 -0.000000
 -0.000000  0.359595  0.359595
s_putorius  0.359595  0.359595  0.359595  0.359595  0.000000  0.359595
  0.359595  1.012622  1.012622
c_lupus    -0.000000 -0.000000 -0.000000 -0.000000  0.359595  0.000000
 -0.000000  0.359595  0.359595
c_latrans  -0.000000 -0.000000 -0.000000 -0.000000  0.359595 -0.000000
  0.000000  0.359595  0.359595
p_lotor     0.359595  0.359595  0.359595  0.359595  1.012622  0.359595
  0.359595  0.000000  0.359595
l_rufus     0.359595  0.359595  0.359595  0.359595  1.012622  0.359595
  0.359595  0.359595  0.000000
    9
u_american  0.000000 -0.000000 -0.000000 -0.000000  0.359595  0.158924
  0.158924  0.359595  0.158924
u_arctos   -0.000000  0.000000 -0.000000 -0.000000  0.359595  0.158924
  0.158924  0.359595  0.158924
g_gulo     -0.000000 -0.000000  0.000000 -0.000000  0.359595  0.158924
  0.158924  0.359595  0.158924
m_pennanti -0.000000 -0.000000 -0.000000  0.000000  0.359595  0.158924
  0.158924  0.359595  0.158924
s_putorius  0.359595  0.359595  0.359595  0.359595  0.000000  0.359595
  0.359595  0.626061  0.626061
c_lupus     0.158924  0.158924  0.158924  0.158924  0.359595  0.000000
 -0.000000  0.158924  0.359595
c_latrans   0.158924  0.158924  0.158924  0.158924  0.359595 -0.000000
  0.000000  0.158924  0.359595
p_lotor     0.359595  0.359595  0.359595  0.359595  0.626061  0.158924
  0.158924  0.000000  0.359595
l_rufus     0.158924  0.158924  0.158924  0.158924  0.626061  0.359595
  0.359595  0.359595  0.000000
    9
u_american  0.000000 -0.000000 -0.000000 -0.000000  0.626061  0.158924
  0.158924  0.158924 -0.000000
u_arctos   -0.000000  0.000000 -0.000000 -0.000000  0.626061  0.158924
  0.158924  0.158924 -0.000000
g_gulo     -0.000000 -0.000000  0.000000 -0.000000  0.626061  0.158924
  0.158924  0.158924 -0.000000
m_pennanti -0.000000 -0.000000 -0.000000  0.000000  0.626061  0.158924
  0.158924  0.158924 -0.000000
s_putorius  0.626061  0.626061  0.626061  0.626061  0.000000  0.626061
  0.626061  0.626061  0.626061
c_lupus     0.158924  0.158924  0.158924  0.158924  0.626061  0.000000
 -0.000000 -0.000000  0.158924
c_latrans   0.158924  0.158924  0.158924  0.158924  0.626061 -0.000000
  0.000000 -0.000000  0.158924
p_lotor     0.158924  0.158924  0.158924  0.158924  0.626061 -0.000000
 -0.000000  0.000000  0.158924
l_rufus    -0.000000 -0.000000 -0.000000 -0.000000  0.626061  0.158924
  0.158924  0.158924  0.000000
    9
u_american  0.000000 -0.000000 -0.000000 -0.000000  0.359595 -0.000000
 -0.000000 -0.000000 -0.000000
u_arctos   -0.000000  0.000000 -0.000000 -0.000000  0.359595 -0.000000
 -0.000000 -0.000000 -0.000000
g_gulo     -0.000000 -0.000000  0.000000 -0.000000  0.359595 -0.000000
 -0.000000 -0.000000 -0.000000
m_pennanti -0.000000 -0.000000 -0.000000  0.000000  0.359595 -0.000000
 -0.000000 -0.000000 -0.000000
s_putorius  0.359595  0.359595  0.359595  0.359595  0.000000  0.359595
  0.359595  0.359595  0.359595
c_lupus    -0.000000 -0.000000 -0.000000 -0.000000  0.359595  0.000000
 -0.000000 -0.000000 -0.000000
c_latrans  -0.000000 -0.000000 -0.000000 -0.000000  0.359595 -0.000000
  0.000000 -0.000000 -0.000000
p_lotor    -0.000000 -0.000000 -0.000000 -0.000000  0.359595 -0.000000
 -0.000000  0.000000 -0.000000
l_rufus    -0.000000 -0.000000 -0.000000 -0.000000  0.359595 -0.000000
 -0.000000 -0.000000  0.000000
    9
u_american  0.000000 -0.000000 -0.000000 -0.000000  0.626061  0.359595
  0.359595  0.626061  0.158924
u_arctos   -0.000000  0.000000 -0.000000 -0.000000  0.626061  0.359595
  0.359595  0.626061  0.158924
g_gulo     -0.000000 -0.000000  0.000000 -0.000000  0.626061  0.359595
  0.359595  0.626061  0.158924
m_pennanti -0.000000 -0.000000 -0.000000  0.000000  0.626061  0.359595
  0.359595  0.626061  0.158924
s_putorius  0.626061  0.626061  0.626061  0.626061  0.000000  0.626061
  0.626061  1.012622  1.012622
c_lupus     0.359595  0.359595  0.359595  0.359595  0.626061  0.000000
 -0.000000  0.158924  0.626061
c_latrans   0.359595  0.359595  0.359595  0.359595  0.626061 -0.000000
  0.000000  0.158924  0.626061
p_lotor     0.626061  0.626061  0.626061  0.626061  1.012622  0.158924
  0.158924  0.000000  0.626061
l_rufus     0.158924  0.158924  0.158924  0.158924  1.012622  0.626061
  0.626061  0.626061  0.000000
    9
u_american  0.000000 -0.000000 -0.000000 -0.000000  0.359595 -0.000000
 -0.000000 -0.000000 -0.000000
u_arctos   -0.000000  0.000000 -0.000000 -0.000000  0.359595 -0.000000
 -0.000000 -0.000000 -0.000000
g_gulo     -0.000000 -0.000000  0.000000 -0.000000  0.359595 -0.000000
 -0.000000 -0.000000 -0.000000
m_pennanti -0.000000 -0.000000 -0.000000  0.000000  0.359595 -0.000000
 -0.000000 -0.000000 -0.000000
s_putorius  0.359595  0.359595  0.359595  0.359595  0.000000  0.359595
  0.359595  0.359595  0.359595
c_lupus    -0.000000 -0.000000 -0.000000 -0.000000  0.359595  0.000000
 -0.000000 -0.000000 -0.000000
c_latrans  -0.000000 -0.000000 -0.000000 -0.000000  0.359595 -0.000000
  0.000000 -0.000000 -0.000000
p_lotor    -0.000000 -0.000000 -0.000000 -0.000000  0.359595 -0.000000
 -0.000000  0.000000 -0.000000
l_rufus    -0.000000 -0.000000 -0.000000 -0.000000  0.359595 -0.000000
 -0.000000 -0.000000  0.000000
    9
u_american  0.000000 -0.000000 -0.000000 -0.000000  0.626061  0.359595
  0.359595  0.626061  0.158924
u_arctos   -0.000000  0.000000 -0.000000 -0.000000  0.626061  0.359595
  0.359595  0.626061  0.158924
g_gulo     -0.000000 -0.000000  0.000000 -0.000000  0.626061  0.359595
  0.359595  0.626061  0.158924
m_pennanti -0.000000 -0.000000 -0.000000  0.000000  0.626061  0.359595
  0.359595  0.626061  0.158924
s_putorius  0.626061  0.626061  0.626061  0.626061  0.000000  0.626061
  0.626061  1.012622  1.012622
c_lupus     0.359595  0.359595  0.359595  0.359595  0.626061  0.000000
 -0.000000  0.158924  0.626061
c_latrans   0.359595  0.359595  0.359595  0.359595  0.626061 -0.000000
  0.000000  0.158924  0.626061
p_lotor     0.626061  0.626061  0.626061  0.626061  1.012622  0.158924
  0.158924  0.000000  0.626061
l_rufus     0.158924  0.158924  0.158924  0.158924  1.012622  0.626061
  0.626061  0.626061  0.000000
    9
u_american  0.000000 -0.000000 -0.000000 -0.000000  0.626061 -0.000000
 -0.000000  0.158924  0.158924
u_arctos   -0.000000  0.000000 -0.000000 -0.000000  0.626061 -0.000000
 -0.000000  0.158924  0.158924
g_gulo     -0.000000 -0.000000  0.000000 -0.000000  0.626061 -0.000000
 -0.000000  0.158924  0.158924
m_pennanti -0.000000 -0.000000 -0.000000  0.000000  0.626061 -0.000000
 -0.000000  0.158924  0.158924
s_putorius  0.626061  0.626061  0.626061  0.626061  0.000000  0.626061
  0.626061  1.012622  1.012622
c_lupus    -0.000000 -0.000000 -0.000000 -0.000000  0.626061  0.000000
 -0.000000  0.158924  0.158924
c_latrans  -0.000000 -0.000000 -0.000000 -0.000000  0.626061 -0.000000
  0.000000  0.158924  0.158924
p_lotor     0.158924  0.158924  0.158924  0.158924  1.012622  0.158924
  0.158924  0.000000  0.158924
l_rufus     0.158924  0.158924  0.158924  0.158924  1.012622  0.158924
  0.158924  0.158924  0.000000
    9
u_american  0.000000 -0.000000 -0.000000 -0.000000  1.694596  0.359595
  0.359595  0.359595 -0.000000
u_arctos   -0.000000  0.000000 -0.000000 -0.000000  1.694596  0.359595
  0.359595  0.359595 -0.000000
g_gulo     -0.000000 -0.000000  0.000000 -0.000000  1.694596  0.359595
  0.359595  0.359595 -0.000000
m_pennanti -0.000000 -0.000000 -0.000000  0.000000  1.694596  0.359595
  0.359595  0.359595 -0.000000
s_putorius  1.694596  1.694596  1.694596  1.694596  0.000000  1.694596
  1.694596  1.694596  1.694596
c_lupus     0.359595  0.359595  0.359595  0.359595  1.694596  0.000000
 -0.000000 -0.000000  0.359595
c_latrans   0.359595  0.359595  0.359595  0.359595  1.694596 -0.000000
  0.000000 -0.000000  0.359595
p_lotor     0.359595  0.359595  0.359595  0.359595  1.694596 -0.000000
 -0.000000  0.000000  0.359595
l_rufus    -0.000000 -0.000000 -0.000000 -0.000000  1.694596  0.359595
  0.359595  0.359595  0.000000
    9
u_american  0.000000 -0.000000 -0.000000 -0.000000  0.158924 -0.000000
 -0.000000  0.359595  0.359595
u_arctos   -0.000000  0.000000 -0.000000 -0.000000  0.158924 -0.000000
 -0.000000  0.359595  0.359595
g_gulo     -0.000000 -0.000000  0.000000 -0.000000  0.158924 -0.000000
 -0.000000  0.359595  0.359595
m_pennanti -0.000000 -0.000000 -0.000000  0.000000  0.158924 -0.000000
 -0.000000  0.359595  0.359595
s_putorius  0.158924  0.158924  0.158924  0.158924  0.000000  0.158924
  0.158924  0.626061  0.626061
c_lupus    -0.000000 -0.000000 -0.000000 -0.000000  0.158924  0.000000
 -0.000000  0.359595  0.359595
c_latrans  -0.000000 -0.000000 -0.000000 -0.000000  0.158924 -0.000000
  0.000000  0.359595  0.359595
p_lotor     0.359595  0.359595  0.359595  0.359595  0.626061  0.359595
  0.359595  0.000000  0.359595
l_rufus     0.359595  0.359595  0.359595  0.359595  0.626061  0.359595
  0.359595  0.359595  0.000000
    9
u_american  0.000000 -0.000000 -0.000000 -0.000000  1.012622  0.158924
  0.158924  0.626061  0.359595
u_arctos   -0.000000  0.000000 -0.000000 -0.000000  1.012622  0.158924
  0.158924  0.626061  0.359595
g_gulo     -0.000000 -0.000000  0.000000 -0.000000  1.012622  0.158924
  0.158924  0.626061  0.359595
m_pennanti -0.000000 -0.000000 -0.000000  0.000000  1.012622  0.158924
  0.158924  0.626061  0.359595
s_putorius  1.012622  1.012622  1.012622  1.012622  0.000000  1.012622
  1.012622 -1.000000 -1.000000
c_lupus     0.158924  0.158924  0.158924  0.158924  1.012622  0.000000
 -0.000000  0.359595  0.626061
c_latrans   0.158924  0.158924  0.158924  0.158924  1.012622 -0.000000
  0.000000  0.359595  0.626061
p_lotor     0.626061  0.626061  0.626061  0.626061 -1.000000  0.359595
  0.359595  0.000000  0.626061
l_rufus     0.359595  0.359595  0.359595  0.359595 -1.000000  0.626061
  0.626061  0.626061  0.000000
    9
u_american  0.000000 -0.000000 -0.000000 -0.000000  1.694596  0.626061
  0.626061  1.012622  0.158924
u_arctos   -0.000000  0.000000 -0.000000 -0.000000  1.694596  0.626061
  0.626061  1.012622  0.158924
g_gulo     -0.000000 -0.000000  0.000000 -0.000000  1.694596  0.626061
  0.626061  1.012622  0.158924
m_pennanti -0.000000 -0.000000 -0.000000  0.000000  1.694596  0.626061
  0.626061  1.012622  0.158924
s_putorius  1.694596  1.694596  1.694596  1.694596  0.000000  1.694596
  1.694596 -1.000000 -1.000000
c_lupus     0.626061  0.626061  0.626061  0.626061  1.694596  0.000000
 -0.000000  0.158924  1.012622
c_latrans   0.626061  0.626061  0.626061  0.626061  1.694596 -0.000000
  0.000000  0.158924  1.012622
p_lotor     1.012622  1.012622  1.012622  1.012622 -1.000000  0.158924
  0.158924  0.000000  1.012622
l_rufus     0.158924  0.158924  0.158924  0.158924 -1.000000  1.012622
  1.012622  1.012622  0.000000
    9
u_american  0.000000 -0.000000 -0.000000 -0.000000  0.359595 -0.000000
 -0.000000  0.158924  0.158924
u_arctos   -0.000000  0.000000 -0.000000 -0.000000  0.359595 -0.000000
 -0.000000  0.158924  0.158924
g_gulo     -0.000000 -0.000000  0.000000 -0.000000  0.359595 -0.000000
 -0.000000  0.158924  0.158924
m_pennanti -0.000000 -0.000000 -0.000000  0.000000  0.359595 -0.000000
 -0.000000  0.158924  0.158924
s_putorius  0.359595  0.359595  0.359595  0.359595  0.000000  0.359595
  0.359595  0.626061  0.626061
c_lupus    -0.000000 -0.000000 -0.000000 -0.000000  0.359595  0.000000
 -0.000000  0.158924  0.158924
c_latrans  -0.000000 -0.000000 -0.000000 -0.000000  0.359595 -0.000000
  0.000000  0.158924  0.158924
p_lotor     0.158924  0.158924  0.158924  0.158924  0.626061  0.158924
  0.158924  0.000000  0.158924
l_rufus     0.158924  0.158924  0.158924  0.158924  0.626061  0.158924
  0.158924  0.158924  0.000000
    9
u_american  0.000000 -0.000000 -0.000000 -0.000000  0.626061 -0.000000
 -0.000000  0.158924  0.158924
u_arctos   -0.000000  0.000000 -0.000000 -0.000000  0.626061 -0.000000
 -0.000000  0.158924  0.158924
g_gulo     -0.000000 -0.000000  0.000000 -0.000000  0.626061 -0.000000
 -0.000000  0.158924  0.158924
m_pennanti -0.000000 -0.000000 -0.000000  0.000000  0.626061 -0.000000
 -0.000000  0.158924  0.158924
s_putorius  0.626061  0.626061  0.626061  0.626061  0.000000  0.626061
  0.626061  1.012622  1.012622
c_lupus    -0.000000 -0.000000 -0.000000 -0.000000  0.626061  0.000000
 -0.000000  0.158924  0.158924
c_latrans  -0.000000 -0.000000 -0.000000 -0.000000  0.626061 -0.000000
  0.000000  0.158924  0.158924
p_lotor     0.158924  0.158924  0.158924  0.158924  1.012622  0.158924
  0.158924  0.000000  0.158924
l_rufus     0.158924  0.158924  0.158924  0.158924  1.012622  0.158924
  0.158924  0.158924  0.000000
    9
u_american  0.000000 -0.000000 -0.000000 -0.000000  0.626061  0.158924
  0.158924  0.359595  0.158924
u_arctos   -0.000000  0.000000 -0.000000 -0.000000  0.626061  0.158924
  0.158924  0.359595  0.158924
g_gulo     -0.000000 -0.000000  0.000000 -0.000000  0.626061  0.158924
  0.158924  0.359595  0.158924
m_pennanti -0.000000 -0.000000 -0.000000  0.000000  0.626061  0.158924
  0.158924  0.359595  0.158924
s_putorius  0.626061  0.626061  0.626061  0.626061  0.000000  0.626061
  0.626061  1.012622  1.012622
c_lupus     0.158924  0.158924  0.158924  0.158924  0.626061  0.000000
 -0.000000  0.158924  0.359595
c_latrans   0.158924  0.158924  0.158924  0.158924  0.626061 -0.000000
  0.000000  0.158924  0.359595
p_lotor     0.359595  0.359595  0.359595  0.359595  1.012622  0.158924
  0.158924  0.000000  0.359595
l_rufus     0.158924  0.158924  0.158924  0.158924  1.012622  0.359595
  0.359595  0.359595  0.000000
    9
u_american  0.000000 -0.000000 -0.000000 -0.000000  1.694596  0.626061
  0.626061  0.626061 -0.000000
u_arctos   -0.000000  0.000000 -0.000000 -0.000000  1.694596  0.626061
  0.626061  0.626061 -0.000000
g_gulo     -0.000000 -0.000000  0.000000 -0.000000  1.694596  0.626061
  0.626061  0.626061 -0.000000
m_pennanti -0.000000 -0.000000 -0.000000  0.000000  1.694596  0.626061
  0.626061  0.626061 -0.000000
s_putorius  1.694596  1.694596  1.694596  1.694596  0.000000  1.694596
  1.694596  1.694596  1.694596
c_lupus     0.626061  0.626061  0.626061  0.626061  1.694596  0.000000
 -0.000000 -0.000000  0.626061
c_latrans   0.626061  0.626061  0.626061  0.626061  1.694596 -0.000000
  0.000000 -0.000000  0.626061
p_lotor     0.626061  0.626061  0.626061  0.626061  1.694596 -0.000000
 -0.000000  0.000000  0.626061
l_rufus    -0.000000 -0.000000 -0.000000 -0.000000  1.694596  0.626061
  0.626061  0.626061  0.000000
    9
u_american  0.000000 -0.000000 -0.000000 -0.000000  1.694596  0.158924
  0.158924  0.626061  0.359595
u_arctos   -0.000000  0.000000 -0.000000 -0.000000  1.694596  0.158924
  0.158924  0.626061  0.359595
g_gulo     -0.000000 -0.000000  0.000000 -0.000000  1.694596  0.158924
  0.158924  0.626061  0.359595
m_pennanti -0.000000 -0.000000 -0.000000  0.000000  1.694596  0.158924
  0.158924  0.626061  0.359595
s_putorius  1.694596  1.694596  1.694596  1.694596  0.000000  1.694596
  1.694596 -1.000000 -1.000000
c_lupus     0.158924  0.158924  0.158924  0.158924  1.694596  0.000000
 -0.000000  0.359595  0.626061
c_latrans   0.158924  0.158924  0.158924  0.158924  1.694596 -0.000000
  0.000000  0.359595  0.626061
p_lotor     0.626061  0.626061  0.626061  0.626061 -1.000000  0.359595
  0.359595  0.000000  0.626061
l_rufus     0.359595  0.359595  0.359595  0.359595 -1.000000  0.626061
  0.626061  0.626061  0.000000
    9
u_american  0.000000 -0.000000 -0.000000 -0.000000  0.359595  0.158924
  0.158924  0.626061  0.359595
u_arctos   -0.000000  0.000000 -0.000000 -0.000000  0.359595  0.158924
  0.158924  0.626061  0.359595
g_gulo     -0.000000 -0.000000  0.000000 -0.000000  0.359595  0.158924
  0.158924  0.626061  0.359595
m_pennanti -0.000000 -0.000000 -0.000000  0.000000  0.359595  0.158924
  0.158924  0.626061  0.359595
s_putorius  0.359595  0.359595  0.359595  0.359595  0.000000  0.359595
  0.359595  1.012622  1.012622
c_lupus     0.158924  0.158924  0.158924  0.158924  0.359595  0.000000
 -0.000000  0.359595  0.626061
c_latrans   0.158924  0.158924  0.158924  0.158924  0.359595 -0.000000
  0.000000  0.359595  0.626061
p_lotor     0.626061  0.626061  0.626061  0.626061  1.012622  0.359595
  0.359595  0.000000  0.626061
l_rufus     0.359595  0.359595  0.359595  0.359595  1.012622  0.626061
  0.626061  0.626061  0.000000
    9
u_american  0.000000 -0.000000 -0.000000 -0.000000  0.359595 -0.000000
 -0.000000 -0.000000 -0.000000
u_arctos   -0.000000  0.000000 -0.000000 -0.000000  0.359595 -0.000000
 -0.000000 -0.000000 -0.000000
g_gulo     -0.000000 -0.000000  0.000000 -0.000000  0.359595 -0.000000
 -0.000000 -0.000000 -0.000000
m_pennanti -0.000000 -0.000000 -0.000000  0.000000  0.359595 -0.000000
 -0.000000 -0.000000 -0.000000
s_putorius  0.359595  0.359595  0.359595  0.359595  0.000000  0.359595
  0.359595  0.359595  0.359595
c_lupus    -0.000000 -0.000000 -0.000000 -0.000000  0.359595  0.000000
 -0.000000 -0.000000 -0.000000
c_latrans  -0.000000 -0.000000 -0.000000 -0.000000  0.359595 -0.000000
  0.000000 -0.000000 -0.000000
p_lotor    -0.000000 -0.000000 -0.000000 -0.000000  0.359595 -0.000000
 -0.000000  0.000000 -0.000000
l_rufus    -0.000000 -0.000000 -0.000000 -0.000000  0.359595 -0.000000
 -0.000000 -0.000000  0.000000
    9
u_american  0.000000 -0.000000 -0.000000 -0.000000  0.158924 -0.000000
 -0.000000  0.359595  0.359595
u_arctos   -0.000000  0.000000 -0.000000 -0.000000  0.158924 -0.000000
 -0.000000  0.359595  0.359595
g_gulo     -0.000000 -0.000000  0.000000 -0.000000  0.158924 -0.000000
 -0.000000  0.359595  0.359595
m_pennanti -0.000000 -0.000000 -0.000000  0.000000  0.158924 -0.000000
 -0.000000  0.359595  0.359595
s_putorius  0.158924  0.158924  0.158924  0.158924  0.000000  0.158924
  0.158924  0.626061  0.626061
c_lupus    -0.000000 -0.000000 -0.000000 -0.000000  0.158924  0.000000
 -0.000000  0.359595  0.359595
c_latrans  -0.000000 -0.000000 -0.000000 -0.000000  0.158924 -0.000000
  0.000000  0.359595  0.359595
p_lotor     0.359595  0.359595  0.359595  0.359595  0.626061  0.359595
  0.359595  0.000000  0.359595
l_rufus     0.359595  0.359595  0.359595  0.359595  0.626061  0.359595
  0.359595  0.359595  0.000000
    9
u_american  0.000000 -0.000000 -0.000000 -0.000000  0.359595  0.158924
  0.158924  0.359595  0.158924
u_arctos   -0.000000  0.000000 -0.000000 -0.000000  0.359595  0.158924
  0.158924  0.359595  0.158924
g_gulo     -0.000000 -0.000000  0.000000 -0.000000  0.359595  0.158924
  0.158924  0.359595  0.158924
m_pennanti -0.000000 -0.000000 -0.000000  0.000000  0.359595  0.158924
  0.158924  0.359595  0.158924
s_putorius  0.359595  0.359595  0.359595  0.359595  0.000000  0.359595
  0.359595  0.626061  0.626061
c_lupus     0.158924  0.158924  0.158924  0.158924  0.359595  0.000000
 -0.000000  0.158924  0.359595
c_latrans   0.158924  0.158924  0.158924  0.158924  0.359595 -0.000000
  0.000000  0.158924  0.359595
p_lotor     0.359595  0.359595  0.359595  0.359595  0.626061  0.158924
  0.158924  0.000000  0.359595
l_rufus     0.158924  0.158924  0.158924  0.158924  0.626061  0.359595
  0.359595  0.359595  0.000000
    9
u_american  0.000000 -0.000000 -0.000000 -0.000000  1.012622 -0.000000
 -0.000000  0.158924  0.158924
u_arctos   -0.000000  0.000000 -0.000000 -0.000000  1.012622 -0.000000
 -0.000000  0.158924  0.158924
g_gulo     -0.000000 -0.000000  0.000000 -0.000000  1.012622 -0.000000
 -0.000000  0.158924  0.158924
m_pennanti -0.000000 -0.000000 -0.000000  0.000000  1.012622 -0.000000
 -0.000000  0.158924  0.158924
s_putorius  1.012622  1.012622  1.012622  1.012622  0.000000  1.012622
  1.012622  1.694596  1.694596
c_lupus    -0.000000 -0.000000 -0.000000 -0.000000  1.012622  0.000000
 -0.000000  0.158924  0.158924
c_latrans  -0.000000 -0.000000 -0.000000 -0.000000  1.012622 -0.000000
  0.000000  0.158924  0.158924
p_lotor     0.158924  0.158924  0.158924  0.158924  1.694596  0.158924
  0.158924  0.000000  0.158924
l_rufus     0.158924  0.158924  0.158924  0.158924  1.694596  0.158924
  0.158924  0.158924  0.000000
    9
u_american  0.000000 -0.000000 -0.000000 -0.000000  0.359595  0.158924
  0.158924  0.158924 -0.000000
u_arctos   -0.000000  0.000000 -0.000000 -0.000000  0.359595  0.158924
  0.158924  0.158924 -0.000000
g_gulo     -0.000000 -0.000000  0.000000 -0.000000  0.359595  0.158924
  0.158924  0.158924 -0.000000
m_pennanti -0.000000 -0.000000 -0.000000  0.000000  0.359595  0.158924
  0.158924  0.158924 -0.000000
s_putorius  0.359595  0.359595  0.359595  0.359595  0.000000  0.359595
  0.359595  0.359595  0.359595
c_lupus     0.158924  0.158924  0.158924  0.158924  0.359595  0.000000
 -0.000000 -0.000000  0.158924
c_latrans   0.158924  0.158924  0.158924  0.158924  0.359595 -0.000000
  0.000000 -0.000000  0.158924
p_lotor     0.158924  0.158924  0.158924  0.158924  0.359595 -0.000000
 -0.000000  0.000000  0.158924
l_rufus    -0.000000 -0.000000 -0.000000 -0.000000  0.359595  0.158924
  0.158924  0.158924  0.000000
    9
u_american  0.000000 -0.000000 -0.000000 -0.000000  1.012622  0.158924
  0.158924  0.626061  0.359595
u_arctos   -0.000000  0.000000 -0.000000 -0.000000  1.012622  0.158924
  0.158924  0.626061  0.359595
g_gulo     -0.000000 -0.000000  0.000000 -0.000000  1.012622  0.158924
  0.158924  0.626061  0.359595
m_pennanti -0.000000 -0.000000 -0.000000  0.000000  1.012622  0.158924
  0.158924  0.626061  0.359595
s_putorius  1.012622  1.012622  1.012622  1.012622  0.000000  1.012622
  1.012622 -1.000000 -1.000000
c_lupus     0.158924  0.158924  0.158924  0.158924  1.012622  0.000000
 -0.000000  0.359595  0.626061
c_latrans   0.158924  0.158924  0.158924  0.158924  1.012622 -0.000000
  0.000000  0.359595  0.626061
p_lotor     0.626061  0.626061  0.626061  0.626061 -1.000000  0.359595
  0.359595  0.000000  0.626061
l_rufus     0.359595  0.359595  0.359595  0.359595 -1.000000  0.626061
  0.626061  0.626061  0.000000
    9
u_american  0.000000 -0.000000 -0.000000 -0.000000  0.626061 -0.000000
 -0.000000 -0.000000 -0.000000
u_arctos   -0.000000  0.000000 -0.000000 -0.000000  0.626061 -0.000000
 -0.000000 -0.000000 -0.000000
g_gulo     -0.000000 -0.000000  0.000000 -0.000000  0.626061 -0.000000
 -0.000000 -0.000000 -0.000000
m_pennanti -0.000000 -0.000000 -0.000000  0.000000  0.626061 -0.000000
 -0.000000 -0.000000 -0.000000
s_putorius  0.626061  0.626061  0.626061  0.626061  0.000000  0.626061
  0.626061  0.626061  0.626061
c_lupus    -0.000000 -0.000000 -0.000000 -0.000000  0.626061  0.000000
 -0.000000 -0.000000 -0.000000
c_latrans  -0.000000 -0.000000 -0.000000 -0.000000  0.626061 -0.000000
  0.000000 -0.000000 -0.000000
p_lotor    -0.000000 -0.000000 -0.000000 -0.000000  0.626061 -0.000000
 -0.000000  0.000000 -0.000000
l_rufus    -0.000000 -0.000000 -0.000000 -0.000000  0.626061 -0.000000
 -0.000000 -0.000000  0.000000
    9
u_american  0.000000 -0.000000 -0.000000 -0.000000  1.694596  0.626061
  0.626061  1.012622  0.158924
u_arctos   -0.000000  0.000000 -0.000000 -0.000000  1.694596  0.626061
  0.626061  1.012622  0.158924
g_gulo     -0.000000 -0.000000  0.000000 -0.000000  1.694596  0.626061
  0.626061  1.012622  0.158924
m_pennanti -0.000000 -0.000000 -0.000000  0.000000  1.694596  0.626061
  0.626061  1.012622  0.158924
s_putorius  1.694596  1.694596  1.694596  1.694596  0.000000  1.694596
  1.694596 -1.000000 -1.000000
c_lupus     0.626061  0.626061  0.626061  0.626061  1.694596  0.000000
 -0.000000  0.158924  1.012622
c_latrans   0.626061  0.626061  0.626061  0.626061  1.694596 -0.000000
  0.000000  0.158924  1.012622
p_lotor     1.012622  1.012622  1.012622  1.012622 -1.000000  0.158924
  0.158924  0.000000  1.012622
l_rufus     0.158924  0.158924  0.158924  0.158924 -1.000000  1.012622
  1.012622  1.012622  0.000000
    9
u_american  0.000000 -0.000000 -0.000000 -0.000000  0.158924  0.158924
  0.158924  0.359595  0.158924
u_arctos   -0.000000  0.000000 -0.000000 -0.000000  0.158924  0.158924
  0.158924  0.359595  0.158924
g_gulo     -0.000000 -0.000000  0.000000 -0.000000  0.158924  0.158924
  0.158924  0.359595  0.158924
m_pennanti -0.000000 -0.000000 -0.000000  0.000000  0.158924  0.158924
  0.158924  0.359595  0.158924
s_putorius  0.158924  0.158924  0.158924  0.158924  0.000000  0.158924
  0.158924  0.359595  0.359595
c_lupus     0.158924  0.158924  0.158924  0.158924  0.158924  0.000000
 -0.000000  0.158924  0.359595
c_latrans   0.158924  0.158924  0.158924  0.158924  0.158924 -0.000000
  0.000000  0.158924  0.359595
p_lotor     0.359595  0.359595  0.359595  0.359595  0.359595  0.158924
  0.158924  0.000000  0.359595
l_rufus     0.158924  0.158924  0.158924  0.158924  0.359595  0.359595
  0.359595  0.359595  0.000000
    9
u_american  0.000000 -0.000000 -0.000000 -0.000000  0.626061  0.158924
  0.158924  0.359595  0.158924
u_arctos   -0.000000  0.000000 -0.000000 -0.000000  0.626061  0.158924
  0.158924  0.359595  0.158924
g_gulo     -0.000000 -0.000000  0.000000 -0.000000  0.626061  0.158924
  0.158924  0.359595  0.158924
m_pennanti -0.000000 -0.000000 -0.000000  0.000000  0.626061  0.158924
  0.158924  0.359595  0.158924
s_putorius  0.626061  0.626061  0.626061  0.626061  0.000000  0.626061
  0.626061  1.012622  1.012622
c_lupus     0.158924  0.158924  0.158924  0.158924  0.626061  0.000000
 -0.000000  0.158924  0.359595
c_latrans   0.158924  0.158924  0.158924  0.158924  0.626061 -0.000000
  0.000000  0.158924  0.359595
p_lotor     0.359595  0.359595  0.359595  0.359595  1.012622  0.158924
  0.158924  0.000000  0.359595
l_rufus     0.158924  0.158924  0.158924  0.158924  1.012622  0.359595
  0.359595  0.359595  0.000000
    9
u_american  0.000000 -0.000000 -0.000000 -0.000000  1.012622  0.158924
  0.158924  0.626061  0.359595
u_arctos   -0.000000  0.000000 -0.000000 -0.000000  1.012622  0.158924
  0.158924  0.626061  0.359595
g_gulo     -0.000000 -0.000000  0.000000 -0.000000  1.012622  0.158924
  0.158924  0.626061  0.359595
m_pennanti -0.000000 -0.000000 -0.000000  0.000000  1.012622  0.158924
  0.158924  0.626061  0.359595
s_putorius  1.012622  1.012622  1.012622  1.012622  0.000000  1.012622
  1.012622 -1.000000 -1.000000
c_lupus     0.158924  0.158924  0.158924  0.158924  1.012622  0.000000
 -0.000000  0.359595  0.626061
c_latrans   0.158924  0.158924  0.158924  0.158924  1.012622 -0.000000
  0.000000  0.359595  0.626061
p_lotor     0.626061  0.626061  0.626061  0.626061 -1.000000  0.359595
  0.359595  0.000000  0.626061
l_rufus     0.359595  0.359595  0.359595  0.359595 -1.000000  0.626061
  0.626061  0.626061  0.000000
    9
u_american  0.000000 -0.000000 -0.000000 -0.000000  1.694596  0.359595
  0.359595  0.359595 -0.000000
u_arctos   -0.000000  0.000000 -0.000000 -0.000000  1.694596  0.359595
  0.359595  0.359595 -0.000000
g_gulo     -0.000000 -0.000000  0.000000 -0.000000  1.694596  0.359595
  0.359595  0.359595 -0.000000
m_pennanti -0.000000 -0.000000 -0.000000  0.000000  1.694596  0.359595
  0.359595  0.359595 -0.000000
s_putorius  1.694596  1.694596  1.694596  1.694596  0.000000  1.694596
  1.694596  1.694596  1.694596
c_lupus     0.359595  0.359595  0.359595  0.359595  1.694596  0.000000
 -0.000000 -0.000000  0.359595
c_latrans   0.359595  0.359595  0.359595  0.359595  1.694596 -0.000000
  0.000000 -0.000000  0.359595
p_lotor     0.359595  0.359595  0.359595  0.359595  1.694596 -0.000000
 -0.000000  0.000000  0.359595
l_rufus    -0.000000 -0.000000 -0.000000 -0.000000  1.694596  0.359595
  0.359595  0.359595  0.000000
    9
u_american  0.000000 -0.000000 -0.000000 -0.000000  0.626061  0.158924
  0.158924  0.626061  0.359595
u_arctos   -0.000000  0.000000 -0.000000 -0.000000  0.626061  0.158924
  0.158924  0.626061  0.359595
g_gulo     -0.000000 -0.000000  0.000000 -0.000000  0.626061  0.158924
  0.158924  0.626061  0.359595
m_pennanti -0.000000 -0.000000 -0.000000  0.000000  0.626061  0.158924
  0.158924  0.626061  0.359595
s_putorius  0.626061  0.626061  0.626061  0.626061  0.000000  0.626061
  0.626061  1.694596  1.694596
c_lupus     0.158924  0.158924  0.158924  0.158924  0.626061  0.000000
 -0.000000  0.359595  0.626061
c_latrans   0.158924  0.158924  0.158924  0.158924  0.626061 -0.000000
  0.000000  0.359595  0.626061
p_lotor     0.626061  0.626061  0.626061  0.626061  1.694596  0.359595
  0.359595  0.000000  0.626061
l_rufus     0.359595  0.359595  0.359595  0.359595  1.694596  0.626061
  0.626061  0.626061  0.000000
    9
u_american  0.000000 -0.000000 -0.000000 -0.000000  0.626061 -0.000000
 -0.000000 -0.000000 -0.000000
u_arctos   -0.000000  0.000000 -0.000000 -0.000000  0.626061 -0.000000
 -0.000000 -0.000000 -0.000000
g_gulo     -0.000000 -0.000000  0.000000 -0.000000  0.626061 -0.000000
 -0.000000 -0.000000 -0.000000
m_pennanti -0.000000 -0.000000 -0.000000  0.000000  0.626061 -0.000000
 -0.000000 -0.000000 -0.000000
s_putorius  0.626061  0.626061  0.626061  0.626061  0.000000  0.626061
  0.626061  0.626061  0.626061
c_lupus    -0.000000 -0.000000 -0.000000 -0.000000  0.626061  0.000000
 -0.000000 -0.000000 -0.000000
c_latrans  -0.000000 -0.000000 -0.000000 -0.000000  0.626061 -0.000000
  0.000000 -0.000000 -0.000000
p_lotor    -0.000000 -0.000000 -0.000000 -0.000000  0.626061 -0.000000
 -0.000000  0.000000 -0.000000
l_rufus    -0.000000 -0.000000 -0.000000 -0.000000  0.626061 -0.000000
 -0.000000 -0.000000  0.000000
    9
u_american  0.000000 -0.000000 -0.000000 -0.000000  0.359595 -0.000000
 -0.000000  0.158924  0.158924
u_arctos   -0.000000  0.000000 -0.000000 -0.000000  0.359595 -0.000000
 -0.000000  0.158924  0.158924
g_gulo     -0.000000 -0.000000  0.000000 -0.000000  0.359595 -0.000000
 -0.000000  0.158924  0.158924
m_pennanti -0.000000 -0.000000 -0.000000  0.000000  0.359595 -0.000000
 -0.000000  0.158924  0.158924
s_putorius  0.359595  0.359595  0.359595  0.359595  0.000000  0.359595
  0.359595  0.626061  0.626061
c_lupus    -0.000000 -0.000000 -0.000000 -0.000000  0.359595  0.000000
 -0.000000  0.158924  0.158924
c_latrans  -0.000000 -0.000000 -0.000000 -0.000000  0.359595 -0.000000
  0.000000  0.158924  0.158924
p_lotor     0.158924  0.158924  0.158924  0.158924  0.626061  0.158924
  0.158924  0.000000  0.158924
l_rufus     0.158924  0.158924  0.158924  0.158924  0.626061  0.158924
  0.158924  0.158924  0.000000
    9
u_american  0.000000 -0.000000 -0.000000 -0.000000  0.359595 -0.000000
 -0.000000  0.359595  0.359595
u_arctos   -0.000000  0.000000 -0.000000 -0.000000  0.359595 -0.000000
 -0.000000  0.359595  0.359595
g_gulo     -0.000000 -0.000000  0.000000 -0.000000  0.359595 -0.000000
 -0.000000  0.359595  0.359595
m_pennanti -0.000000 -0.000000 -0.000000  0.000000  0.359595 -0.000000
 -0.000000  0.359595  0.359595
s_putorius  0.359595  0.359595  0.359595  0.359595  0.000000  0.359595
  0.359595  1.012622  1.012622
c_lupus    -0.000000 -0.000000 -0.000000 -0.000000  0.359595  0.000000
 -0.000000  0.359595  0.359595
c_latrans  -0.000000 -0.000000 -0.000000 -0.000000  0.359595 -0.000000
  0.000000  0.359595  0.359595
p_lotor     0.359595  0.359595  0.359595  0.359595  1.012622  0.359595
  0.359595  0.000000  0.359595
l_rufus     0.359595  0.359595  0.359595  0.359595  1.012622  0.359595
  0.359595  0.359595  0.000000
    9
u_american  0.000000 -0.000000 -0.000000 -0.000000  1.012622  0.158924
  0.158924  0.158924 -0.000000
u_arctos   -0.000000  0.000000 -0.000000 -0.000000  1.012622  0.158924
  0.158924  0.158924 -0.000000
g_gulo     -0.000000 -0.000000  0.000000 -0.000000  1.012622  0.158924
  0.158924  0.158924 -0.000000
m_pennanti -0.000000 -0.000000 -0.000000  0.000000  1.012622  0.158924
  0.158924  0.158924 -0.000000
s_putorius  1.012622  1.012622  1.012622  1.012622  0.000000  1.012622
  1.012622  1.012622  1.012622
c_lupus     0.158924  0.158924  0.158924  0.158924  1.012622  0.000000
 -0.000000 -0.000000  0.158924
c_latrans   0.158924  0.158924  0.158924  0.158924  1.012622 -0.000000
  0.000000 -0.000000  0.158924
p_lotor     0.158924  0.158924  0.158924  0.158924  1.012622 -0.000000
 -0.000000  0.000000  0.158924
l_rufus    -0.000000 -0.000000 -0.000000 -0.000000  1.012622  0.158924
  0.158924  0.158924  0.000000
    9
u_american  0.000000 -0.000000 -0.000000 -0.000000  0.359595 -0.000000
 -0.000000 -0.000000 -0.000000
u_arctos   -0.000000  0.000000 -0.000000 -0.000000  0.359595 -0.000000
 -0.000000 -0.000000 -0.000000
g_gulo     -0.000000 -0.000000  0.000000 -0.000000  0.359595 -0.000000
 -0.000000 -0.000000 -0.000000
m_pennanti -0.000000 -0.000000 -0.000000  0.000000  0.359595 -0.000000
 -0.000000 -0.000000 -0.000000
s_putorius  0.359595  0.359595  0.359595  0.359595  0.000000  0.359595
  0.359595  0.359595  0.359595
c_lupus    -0.000000 -0.000000 -0.000000 -0.000000  0.359595  0.000000
 -0.000000 -0.000000 -0.000000
c_latrans  -0.000000 -0.000000 -0.000000 -0.000000  0.359595 -0.000000
  0.000000 -0.000000 -0.000000
p_lotor    -0.000000 -0.000000 -0.000000 -0.000000  0.359595 -0.000000
 -0.000000  0.000000 -0.000000
l_rufus    -0.000000 -0.000000 -0.000000 -0.000000  0.359595 -0.000000
 -0.000000 -0.000000  0.000000
    9
u_american  0.000000 -0.000000 -0.000000 -0.000000  0.626061  0.158924
  0.158924  0.359595  0.158924
u_arctos   -0.000000  0.000000 -0.000000 -0.000000  0.626061  0.158924
  0.158924  0.359595  0.158924
g_gulo     -0.000000 -0.000000  0.000000 -0.000000  0.626061  0.158924
  0.158924  0.359595  0.158924
m_pennanti -0.000000 -0.000000 -0.000000  0.000000  0.626061  0.158924
  0.158924  0.359595  0.158924
s_putorius  0.626061  0.626061  0.626061  0.626061  0.000000  0.626061
  0.626061  1.012622  1.012622
c_lupus     0.158924  0.158924  0.158924  0.158924  0.626061  0.000000
 -0.000000  0.158924  0.359595
c_latrans   0.158924  0.158924  0.158924  0.158924  0.626061 -0.000000
  0.000000  0.158924  0.359595
p_lotor     0.359595  0.359595  0.359595  0.359595  1.012622  0.158924
  0.158924  0.000000  0.359595
l_rufus     0.158924  0.158924  0.158924  0.158924  1.012622  0.359595
  0.359595  0.359595  0.000000
    9
u_american  0.000000 -0.000000 -0.000000 -0.000000 -0.000000 -0.000000
 -0.000000  0.359595  0.359595
u_arctos   -0.000000  0.000000 -0.000000 -0.000000 -0.000000 -0.000000
 -0.000000  0.359595  0.359595
g_gulo     -0.000000 -0.000000  0.000000 -0.000000 -0.000000 -0.000000
 -0.000000  0.359595  0.359595
m_pennanti -0.000000 -0.000000 -0.000000  0.000000 -0.000000 -0.000000
 -0.000000  0.359595  0.359595
s_putorius -0.000000 -0.000000 -0.000000 -0.000000  0.000000 -0.000000
 -0.000000  0.359595  0.359595
c_lupus    -0.000000 -0.000000 -0.000000 -0.000000 -0.000000  0.000000
 -0.000000  0.359595  0.359595
c_latrans  -0.000000 -0.000000 -0.000000 -0.000000 -0.000000 -0.000000
  0.000000  0.359595  0.359595
p_lotor     0.359595  0.359595  0.359595  0.359595  0.359595  0.359595
  0.359595  0.000000  0.359595
l_rufus     0.359595  0.359595  0.359595  0.359595  0.359595  0.359595
  0.359595  0.359595  0.000000
    9
u_american  0.000000 -0.000000 -0.000000 -0.000000  0.359595 -0.000000
 -0.000000  0.359595  0.359595
u_arctos   -0.000000  0.000000 -0.000000 -0.000000  0.359595 -0.000000
 -0.000000  0.359595  0.359595
g_gulo     -0.000000 -0.000000  0.000000 -0.000000  0.359595 -0.000000
 -0.000000  0.359595  0.359595
m_pennanti -0.000000 -0.000000 -0.000000  0.000000  0.359595 -0.000000
 -0.000000  0.359595  0.359595
s_putorius  0.359595  0.359595  0.359595  0.359595  0.000000  0.359595
  0.359595  1.012622  1.012622
c_lupus    -0.000000 -0.000000 -0.000000 -0.000000  0.359595  0.000000
 -0.000000  0.359595  0.359595
c_latrans  -0.000000 -0.000000 -0.000000 -0.000000  0.359595 -0.000000
  0.000000  0.359595  0.359595
p_lotor     0.359595  0.359595  0.359595  0.359595  1.012622  0.359595
  0.359595  0.000000  0.359595
l_rufus     0.359595  0.359595  0.359595  0.359595  1.012622  0.359595
  0.359595  0.359595  0.000000
    9
u_american  0.000000 -0.000000 -0.000000 -0.000000  1.012622 -0.000000
 -0.000000  0.158924  0.158924
u_arctos   -0.000000  0.000000 -0.000000 -0.000000  1.012622 -0.000000
 -0.000000  0.158924  0.158924
g_gulo     -0.000000 -0.000000  0.000000 -0.000000  1.012622 -0.000000
 -0.000000  0.158924  0.158924
m_pennanti -0.000000 -0.000000 -0.000000  0.000000  1.012622 -0.000000
 -0.000000  0.158924  0.158924
s_putorius  1.012622  1.012622  1.012622  1.012622  0.000000  1.012622
  1.012622  1.694596  1.694596
c_lupus    -0.000000 -0.000000 -0.000000 -0.000000  1.012622  0.000000
 -0.000000  0.158924  0.158924
c_latrans  -0.000000 -0.000000 -0.000000 -0.000000  1.012622 -0.000000
  0.000000  0.158924  0.158924
p_lotor     0.158924  0.158924  0.158924  0.158924  1.694596  0.158924
  0.158924  0.000000  0.158924
l_rufus     0.158924  0.158924  0.158924  0.158924  1.694596  0.158924
  0.158924  0.158924  0.000000
    9
u_american  0.000000 -0.000000 -0.000000 -0.000000  0.626061  0.158924
  0.158924  0.158924 -0.000000
u_arctos   -0.000000  0.000000 -0.000000 -0.000000  0.626061  0.158924
  0.158924  0.158924 -0.000000
g_gulo     -0.000000 -0.000000  0.000000 -0.000000  0.626061  0.158924
  0.158924  0.158924 -0.000000
m_pennanti -0.000000 -0.000000 -0.000000  0.000000  0.626061  0.158924
  0.158924  0.158924 -0.000000
s_putorius  0.626061  0.626061  0.626061  0.626061  0.000000  0.626061
  0.626061  0.626061  0.626061
c_lupus     0.158924  0.158924  0.158924  0.158924  0.626061  0.000000
 -0.000000 -0.000000  0.158924
c_latrans   0.158924  0.158924  0.158924  0.158924  0.626061 -0.000000
  0.000000 -0.000000  0.158924
p_lotor     0.158924  0.158924  0.158924  0.158924  0.626061 -0.000000
 -0.000000  0.000000  0.158924
l_rufus    -0.000000 -0.000000 -0.000000 -0.000000  0.626061  0.158924
  0.158924  0.158924  0.000000
    9
u_american  0.000000 -0.000000 -0.000000 -0.000000  0.158924 -0.000000
 -0.000000  0.158924  0.158924
u_arctos   -0.000000  0.000000 -0.000000 -0.000000  0.158924 -0.000000
 -0.000000  0.158924  0.158924
g_gulo     -0.000000 -0.000000  0.000000 -0.000000  0.158924 -0.000000
 -0.000000  0.158924  0.158924
m_pennanti -0.000000 -0.000000 -0.000000  0.000000  0.158924 -0.000000
 -0.000000  0.158924  0.158924
s_putorius  0.158924  0.158924  0.158924  0.158924  0.000000  0.158924
  0.158924  0.359595  0.359595
c_lupus    -0.000000 -0.000000 -0.000000 -0.000000  0.158924  0.000000
 -0.000000  0.158924  0.158924
c_latrans  -0.000000 -0.000000 -0.000000 -0.000000  0.158924 -0.000000
  0.000000  0.158924  0.158924
p_lotor     0.158924  0.158924  0.158924  0.158924  0.359595  0.158924
  0.158924  0.000000  0.158924
l_rufus     0.158924  0.158924  0.158924  0.158924  0.359595  0.158924
  0.158924  0.158924  0.000000
    9
u_american  0.000000 -0.000000 -0.000000 -0.000000  0.359595 -0.000000
 -0.000000 -0.000000 -0.000000
u_arctos   -0.000000  0.000000 -0.000000 -0.000000  0.359595 -0.000000
 -0.000000 -0.000000 -0.000000
g_gulo     -0.000000 -0.000000  0.000000 -0.000000  0.359595 -0.000000
 -0.000000 -0.000000 -0.000000
m_pennanti -0.000000 -0.000000 -0.000000  0.000000  0.359595 -0.000000
 -0.000000 -0.000000 -0.000000
s_putorius  0.359595  0.359595  0.359595  0.359595  0.000000  0.359595
  0.359595  0.359595  0.359595
c_lupus    -0.000000 -0.000000 -0.000000 -0.000000  0.359595  0.000000
 -0.000000 -0.000000 -0.000000
c_latrans  -0.000000 -0.000000 -0.000000 -0.000000  0.359595 -0.000000
  0.000000 -0.000000 -0.000000
p_lotor    -0.000000 -0.000000 -0.000000 -0.000000  0.359595 -0.000000
 -0.000000  0.000000 -0.000000
l_rufus    -0.000000 -0.000000 -0.000000 -0.000000  0.359595 -0.000000
 -0.000000 -0.000000  0.000000
    9
u_american  0.000000 -0.000000 -0.000000 -0.000000  0.158924 -0.000000
 -0.000000  0.359595  0.359595
u_arctos   -0.000000  0.000000 -0.000000 -0.000000  0.158924 -0.000000
 -0.000000  0.359595  0.359595
g_gulo     -0.000000 -0.000000  0.000000 -0.000000  0.158924 -0.000000
 -0.000000  0.359595  0.359595
m_pennanti -0.000000 -0.000000 -0.000000  0.000000  0.158924 -0.000000
 -0.000000  0.359595  0.359595
s_putorius  0.158924  0.158924  0.158924  0.158924  0.000000  0.158924
  0.158924  0.626061  0.626061
c_lupus    -0.000000 -0.000000 -0.000000 -0.000000  0.158924  0.000000
 -0.000000  0.359595  0.359595
c_latrans  -0.000000 -0.000000 -0.000000 -0.000000  0.158924 -0.000000
  0.000000  0.359595  0.359595
p_lotor     0.359595  0.359595  0.359595  0.359595  0.626061  0.359595
  0.359595  0.000000  0.359595
l_rufus     0.359595  0.359595  0.359595  0.359595  0.626061  0.359595
  0.359595  0.359595  0.000000
    9
u_american  0.000000 -0.000000 -0.000000 -0.000000  0.626061  0.359595
  0.359595  0.359595 -0.000000
u_arctos   -0.000000  0.000000 -0.000000 -0.000000  0.626061  0.359595
  0.359595  0.359595 -0.000000
g_gulo     -0.000000 -0.000000  0.000000 -0.000000  0.626061  0.359595
  0.359595  0.359595 -0.000000
m_pennanti -0.000000 -0.000000 -0.000000  0.000000  0.626061  0.359595
  0.359595  0.359595 -0.000000
s_putorius  0.626061  0.626061  0.626061  0.626061  0.000000  0.626061
  0.626061  0.626061  0.626061
c_lupus     0.359595  0.359595  0.359595  0.359595  0.626061  0.000000
 -0.000000 -0.000000  0.359595
c_latrans   0.359595  0.359595  0.359595  0.359595  0.626061 -0.000000
  0.000000 -0.000000  0.359595
p_lotor     0.359595  0.359595  0.359595  0.359595  0.626061 -0.000000
 -0.000000  0.000000  0.359595
l_rufus    -0.000000 -0.000000 -0.000000 -0.000000  0.626061  0.359595
  0.359595  0.359595  0.000000
    9
u_american  0.000000 -0.000000 -0.000000 -0.000000  0.626061  0.158924
  0.158924  0.158924 -0.000000
u_arctos   -0.000000  0.000000 -0.000000 -0.000000  0.626061  0.158924
  0.158924  0.158924 -0.000000
g_gulo     -0.000000 -0.000000  0.000000 -0.000000  0.626061  0.158924
  0.158924  0.158924 -0.000000
m_pennanti -0.000000 -0.000000 -0.000000  0.000000  0.626061  0.158924
  0.158924  0.158924 -0.000000
s_putorius  0.626061  0.626061  0.626061  0.626061  0.000000  0.626061
  0.626061  0.626061  0.626061
c_lupus     0.158924  0.158924  0.158924  0.158924  0.626061  0.000000
 -0.000000 -0.000000  0.158924
c_latrans   0.158924  0.158924  0.158924  0.158924  0.626061 -0.000000
  0.000000 -0.000000  0.158924
p_lotor     0.158924  0.158924  0.158924  0.158924  0.626061 -0.000000
 -0.000000  0.000000  0.158924
l_rufus    -0.000000 -0.000000 -0.000000 -0.000000  0.626061  0.158924
  0.158924  0.158924  0.000000
    9
u_american  0.000000 -0.000000 -0.000000 -0.000000  0.359595  0.158924
  0.158924  0.359595  0.158924
u_arctos   -0.000000  0.000000 -0.000000 -0.000000  0.359595  0.158924
  0.158924  0.359595  0.158924
g_gulo     -0.000000 -0.000000  0.000000 -0.000000  0.359595  0.158924
  0.158924  0.359595  0.158924
m_pennanti -0.000000 -0.000000 -0.000000  0.000000  0.359595  0.158924
  0.158924  0.359595  0.158924
s_putorius  0.359595  0.359595  0.359595  0.359595  0.000000  0.359595
  0.359595  0.626061  0.626061
c_lupus     0.158924  0.158924  0.158924  0.158924  0.359595  0.000000
 -0.000000  0.158924  0.359595
c_latrans   0.158924  0.158924  0.158924  0.158924  0.359595 -0.000000
  0.000000  0.158924  0.359595
p_lotor     0.359595  0.359595  0.359595  0.359595  0.626061  0.158924
  0.158924  0.000000  0.359595
l_rufus     0.158924  0.158924  0.158924  0.158924  0.626061  0.359595
  0.359595  0.359595  0.000000
    9
u_american  0.000000 -0.000000 -0.000000 -0.000000  1.694596  0.359595
  0.359595  0.626061  0.158924
u_arctos   -0.000000  0.000000 -0.000000 -0.000000  1.694596  0.359595
  0.359595  0.626061  0.158924
g_gulo     -0.000000 -0.000000  0.000000 -0.000000  1.694596  0.359595
  0.359595  0.626061  0.158924
m_pennanti -0.000000 -0.000000 -0.000000  0.000000  1.694596  0.359595
  0.359595  0.626061  0.158924
s_putorius  1.694596  1.694596  1.694596  1.694596  0.000000  1.694596
  1.694596 -1.000000 -1.000000
c_lupus     0.359595  0.359595  0.359595  0.359595  1.694596  0.000000
 -0.000000  0.158924  0.626061
c_latrans   0.359595  0.359595  0.359595  0.359595  1.694596 -0.000000
  0.000000  0.158924  0.626061
p_lotor     0.626061  0.626061  0.626061  0.626061 -1.000000  0.158924
  0.158924  0.000000  0.626061
l_rufus     0.158924  0.158924  0.158924  0.158924 -1.000000  0.626061
  0.626061  0.626061  0.000000
    9
u_american  0.000000 -0.000000 -0.000000 -0.000000  1.694596  0.626061
  0.626061  1.012622  0.158924
u_arctos   -0.000000  0.000000 -0.000000 -0.000000  1.694596  0.626061
  0.626061  1.012622  0.158924
g_gulo     -0.000000 -0.000000  0.000000 -0.000000  1.694596  0.626061
  0.626061  1.012622  0.158924
m_pennanti -0.000000 -0.000000 -0.000000  0.000000  1.694596  0.626061
  0.626061  1.012622  0.158924
s_putorius  1.694596  1.694596  1.694596  1.694596  0.000000  1.694596
  1.694596 -1.000000 -1.000000
c_lupus     0.626061  0.626061  0.626061  0.626061  1.694596  0.000000
 -0.000000  0.158924  1.012622
c_latrans   0.626061  0.626061  0.626061  0.626061  1.694596 -0.000000
  0.000000  0.158924  1.012622
p_lotor     1.012622  1.012622  1.012622  1.012622 -1.000000  0.158924
  0.158924  0.000000  1.012622
l_rufus     0.158924  0.158924  0.158924  0.158924 -1.000000  1.012622
  1.012622  1.012622  0.000000
    9
u_american  0.000000 -0.000000 -0.000000 -0.000000  0.359595  0.158924
  0.158924  0.359595  0.158924
u_arctos   -0.000000  0.000000 -0.000000 -0.000000  0.359595  0.158924
  0.158924  0.359595  0.158924
g_gulo     -0.000000 -0.000000  0.000000 -0.000000  0.359595  0.158924
  0.158924  0.359595  0.158924
m_pennanti -0.000000 -0.000000 -0.000000  0.000000  0.359595  0.158924
  0.158924  0.359595  0.158924
s_putorius  0.359595  0.359595  0.359595  0.359595  0.000000  0.359595
  0.359595  0.626061  0.626061
c_lupus     0.158924  0.158924  0.158924  0.158924  0.359595  0.000000
 -0.000000  0.158924  0.359595
c_latrans   0.158924  0.158924  0.158924  0.158924  0.359595 -0.000000
  0.000000  0.158924  0.359595
p_lotor     0.359595  0.359595  0.359595  0.359595  0.626061  0.158924
  0.158924  0.000000  0.359595
l_rufus     0.158924  0.158924  0.158924  0.158924  0.626061  0.359595
  0.359595  0.359595  0.000000
    9
u_american  0.000000 -0.000000 -0.000000 -0.000000  0.158924 -0.000000
 -0.000000 -0.000000 -0.000000
u_arctos   -0.000000  0.000000 -0.000000 -0.000000  0.158924 -0.000000
 -0.000000 -0.000000 -0.000000
g_gulo     -0.000000 -0.000000  0.000000 -0.000000  0.158924 -0.000000
 -0.000000 -0.000000 -0.000000
m_pennanti -0.000000 -0.000000 -0.000000  0.000000  0.158924 -0.000000
 -0.000000 -0.000000 -0.000000
s_putorius  0.158924  0.158924  0.158924  0.158924  0.000000  0.158924
  0.158924  0.158924  0.158924
c_lupus    -0.000000 -0.000000 -0.000000 -0.000000  0.158924  0.000000
 -0.000000 -0.000000 -0.000000
c_latrans  -0.000000 -0.000000 -0.000000 -0.000000  0.158924 -0.000000
  0.000000 -0.000000 -0.000000
p_lotor    -0.000000 -0.000000 -0.000000 -0.000000  0.158924 -0.000000
 -0.000000  0.000000 -0.000000
l_rufus    -0.000000 -0.000000 -0.000000 -0.000000  0.158924 -0.000000
 -0.000000 -0.000000  0.000000
    9
u_american  0.000000 -0.000000 -0.000000 -0.000000  0.626061  0.158924
  0.158924  0.158924 -0.000000
u_arctos   -0.000000  0.000000 -0.000000 -0.000000  0.626061  0.158924
  0.158924  0.158924 -0.000000
g_gulo     -0.000000 -0.000000  0.000000 -0.000000  0.626061  0.158924
  0.158924  0.158924 -0.000000
m_pennanti -0.000000 -0.000000 -0.000000  0.000000  0.626061  0.158924
  0.158924  0.158924 -0.000000
s_putorius  0.626061  0.626061  0.626061  0.626061  0.000000  0.626061
  0.626061  0.626061  0.626061
c_lupus     0.158924  0.158924  0.158924  0.158924  0.626061  0.000000
 -0.000000 -0.000000  0.158924
c_latrans   0.158924  0.158924  0.158924  0.158924  0.626061 -0.000000
  0.000000 -0.000000  0.158924
p_lotor     0.158924  0.158924  0.158924  0.158924  0.626061 -0.000000
 -0.000000  0.000000  0.158924
l_rufus    -0.000000 -0.000000 -0.000000 -0.000000  0.626061  0.158924
  0.158924  0.158924  0.000000
    9
u_american  0.000000 -0.000000 -0.000000 -0.000000 -1.000000  0.626061
  0.626061  1.012622  0.158924
u_arctos   -0.000000  0.000000 -0.000000 -0.000000 -1.000000  0.626061
  0.626061  1.012622  0.158924
g_gulo     -0.000000 -0.000000  0.000000 -0.000000 -1.000000  0.626061
  0.626061  1.012622  0.158924
m_pennanti -0.000000 -0.000000 -0.000000  0.000000 -1.000000  0.626061
  0.626061  1.012622  0.158924
s_putorius -1.000000 -1.000000 -1.000000 -1.000000  0.000000 -1.000000
 -1.000000 -1.000000 -1.000000
c_lupus     0.626061  0.626061  0.626061  0.626061 -1.000000  0.000000
 -0.000000  0.158924  1.012622
c_latrans   0.626061  0.626061  0.626061  0.626061 -1.000000 -0.000000
  0.000000  0.158924  1.012622
p_lotor     1.012622  1.012622  1.012622  1.012622 -1.000000  0.158924
  0.158924  0.000000  1.012622
l_rufus     0.158924  0.158924  0.158924  0.158924 -1.000000  1.012622
  1.012622  1.012622  0.000000
    9
u_american  0.000000 -0.000000 -0.000000 -0.000000  0.359595 -0.000000
 -0.000000 -0.000000 -0.000000
u_arctos   -0.000000  0.000000 -0.000000 -0.000000  0.359595 -0.000000
 -0.000000 -0.000000 -0.000000
g_gulo     -0.000000 -0.000000  0.000000 -0.000000  0.359595 -0.000000
 -0.000000 -0.000000 -0.000000
m_pennanti -0.000000 -0.000000 -0.000000  0.000000  0.359595 -0.000000
 -0.000000 -0.000000 -0.000000
s_putorius  0.359595  0.359595  0.359595  0.359595  0.000000  0.359595
  0.359595  0.359595  0.359595
c_lupus    -0.000000 -0.000000 -0.000000 -0.000000  0.359595  0.000000
 -0.000000 -0.000000 -0.000000
c_latrans  -0.000000 -0.000000 -0.000000 -0.000000  0.359595 -0.000000
  0.000000 -0.000000 -0.000000
p_lotor    -0.000000 -0.000000 -0.000000 -0.000000  0.359595 -0.000000
 -0.000000  0.000000 -0.000000
l_rufus    -0.000000 -0.000000 -0.000000 -0.000000  0.359595 -0.000000
 -0.000000 -0.000000  0.000000
    9
u_american  0.000000 -0.000000 -0.000000 -0.000000  0.359595  0.158924
  0.158924  0.158924 -0.000000
u_arctos   -0.000000  0.000000 -0.000000 -0.000000  0.359595  0.158924
  0.158924  0.158924 -0.000000
g_gulo     -0.000000 -0.000000  0.000000 -0.000000  0.359595  0.158924
  0.158924  0.158924 -0.000000
m_pennanti -0.000000 -0.000000 -0.000000  0.000000  0.359595  0.158924
  0.158924  0.158924 -0.000000
s_putorius  0.359595  0.359595  0.359595  0.359595  0.000000  0.359595
  0.359595  0.359595  0.359595
c_lupus     0.158924  0.158924  0.158924  0.158924  0.359595  0.000000
 -0.000000 -0.000000  0.158924
c_latrans   0.158924  0.158924  0.158924  0.158924  0.359595 -0.000000
  0.000000 -0.000000  0.158924
p_lotor     0.158924  0.158924  0.158924  0.158924  0.359595 -0.000000
 -0.000000  0.000000  0.158924
l_rufus    -0.000000 -0.000000 -0.000000 -0.000000  0.359595  0.158924
  0.158924  0.158924  0.000000
    9
u_american  0.000000 -0.000000 -0.000000 -0.000000  0.359595 -0.000000
 -0.000000  0.359595  0.359595
u_arctos   -0.000000  0.000000 -0.000000 -0.000000  0.359595 -0.000000
 -0.000000  0.359595  0.359595
g_gulo     -0.000000 -0.000000  0.000000 -0.000000  0.359595 -0.000000
 -0.000000  0.359595  0.359595
m_pennanti -0.000000 -0.000000 -0.000000  0.000000  0.359595 -0.000000
 -0.000000  0.359595  0.359595
s_putorius  0.359595  0.359595  0.359595  0.359595  0.000000  0.359595
  0.359595  1.012622  1.012622
c_lupus    -0.000000 -0.000000 -0.000000 -0.000000  0.359595  0.000000
 -0.000000  0.359595  0.359595
c_latrans  -0.000000 -0.000000 -0.000000 -0.000000  0.359595 -0.000000
  0.000000  0.359595  0.359595
p_lotor     0.359595  0.359595  0.359595  0.359595  1.012622  0.359595
  0.359595  0.000000  0.359595
l_rufus     0.359595  0.359595  0.359595  0.359595  1.012622  0.359595
  0.359595  0.359595  0.000000
    9
u_american  0.000000 -0.000000 -0.000000 -0.000000  1.012622  0.158924
  0.158924  0.359595  0.158924
u_arctos   -0.000000  0.000000 -0.000000 -0.000000  1.012622  0.158924
  0.158924  0.359595  0.158924
g_gulo     -0.000000 -0.000000  0.000000 -0.000000  1.012622  0.158924
  0.158924  0.359595  0.158924
m_pennanti -0.000000 -0.000000 -0.000000  0.000000  1.012622  0.158924
  0.158924  0.359595  0.158924
s_putorius  1.012622  1.012622  1.012622  1.012622  0.000000  1.012622
  1.012622  1.694596  1.694596
c_lupus     0.158924  0.158924  0.158924  0.158924  1.012622  0.000000
 -0.000000  0.158924  0.359595
c_latrans   0.158924  0.158924  0.158924  0.158924  1.012622 -0.000000
  0.000000  0.158924  0.359595
p_lotor     0.359595  0.359595  0.359595  0.359595  1.694596  0.158924
  0.158924  0.000000  0.359595
l_rufus     0.158924  0.158924  0.158924  0.158924  1.694596  0.359595
  0.359595  0.359595  0.000000
    9
u_american  0.000000 -0.000000 -0.000000 -0.000000  1.012622  0.158924
  0.158924  0.158924 -0.000000
u_arctos   -0.000000  0.000000 -0.000000 -0.000000  1.012622  0.158924
  0.158924  0.158924 -0.000000
g_gulo     -0.000000 -0.000000  0.000000 -0.000000  1.012622  0.158924
  0.158924  0.158924 -0.000000
m_pennanti -0.000000 -0.000000 -0.000000  0.000000  1.012622  0.158924
  0.158924  0.158924 -0.000000
s_putorius  1.012622  1.012622  1.012622  1.012622  0.000000  1.012622
  1.012622  1.012622  1.012622
c_lupus     0.158924  0.158924  0.158924  0.158924  1.012622  0.000000
 -0.000000 -0.000000  0.158924
c_latrans   0.158924  0.158924  0.158924  0.158924  1.012622 -0.000000
  0.000000 -0.000000  0.158924
p_lotor     0.158924  0.158924  0.158924  0.158924  1.012622 -0.000000
 -0.000000  0.000000  0.158924
l_rufus    -0.000000 -0.000000 -0.000000 -0.000000  1.012622  0.158924
  0.158924  0.158924  0.000000
    9
u_american  0.000000 -0.000000 -0.000000 -0.000000  1.012622  0.158924
  0.158924  0.158924 -0.000000
u_arctos   -0.000000  0.000000 -0.000000 -0.000000  1.012622  0.158924
  0.158924  0.158924 -0.000000
g_gulo     -0.000000 -0.000000  0.000000 -0.000000  1.012622  0.158924
  0.158924  0.158924 -0.000000
m_pennanti -0.000000 -0.000000 -0.000000  0.000000  1.012622  0.158924
  0.158924  0.158924 -0.000000
s_putorius  1.012622  1.012622  1.012622  1.012622  0.000000  1.012622
  1.012622  1.012622  1.012622
c_lupus     0.158924  0.158924  0.158924  0.158924  1.012622  0.000000
 -0.000000 -0.000000  0.158924
c_latrans   0.158924  0.158924  0.158924  0.158924  1.012622 -0.000000
  0.000000 -0.000000  0.158924
p_lotor     0.158924  0.158924  0.158924  0.158924  1.012622 -0.000000
 -0.000000  0.000000  0.158924
l_rufus    -0.000000 -0.000000 -0.000000 -0.000000  1.012622  0.158924
  0.158924  0.158924  0.000000
    9
u_american  0.000000 -0.000000 -0.000000 -0.000000  0.158924 -0.000000
 -0.000000  0.158924  0.158924
u_arctos   -0.000000  0.000000 -0.000000 -0.000000  0.158924 -0.000000
 -0.000000  0.158924  0.158924
g_gulo     -0.000000 -0.000000  0.000000 -0.000000  0.158924 -0.000000
 -0.000000  0.158924  0.158924
m_pennanti -0.000000 -0.000000 -0.000000  0.000000  0.158924 -0.000000
 -0.000000  0.158924  0.158924
s_putorius  0.158924  0.158924  0.158924  0.158924  0.000000  0.158924
  0.158924  0.359595  0.359595
c_lupus    -0.000000 -0.000000 -0.000000 -0.000000  0.158924  0.000000
 -0.000000  0.158924  0.158924
c_latrans  -0.000000 -0.000000 -0.000000 -0.000000  0.158924 -0.000000
  0.000000  0.158924  0.158924
p_lotor     0.158924  0.158924  0.158924  0.158924  0.359595  0.158924
  0.158924  0.000000  0.158924
l_rufus     0.158924  0.158924  0.158924  0.158924  0.359595  0.158924
  0.158924  0.158924  0.000000
    9
u_american  0.000000 -0.000000 -0.000000 -0.000000  0.626061  0.158924
  0.158924  0.626061  0.359595
u_arctos   -0.000000  0.000000 -0.000000 -0.000000  0.626061  0.158924
  0.158924  0.626061  0.359595
g_gulo     -0.000000 -0.000000  0.000000 -0.000000  0.626061  0.158924
  0.158924  0.626061  0.359595
m_pennanti -0.000000 -0.000000 -0.000000  0.000000  0.626061  0.158924
  0.158924  0.626061  0.359595
s_putorius  0.626061  0.626061  0.626061  0.626061  0.000000  0.626061
  0.626061  1.694596  1.694596
c_lupus     0.158924  0.158924  0.158924  0.158924  0.626061  0.000000
 -0.000000  0.359595  0.626061
c_latrans   0.158924  0.158924  0.158924  0.158924  0.626061 -0.000000
  0.000000  0.359595  0.626061
p_lotor     0.626061  0.626061  0.626061  0.626061  1.694596  0.359595
  0.359595  0.000000  0.626061
l_rufus     0.359595  0.359595  0.359595  0.359595  1.694596  0.626061
  0.626061  0.626061  0.000000
    9
u_american  0.000000 -0.000000 -0.000000 -0.000000  0.626061  0.158924
  0.158924  0.359595  0.158924
u_arctos   -0.000000  0.000000 -0.000000 -0.000000  0.626061  0.158924
  0.158924  0.359595  0.158924
g_gulo     -0.000000 -0.000000  0.000000 -0.000000  0.626061  0.158924
  0.158924  0.359595  0.158924
m_pennanti -0.000000 -0.000000 -0.000000  0.000000  0.626061  0.158924
  0.158924  0.359595  0.158924
s_putorius  0.626061  0.626061  0.626061  0.626061  0.000000  0.626061
  0.626061  1.012622  1.012622
c_lupus     0.158924  0.158924  0.158924  0.158924  0.626061  0.000000
 -0.000000  0.158924  0.359595
c_latrans   0.158924  0.158924  0.158924  0.158924  0.626061 -0.000000
  0.000000  0.158924  0.359595
p_lotor     0.359595  0.359595  0.359595  0.359595  1.012622  0.158924
  0.158924  0.000000  0.359595
l_rufus     0.158924  0.158924  0.158924  0.158924  1.012622  0.359595
  0.359595  0.359595  0.000000
    9
u_american  0.000000 -0.000000 -0.000000 -0.000000  1.694596 -0.000000
 -0.000000  0.158924  0.158924
u_arctos   -0.000000  0.000000 -0.000000 -0.000000  1.694596 -0.000000
 -0.000000  0.158924  0.158924
g_gulo     -0.000000 -0.000000  0.000000 -0.000000  1.694596 -0.000000
 -0.000000  0.158924  0.158924
m_pennanti -0.000000 -0.000000 -0.000000  0.000000  1.694596 -0.000000
 -0.000000  0.158924  0.158924
s_putorius  1.694596  1.694596  1.694596  1.694596  0.000000  1.694596
  1.694596 -1.000000 -1.000000
c_lupus    -0.000000 -0.000000 -0.000000 -0.000000  1.694596  0.000000
 -0.000000  0.158924  0.158924
c_latrans  -0.000000 -0.000000 -0.000000 -0.000000  1.694596 -0.000000
  0.000000  0.158924  0.158924
p_lotor     0.158924  0.158924  0.158924  0.158924 -1.000000  0.158924
  0.158924  0.000000  0.158924
l_rufus     0.158924  0.158924  0.158924  0.158924 -1.000000  0.158924
  0.158924  0.158924  0.000000
    9
u_american  0.000000 -0.000000 -0.000000 -0.000000  0.359595 -0.000000
 -0.000000  0.158924  0.158924
u_arctos   -0.000000  0.000000 -0.000000 -0.000000  0.359595 -0.000000
 -0.000000  0.158924  0.158924
g_gulo     -0.000000 -0.000000  0.000000 -0.000000  0.359595 -0.000000
 -0.000000  0.158924  0.158924
m_pennanti -0.000000 -0.000000 -0.000000  0.000000  0.359595 -0.000000
 -0.000000  0.158924  0.158924
s_putorius  0.359595  0.359595  0.359595  0.359595  0.000000  0.359595
  0.359595  0.626061  0.626061
c_lupus    -0.000000 -0.000000 -0.000000 -0.000000  0.359595  0.000000
 -0.000000  0.158924  0.158924
c_latrans  -0.000000 -0.000000 -0.000000 -0.000000  0.359595 -0.000000
  0.000000  0.158924  0.158924
p_lotor     0.158924  0.158924  0.158924  0.158924  0.626061  0.158924
  0.158924  0.000000  0.158924
l_rufus     0.158924  0.158924  0.158924  0.158924  0.626061  0.158924
  0.158924  0.158924  0.000000
    9
u_american  0.000000 -0.000000 -0.000000 -0.000000  0.626061  0.359595
  0.359595  0.359595 -0.000000
u_arctos   -0.000000  0.000000 -0.000000 -0.000000  0.626061  0.359595
  0.359595  0.359595 -0.000000
g_gulo     -0.000000 -0.000000  0.000000 -0.000000  0.626061  0.359595
  0.359595  0.359595 -0.000000
m_pennanti -0.000000 -0.000000 -0.000000  0.000000  0.626061  0.359595
  0.359595  0.359595 -0.000000
s_putorius  0.626061  0.626061  0.626061  0.626061  0.000000  0.626061
  0.626061  0.626061  0.626061
c_lupus     0.359595  0.359595  0.359595  0.359595  0.626061  0.000000
 -0.000000 -0.000000  0.359595
c_latrans   0.359595  0.359595  0.359595  0.359595  0.626061 -0.000000
  0.000000 -0.000000  0.359595
p_lotor     0.359595  0.359595  0.359595  0.359595  0.626061 -0.000000
 -0.000000  0.000000  0.359595
l_rufus    -0.000000 -0.000000 -0.000000 -0.000000  0.626061  0.359595
  0.359595  0.359595  0.000000
    9
u_american  0.000000 -0.000000 -0.000000 -0.000000  1.694596 -0.000000
 -0.000000 -0.000000 -0.000000
u_arctos   -0.000000  0.000000 -0.000000 -0.000000  1.694596 -0.000000
 -0.000000 -0.000000 -0.000000
g_gulo     -0.000000 -0.000000  0.000000 -0.000000  1.694596 -0.000000
 -0.000000 -0.000000 -0.000000
m_pennanti -0.000000 -0.000000 -0.000000  0.000000  1.694596 -0.000000
 -0.000000 -0.000000 -0.000000
s_putorius  1.694596  1.694596  1.694596  1.694596  0.000000  1.694596
  1.694596  1.694596  1.694596
c_lupus    -0.000000 -0.000000 -0.000000 -0.000000  1.694596  0.000000
 -0.000000 -0.000000 -0.000000
c_latrans  -0.000000 -0.000000 -0.000000 -0.000000  1.694596 -0.000000
  0.000000 -0.000000 -0.000000
p_lotor    -0.000000 -0.000000 -0.000000 -0.000000  1.694596 -0.000000
 -0.000000  0.000000 -0.000000
l_rufus    -0.000000 -0.000000 -0.000000 -0.000000  1.694596 -0.000000
 -0.000000 -0.000000  0.000000
