16
m_erminea  0.000000 200.000000 300.000000 357.000000 601.000000 601.000000 510.000000 519.000000 610.000000 945.000000 945.000000 945.000000 945.000000 867.000000 867.000000 704.000000 
m_nivalis  200.000000 0.000000 300.000000 357.000000 601.000000 601.000000 510.000000 519.000000 610.000000 945.000000 945.000000 945.000000 945.000000 867.000000 867.000000 704.000000 
n_vison    300.000000 300.000000 0.000000 257.000000 501.000000 501.000000 410.000000 419.000000 510.000000 845.000000 845.000000 845.000000 845.000000 767.000000 767.000000 604.000000 
lo_canaden357.000000 357.000000 257.000000 0.000000 444.000000 444.000000 353.000000 362.000000 453.000000 788.000000 788.000000 788.000000 788.000000 710.000000 710.000000 547.000000 
m_american601.000000 601.000000 501.000000 444.000000 0.000000 200.000000 291.000000 478.000000 569.000000 904.000000 904.000000 904.000000 904.000000 826.000000 826.000000 663.000000 
g_gulo     601.000000 601.000000 501.000000 444.000000 200.000000 0.000000 291.000000 478.000000 569.000000 904.000000 904.000000 904.000000 904.000000 826.000000 826.000000 663.000000 
m_pennanti510.000000 510.000000 410.000000 353.000000 291.000000 291.000000 0.000000 387.000000 478.000000 813.000000 813.000000 813.000000 813.000000 735.000000 735.000000 572.000000 
t_taxus    519.000000 519.000000 419.000000 362.000000 478.000000 478.000000 387.000000 0.000000 291.000000 626.000000 626.000000 626.000000 626.000000 548.000000 548.000000 385.000000 
p_lotor    610.000000 610.000000 510.000000 453.000000 569.000000 569.000000 478.000000 291.000000 0.000000 535.000000 535.000000 535.000000 535.000000 457.000000 457.000000 294.000000 
p_onca     945.000000 945.000000 845.000000 788.000000 904.000000 904.000000 813.000000 626.000000 535.000000 0.000000 200.000000 400.000000 400.000000 478.000000 478.000000 441.000000 
l_pardalis945.000000 945.000000 845.000000 788.000000 904.000000 904.000000 813.000000 626.000000 535.000000 200.000000 0.000000 400.000000 400.000000 478.000000 478.000000 441.000000 
v_lagopus  945.000000 945.000000 845.000000 788.000000 904.000000 904.000000 813.000000 626.000000 535.000000 400.000000 400.000000 0.000000 200.000000 478.000000 478.000000 441.000000 
c_lupus    945.000000 945.000000 845.000000 788.000000 904.000000 904.000000 813.000000 626.000000 535.000000 400.000000 400.000000 200.000000 0.000000 478.000000 478.000000 441.000000 
u_american867.000000 867.000000 767.000000 710.000000 826.000000 826.000000 735.000000 548.000000 457.000000 478.000000 478.000000 478.000000 478.000000 0.000000 200.000000 363.000000 
u_arctos   867.000000 867.000000 767.000000 710.000000 826.000000 826.000000 735.000000 548.000000 457.000000 478.000000 478.000000 478.000000 478.000000 200.000000 0.000000 363.000000 
m_mephitis704.000000 704.000000 604.000000 547.000000 663.000000 663.000000 572.000000 385.000000 294.000000 441.000000 441.000000 441.000000 441.000000 363.000000 363.000000 0.000000 

30
p_lotor    0.000000 0.538000 0.899500 0.744700 0.894200 0.681200 0.907400 0.890900 0.893000 0.948400 0.933400 0.917900 0.956500 0.985900 0.947000 1.006700 1.018400 1.005600 0.889600 0.843700 0.708700 0.913000 0.803000 0.772800 0.833600 0.800800 0.800000 0.862900 0.819000 0.832600 
p_concolor0.538000 0.000000 0.872500 0.717700 0.867200 0.654200 0.880400 0.863900 0.866000 0.921400 0.906400 0.890900 0.929500 0.958900 0.920000 0.979700 0.991400 0.978600 0.862600 0.816700 0.681700 0.886000 0.776000 0.745800 0.806600 0.773800 0.773000 0.835900 0.792000 0.805600 
s_putorius0.899500 0.872500 0.000000 0.561200 0.992500 0.779500 1.005700 0.989200 0.991300 1.046700 1.031700 1.016200 1.054800 1.084200 1.045300 1.105000 1.116700 1.103900 0.987900 0.942000 0.807000 1.011300 0.901300 0.871100 0.931900 0.899100 0.898300 0.961200 0.917300 0.930900 
s_pygmaea  0.744700 0.717700 0.561200 0.000000 0.837700 0.624700 0.850900 0.834400 0.836500 0.891900 0.876900 0.861400 0.900000 0.929400 0.890500 0.950200 0.961900 0.949100 0.833100 0.787200 0.652200 0.856500 0.746500 0.716300 0.777100 0.744300 0.743500 0.806400 0.762500 0.776100 
m_vison    0.894200 0.867200 0.992500 0.837700 0.000000 0.245400 0.782400 0.906300 0.914400 0.969800 0.954800 0.939300 0.977900 1.007300 0.968400 1.028100 1.039800 1.027000 0.929600 0.883700 0.748700 0.953000 0.843000 0.812800 0.873600 0.840800 0.840000 0.902900 0.859000 0.872600 
v_velox    0.681200 0.654200 0.779500 0.624700 0.245400 0.000000 0.569400 0.693300 0.701400 0.756800 0.741800 0.726300 0.764900 0.794300 0.755400 0.815100 0.826800 0.814000 0.716600 0.670700 0.535700 0.740000 0.630000 0.599800 0.660600 0.627800 0.627000 0.689900 0.646000 0.659600 
u_americanus0.907400 0.880400 1.005700 0.850900 0.782400 0.569400 0.000000 0.919500 0.927600 0.983000 0.968000 0.952500 0.991100 1.020500 0.981600 1.041300 1.053000 1.040200 0.942800 0.896900 0.761900 0.966200 0.856200 0.826000 0.886800 0.854000 0.853200 0.916100 0.872200 0.885800 
m_americana0.890900 0.863900 0.989200 0.834400 0.906300 0.693300 0.919500 0.000000 0.911100 0.966500 0.951500 0.936000 0.974600 1.004000 0.965100 1.024800 1.036500 1.023700 0.926300 0.880400 0.745400 0.949700 0.839700 0.809500 0.870300 0.837500 0.836700 0.899600 0.855700 0.869300 
c_lupus    0.893000 0.866000 0.991300 0.836500 0.914400 0.701400 0.927600 0.911100 0.000000 0.707600 0.867000 0.873700 0.912300 0.950300 0.911400 0.971100 0.982800 0.970000 0.928400 0.882500 0.747500 0.951800 0.841800 0.811600 0.872400 0.839600 0.838800 0.901700 0.857800 0.871400 
c_leuconotus0.948400 0.921400 1.046700 0.891900 0.969800 0.756800 0.983000 0.966500 0.707600 0.000000 0.922400 0.929100 0.967700 1.005700 0.966800 1.026500 1.038200 1.025400 0.983800 0.937900 0.802900 1.007200 0.897200 0.867000 0.927800 0.895000 0.894200 0.957100 0.913200 0.926800 
a_lagopus  0.933400 0.906400 1.031700 0.876900 0.954800 0.741800 0.968000 0.951500 0.867000 0.922400 0.000000 0.914100 0.952700 0.990700 0.951800 1.011500 1.023200 1.010400 0.968800 0.922900 0.787900 0.992200 0.882200 0.852000 0.912800 0.880000 0.879200 0.942100 0.898200 0.911800 
g_gulo     0.917900 0.890900 1.016200 0.861400 0.939300 0.726300 0.952500 0.936000 0.873700 0.929100 0.914100 0.000000 0.772000 0.975200 0.936300 0.996000 1.007700 0.994900 0.953300 0.907400 0.772400 0.976700 0.866700 0.836500 0.897300 0.864500 0.863700 0.926600 0.882700 0.896300 
l_pardalis0.956500 0.929500 1.054800 0.900000 0.977900 0.764900 0.991100 0.974600 0.912300 0.967700 0.952700 0.772000 0.000000 1.013800 0.974900 1.034600 1.046300 1.033500 0.991900 0.946000 0.811000 1.015300 0.905300 0.875100 0.935900 0.903100 0.902300 0.965200 0.921300 0.934900 
t_taxus    0.985900 0.958900 1.084200 0.929400 1.007300 0.794300 1.020500 1.004000 0.950300 1.005700 0.990700 0.975200 1.013800 0.000000 0.842100 1.009200 1.020900 1.008100 1.021300 0.975400 0.840400 1.044700 0.934700 0.904500 0.965300 0.932500 0.931700 0.994600 0.950700 0.964300 
u_arctos   0.947000 0.920000 1.045300 0.890500 0.968400 0.755400 0.981600 0.965100 0.911400 0.966800 0.951800 0.936300 0.974900 0.842100 0.000000 0.970300 0.982000 0.969200 0.982400 0.936500 0.801500 1.005800 0.895800 0.865600 0.926400 0.893600 0.892800 0.955700 0.911800 0.925400 
h_yaguarondi1.006700 0.979700 1.105000 0.950200 1.028100 0.815100 1.041300 1.024800 0.971100 1.026500 1.011500 0.996000 1.034600 1.009200 0.970300 0.000000 1.000100 0.994100 1.042100 0.996200 0.861200 1.065500 0.955500 0.925300 0.986100 0.953300 0.952500 1.015400 0.971500 0.985100 
v_vulpes   1.018400 0.991400 1.116700 0.961900 1.039800 0.826800 1.053000 1.036500 0.982800 1.038200 1.023200 1.007700 1.046300 1.020900 0.982000 1.000100 0.000000 1.005800 1.053800 1.007900 0.872900 1.077200 0.967200 0.937000 0.997800 0.965000 0.964200 1.027100 0.983200 0.996800 
n_narica   1.005600 0.978600 1.103900 0.949100 1.027000 0.814000 1.040200 1.023700 0.970000 1.025400 1.010400 0.994900 1.033500 1.008100 0.969200 0.994100 1.005800 0.000000 1.041000 0.995100 0.860100 1.064400 0.954400 0.924200 0.985000 0.952200 0.951400 1.014300 0.970400 0.984000 
b_astutus  0.889600 0.862600 0.987900 0.833100 0.929600 0.716600 0.942800 0.926300 0.928400 0.983800 0.968800 0.953300 0.991900 1.021300 0.982400 1.042100 1.053800 1.041000 0.000000 0.760500 0.733100 0.937400 0.827400 0.797200 0.858000 0.825200 0.824400 0.887300 0.843400 0.857000 
ly_canaden0.843700 0.816700 0.942000 0.787200 0.883700 0.670700 0.896900 0.880400 0.882500 0.937900 0.922900 0.907400 0.946000 0.975400 0.936500 0.996200 1.007900 0.995100 0.760500 0.000000 0.687200 0.891500 0.781500 0.751300 0.812100 0.779300 0.778500 0.841400 0.797500 0.811100 
c_latrans  0.708700 0.681700 0.807000 0.652200 0.748700 0.535700 0.761900 0.745400 0.747500 0.802900 0.787900 0.772400 0.811000 0.840400 0.801500 0.861200 0.872900 0.860100 0.733100 0.687200 0.000000 0.269100 0.485300 0.497500 0.558300 0.525500 0.524700 0.587600 0.609700 0.623300 
m_pennanti0.913000 0.886000 1.011300 0.856500 0.953000 0.740000 0.966200 0.949700 0.951800 1.007200 0.992200 0.976700 1.015300 1.044700 1.005800 1.065500 1.077200 1.064400 0.937400 0.891500 0.269100 0.000000 0.689600 0.701800 0.762600 0.729800 0.729000 0.791900 0.814000 0.827600 
l_rufus    0.803000 0.776000 0.901300 0.746500 0.843000 0.630000 0.856200 0.839700 0.841800 0.897200 0.882200 0.866700 0.905300 0.934700 0.895800 0.955500 0.967200 0.954400 0.827400 0.781500 0.485300 0.689600 0.000000 0.591800 0.652600 0.619800 0.619000 0.681900 0.704000 0.717600 
m_mephitis0.772800 0.745800 0.871100 0.716300 0.812800 0.599800 0.826000 0.809500 0.811600 0.867000 0.852000 0.836500 0.875100 0.904500 0.865600 0.925300 0.937000 0.924200 0.797200 0.751300 0.497500 0.701800 0.591800 0.000000 0.327400 0.487200 0.521800 0.584700 0.673800 0.687400 
m_erminea  0.833600 0.806600 0.931900 0.777100 0.873600 0.660600 0.886800 0.870300 0.872400 0.927800 0.912800 0.897300 0.935900 0.965300 0.926400 0.986100 0.997800 0.985000 0.858000 0.812100 0.558300 0.762600 0.652600 0.327400 0.000000 0.548000 0.582600 0.645500 0.734600 0.748200 
m_nivalis  0.800800 0.773800 0.899100 0.744300 0.840800 0.627800 0.854000 0.837500 0.839600 0.895000 0.880000 0.864500 0.903100 0.932500 0.893600 0.953300 0.965000 0.952200 0.825200 0.779300 0.525500 0.729800 0.619800 0.487200 0.548000 0.000000 0.549800 0.612700 0.701800 0.715400 
m_frenata  0.800000 0.773000 0.898300 0.743500 0.840000 0.627000 0.853200 0.836700 0.838800 0.894200 0.879200 0.863700 0.902300 0.931700 0.892800 0.952500 0.964200 0.951400 0.824400 0.778500 0.524700 0.729000 0.619000 0.521800 0.582600 0.549800 0.000000 0.339100 0.701000 0.714600 
p_onca     0.862900 0.835900 0.961200 0.806400 0.902900 0.689900 0.916100 0.899600 0.901700 0.957100 0.942100 0.926600 0.965200 0.994600 0.955700 1.015400 1.027100 1.014300 0.887300 0.841400 0.587600 0.791900 0.681900 0.584700 0.645500 0.612700 0.339100 0.000000 0.763900 0.777500 
lo_canaden0.819000 0.792000 0.917300 0.762500 0.859000 0.646000 0.872200 0.855700 0.857800 0.913200 0.898200 0.882700 0.921300 0.950700 0.911800 0.971500 0.983200 0.970400 0.843400 0.797500 0.609700 0.814000 0.704000 0.673800 0.734600 0.701800 0.701000 0.763900 0.000000 0.625600 
u_littoralis0.832600 0.805600 0.930900 0.776100 0.872600 0.659600 0.885800 0.869300 0.871400 0.926800 0.911800 0.896300 0.934900 0.964300 0.925400 0.985100 0.996800 0.984000 0.857000 0.811100 0.623300 0.827600 0.717600 0.687400 0.748200 0.715400 0.714600 0.777500 0.625600 0.000000 

