20
g_gulo     0.000000 200.000000 258.000000 276.000000 304.000000 404.000000 404.000000 383.000000 414.000000 706.000000 706.000000 636.000000 634.000000 634.000000 587.000000 587.000000 514.000000 575.000000 575.000000 442.000000 
m_erminea  200.000000 0.000000 258.000000 276.000000 304.000000 404.000000 404.000000 383.000000 414.000000 706.000000 706.000000 636.000000 634.000000 634.000000 587.000000 587.000000 514.000000 575.000000 575.000000 442.000000 
n_vison    258.000000 258.000000 0.000000 218.000000 246.000000 346.000000 346.000000 325.000000 356.000000 648.000000 648.000000 578.000000 576.000000 576.000000 529.000000 529.000000 456.000000 517.000000 517.000000 384.000000 
m_nivalis  276.000000 276.000000 218.000000 0.000000 228.000000 328.000000 328.000000 307.000000 338.000000 630.000000 630.000000 560.000000 558.000000 558.000000 511.000000 511.000000 438.000000 499.000000 499.000000 366.000000 
m_american304.000000 304.000000 246.000000 228.000000 0.000000 300.000000 300.000000 279.000000 310.000000 602.000000 602.000000 532.000000 530.000000 530.000000 483.000000 483.000000 410.000000 471.000000 471.000000 338.000000 
lo_canaden404.000000 404.000000 346.000000 328.000000 300.000000 0.000000 200.000000 303.000000 334.000000 626.000000 626.000000 556.000000 554.000000 554.000000 507.000000 507.000000 434.000000 495.000000 495.000000 362.000000 
m_frenata  404.000000 404.000000 346.000000 328.000000 300.000000 200.000000 0.000000 303.000000 334.000000 626.000000 626.000000 556.000000 554.000000 554.000000 507.000000 507.000000 434.000000 495.000000 495.000000 362.000000 
m_pennanti383.000000 383.000000 325.000000 307.000000 279.000000 303.000000 303.000000 0.000000 231.000000 523.000000 523.000000 453.000000 451.000000 451.000000 404.000000 404.000000 331.000000 392.000000 392.000000 259.000000 
u_arctos   414.000000 414.000000 356.000000 338.000000 310.000000 334.000000 334.000000 231.000000 0.000000 492.000000 492.000000 422.000000 420.000000 420.000000 373.000000 373.000000 300.000000 361.000000 361.000000 228.000000 
l_pardalis706.000000 706.000000 648.000000 630.000000 602.000000 626.000000 626.000000 523.000000 492.000000 0.000000 200.000000 270.000000 464.000000 464.000000 581.000000 581.000000 508.000000 569.000000 569.000000 464.000000 
ly_canaden706.000000 706.000000 648.000000 630.000000 602.000000 626.000000 626.000000 523.000000 492.000000 200.000000 0.000000 270.000000 464.000000 464.000000 581.000000 581.000000 508.000000 569.000000 569.000000 464.000000 
p_onca     636.000000 636.000000 578.000000 560.000000 532.000000 556.000000 556.000000 453.000000 422.000000 270.000000 270.000000 0.000000 394.000000 394.000000 511.000000 511.000000 438.000000 499.000000 499.000000 394.000000 
c_lupus    634.000000 634.000000 576.000000 558.000000 530.000000 554.000000 554.000000 451.000000 420.000000 464.000000 464.000000 394.000000 0.000000 200.000000 509.000000 509.000000 436.000000 497.000000 497.000000 392.000000 
v_lagopus  634.000000 634.000000 576.000000 558.000000 530.000000 554.000000 554.000000 451.000000 420.000000 464.000000 464.000000 394.000000 200.000000 0.000000 509.000000 509.000000 436.000000 497.000000 497.000000 392.000000 
p_lotor    587.000000 587.000000 529.000000 511.000000 483.000000 507.000000 507.000000 404.000000 373.000000 581.000000 581.000000 511.000000 509.000000 509.000000 0.000000 200.000000 273.000000 404.000000 404.000000 345.000000 
b_astutus  587.000000 587.000000 529.000000 511.000000 483.000000 507.000000 507.000000 404.000000 373.000000 581.000000 581.000000 511.000000 509.000000 509.000000 200.000000 0.000000 273.000000 404.000000 404.000000 345.000000 
n_narica   514.000000 514.000000 456.000000 438.000000 410.000000 434.000000 434.000000 331.000000 300.000000 508.000000 508.000000 438.000000 436.000000 436.000000 273.000000 273.000000 0.000000 331.000000 331.000000 272.000000 
s_putorius575.000000 575.000000 517.000000 499.000000 471.000000 495.000000 495.000000 392.000000 361.000000 569.000000 569.000000 499.000000 497.000000 497.000000 404.000000 404.000000 331.000000 0.000000 200.000000 333.000000 
m_mephitis575.000000 575.000000 517.000000 499.000000 471.000000 495.000000 495.000000 392.000000 361.000000 569.000000 569.000000 499.000000 497.000000 497.000000 404.000000 404.000000 331.000000 200.000000 0.000000 333.000000 
t_taxus    442.000000 442.000000 384.000000 366.000000 338.000000 362.000000 362.000000 259.000000 228.000000 464.000000 464.000000 394.000000 392.000000 392.000000 345.000000 345.000000 272.000000 333.000000 333.000000 0.000000 

30
c_latrans  0.000000 0.210400 0.572000 0.693200 0.617400 0.695000 0.792500 0.729200 0.719300 0.535300 0.753000 0.732100 0.770900 0.790000 0.820200 0.830700 0.821300 0.700800 0.573100 0.688200 0.562700 0.609700 0.606300 0.641300 0.633200 0.639300 0.615700 0.590000 0.754600 0.605000 
ly_canaden0.210400 0.000000 0.761800 0.883000 0.807200 0.884800 0.982300 0.919000 0.909100 0.725100 0.942800 0.921900 0.960700 0.979800 1.010000 1.020500 1.011100 0.890600 0.762900 0.878000 0.752500 0.799500 0.796100 0.831100 0.823000 0.829100 0.805500 0.779800 0.944400 0.794800 
l_pardalis0.572000 0.761800 0.000000 0.970000 0.894200 0.971800 1.069300 1.006000 0.996100 0.812100 1.029800 1.008900 1.047700 1.066800 1.097000 1.107500 1.098100 0.977600 0.849900 0.965000 0.839500 0.886500 0.883100 0.918100 0.910000 0.916100 0.892500 0.866800 1.031400 0.881800 
m_americana0.693200 0.883000 0.970000 0.000000 0.742600 0.892000 1.014500 0.951200 0.941300 0.757300 0.975000 0.954100 0.992900 1.012000 1.042200 1.052700 1.043300 0.922800 0.795100 0.910200 0.784700 0.831700 0.828300 0.863300 0.855200 0.861300 0.837700 0.812000 0.976600 0.827000 
u_littoralis0.617400 0.807200 0.894200 0.742600 0.000000 0.816200 0.938700 0.875400 0.865500 0.681500 0.899200 0.878300 0.917100 0.936200 0.966400 0.976900 0.967500 0.847000 0.719300 0.834400 0.708900 0.755900 0.752500 0.787500 0.779400 0.785500 0.761900 0.736200 0.900800 0.751200 
g_gulo     0.695000 0.884800 0.971800 0.892000 0.816200 0.000000 1.016300 0.953000 0.943100 0.759100 0.976800 0.955900 0.994700 1.013800 1.044000 1.054500 1.045100 0.924600 0.796900 0.912000 0.786500 0.833500 0.830100 0.865100 0.857000 0.863100 0.839500 0.813800 0.978400 0.828800 
t_taxus    0.792500 0.982300 1.069300 1.014500 0.938700 1.016300 0.000000 0.778100 0.974400 0.790400 1.008100 0.999200 1.038000 1.057100 1.087300 1.097800 1.088400 1.022100 0.894400 1.009500 0.884000 0.931000 0.927600 0.962600 0.954500 0.960600 0.937000 0.911300 1.075900 0.926300 
u_arctos   0.729200 0.919000 1.006000 0.951200 0.875400 0.953000 0.778100 0.000000 0.911100 0.727100 0.944800 0.935900 0.974700 0.993800 1.024000 1.034500 1.025100 0.958800 0.831100 0.946200 0.820700 0.867700 0.864300 0.899300 0.891200 0.897300 0.873700 0.848000 1.012600 0.863000 
m_vison    0.719300 0.909100 0.996100 0.941300 0.865500 0.943100 0.974400 0.911100 0.000000 0.309800 0.805700 0.926000 0.964800 0.983900 1.014100 1.024600 1.015200 0.948900 0.821200 0.936300 0.810800 0.857800 0.854400 0.889400 0.881300 0.887400 0.863800 0.838100 1.002700 0.853100 
v_velox    0.535300 0.725100 0.812100 0.757300 0.681500 0.759100 0.790400 0.727100 0.309800 0.000000 0.621700 0.742000 0.780800 0.799900 0.830100 0.840600 0.831200 0.764900 0.637200 0.752300 0.626800 0.673800 0.670400 0.705400 0.697300 0.703400 0.679800 0.654100 0.818700 0.669100 
u_americanus0.753000 0.942800 1.029800 0.975000 0.899200 0.976800 1.008100 0.944800 0.805700 0.621700 0.000000 0.959700 0.998500 1.017600 1.047800 1.058300 1.048900 0.982600 0.854900 0.970000 0.844500 0.891500 0.888100 0.923100 0.915000 0.921100 0.897500 0.871800 1.036400 0.886800 
c_lupus    0.732100 0.921900 1.008900 0.954100 0.878300 0.955900 0.999200 0.935900 0.926000 0.742000 0.959700 0.000000 0.783400 0.925100 0.958700 0.969200 0.959800 0.961700 0.834000 0.949100 0.823600 0.870600 0.867200 0.902200 0.894100 0.900200 0.876600 0.850900 1.015500 0.865900 
c_leuconotus0.770900 0.960700 1.047700 0.992900 0.917100 0.994700 1.038000 0.974700 0.964800 0.780800 0.998500 0.783400 0.000000 0.963900 0.997500 1.008000 0.998600 1.000500 0.872800 0.987900 0.862400 0.909400 0.906000 0.941000 0.932900 0.939000 0.915400 0.889700 1.054300 0.904700 
a_lagopus  0.790000 0.979800 1.066800 1.012000 0.936200 1.013800 1.057100 0.993800 0.983900 0.799900 1.017600 0.925100 0.963900 0.000000 1.016600 1.027100 1.017700 1.019600 0.891900 1.007000 0.881500 0.928500 0.925100 0.960100 0.952000 0.958100 0.934500 0.908800 1.073400 0.923800 
n_narica   0.820200 1.010000 1.097000 1.042200 0.966400 1.044000 1.087300 1.024000 1.014100 0.830100 1.047800 0.958700 0.997500 1.016600 0.000000 1.000100 0.994700 1.049800 0.922100 1.037200 0.911700 0.958700 0.955300 0.990300 0.982200 0.988300 0.964700 0.939000 1.103600 0.954000 
v_vulpes   0.830700 1.020500 1.107500 1.052700 0.976900 1.054500 1.097800 1.034500 1.024600 0.840600 1.058300 0.969200 1.008000 1.027100 1.000100 0.000000 1.005200 1.060300 0.932600 1.047700 0.922200 0.969200 0.965800 1.000800 0.992700 0.998800 0.975200 0.949500 1.114100 0.964500 
h_yaguarondi0.821300 1.011100 1.098100 1.043300 0.967500 1.045100 1.088400 1.025100 1.015200 0.831200 1.048900 0.959800 0.998600 1.017700 0.994700 1.005200 0.000000 1.050900 0.923200 1.038300 0.912800 0.959800 0.956400 0.991400 0.983300 0.989400 0.965800 0.940100 1.104700 0.955100 
b_astutus  0.700800 0.890600 0.977600 0.922800 0.847000 0.924600 1.022100 0.958800 0.948900 0.764900 0.982600 0.961700 1.000500 1.019600 1.049800 1.060300 1.050900 0.000000 0.802700 0.917800 0.792300 0.839300 0.835900 0.870900 0.862800 0.868900 0.845300 0.819600 0.984200 0.834600 
l_rufus    0.573100 0.762900 0.849900 0.795100 0.719300 0.796900 0.894400 0.831100 0.821200 0.637200 0.854900 0.834000 0.872800 0.891900 0.922100 0.932600 0.923200 0.802700 0.000000 0.228100 0.563800 0.610800 0.607400 0.642400 0.634300 0.640400 0.662000 0.636300 0.856500 0.706900 
m_pennanti0.688200 0.878000 0.965000 0.910200 0.834400 0.912000 1.009500 0.946200 0.936300 0.752300 0.970000 0.949100 0.987900 1.007000 1.037200 1.047700 1.038300 0.917800 0.228100 0.000000 0.678900 0.725900 0.722500 0.757500 0.749400 0.755500 0.777100 0.751400 0.971600 0.822000 
m_mephitis0.562700 0.752500 0.839500 0.784700 0.708900 0.786500 0.884000 0.820700 0.810800 0.626800 0.844500 0.823600 0.862400 0.881500 0.911700 0.922200 0.912800 0.792300 0.563800 0.678900 0.000000 0.210600 0.505800 0.540800 0.576700 0.582800 0.651600 0.625900 0.846100 0.696500 
m_erminea  0.609700 0.799500 0.886500 0.831700 0.755900 0.833500 0.931000 0.867700 0.857800 0.673800 0.891500 0.870600 0.909400 0.928500 0.958700 0.969200 0.959800 0.839300 0.610800 0.725900 0.210600 0.000000 0.552800 0.587800 0.623700 0.629800 0.698600 0.672900 0.893100 0.743500 
lo_canaden0.606300 0.796100 0.883100 0.828300 0.752500 0.830100 0.927600 0.864300 0.854400 0.670400 0.888100 0.867200 0.906000 0.925100 0.955300 0.965800 0.956400 0.835900 0.607400 0.722500 0.505800 0.552800 0.000000 0.491200 0.620300 0.626400 0.695200 0.669500 0.889700 0.740100 
m_nivalis  0.641300 0.831100 0.918100 0.863300 0.787500 0.865100 0.962600 0.899300 0.889400 0.705400 0.923100 0.902200 0.941000 0.960100 0.990300 1.000800 0.991400 0.870900 0.642400 0.757500 0.540800 0.587800 0.491200 0.000000 0.655300 0.661400 0.730200 0.704500 0.924700 0.775100 
m_frenata  0.633200 0.823000 0.910000 0.855200 0.779400 0.857000 0.954500 0.891200 0.881300 0.697300 0.915000 0.894100 0.932900 0.952000 0.982200 0.992700 0.983300 0.862800 0.634300 0.749400 0.576700 0.623700 0.620300 0.655300 0.000000 0.239900 0.722100 0.696400 0.916600 0.767000 
p_onca     0.639300 0.829100 0.916100 0.861300 0.785500 0.863100 0.960600 0.897300 0.887400 0.703400 0.921100 0.900200 0.939000 0.958100 0.988300 0.998800 0.989400 0.868900 0.640400 0.755500 0.582800 0.629800 0.626400 0.661400 0.239900 0.000000 0.728200 0.702500 0.922700 0.773100 
p_lotor    0.615700 0.805500 0.892500 0.837700 0.761900 0.839500 0.937000 0.873700 0.863800 0.679800 0.897500 0.876600 0.915400 0.934500 0.964700 0.975200 0.965800 0.845300 0.662000 0.777100 0.651600 0.698600 0.695200 0.730200 0.722100 0.728200 0.000000 0.368500 0.899100 0.749500 
p_concolor0.590000 0.779800 0.866800 0.812000 0.736200 0.813800 0.911300 0.848000 0.838100 0.654100 0.871800 0.850900 0.889700 0.908800 0.939000 0.949500 0.940100 0.819600 0.636300 0.751400 0.625900 0.672900 0.669500 0.704500 0.696400 0.702500 0.368500 0.000000 0.873400 0.723800 
s_putorius0.754600 0.944400 1.031400 0.976600 0.900800 0.978400 1.075900 1.012600 1.002700 0.818700 1.036400 1.015500 1.054300 1.073400 1.103600 1.114100 1.104700 0.984200 0.856500 0.971600 0.846100 0.893100 0.889700 0.924700 0.916600 0.922700 0.899100 0.873400 0.000000 0.602000 
s_pygmaea  0.605000 0.794800 0.881800 0.827000 0.751200 0.828800 0.926300 0.863000 0.853100 0.669100 0.886800 0.865900 0.904700 0.923800 0.954000 0.964500 0.955100 0.834600 0.706900 0.822000 0.696500 0.743500 0.740100 0.775100 0.767000 0.773100 0.749500 0.723800 0.602000 0.000000 

