20
p_onca     0.000000 200.000000 233.000000 291.000000 291.000000 366.000000 366.000000 337.000000 309.000000 293.000000 305.000000 305.000000 316.000000 316.000000 435.000000 435.000000 384.000000 362.000000 327.000000 303.000000 
l_pardalis200.000000 0.000000 233.000000 291.000000 291.000000 366.000000 366.000000 337.000000 309.000000 293.000000 305.000000 305.000000 316.000000 316.000000 435.000000 435.000000 384.000000 362.000000 327.000000 303.000000 
ly_canaden233.000000 233.000000 0.000000 258.000000 258.000000 333.000000 333.000000 304.000000 276.000000 260.000000 272.000000 272.000000 283.000000 283.000000 402.000000 402.000000 351.000000 329.000000 294.000000 270.000000 
v_lagopus  291.000000 291.000000 258.000000 0.000000 200.000000 345.000000 345.000000 316.000000 288.000000 272.000000 284.000000 284.000000 295.000000 295.000000 414.000000 414.000000 363.000000 341.000000 306.000000 282.000000 
c_lupus    291.000000 291.000000 258.000000 200.000000 0.000000 345.000000 345.000000 316.000000 288.000000 272.000000 284.000000 284.000000 295.000000 295.000000 414.000000 414.000000 363.000000 341.000000 306.000000 282.000000 
lo_canaden366.000000 366.000000 333.000000 345.000000 345.000000 0.000000 200.000000 229.000000 257.000000 273.000000 309.000000 309.000000 320.000000 320.000000 439.000000 439.000000 388.000000 366.000000 331.000000 307.000000 
m_mephitis366.000000 366.000000 333.000000 345.000000 345.000000 200.000000 0.000000 229.000000 257.000000 273.000000 309.000000 309.000000 320.000000 320.000000 439.000000 439.000000 388.000000 366.000000 331.000000 307.000000 
s_putorius337.000000 337.000000 304.000000 316.000000 316.000000 229.000000 229.000000 0.000000 228.000000 244.000000 280.000000 280.000000 291.000000 291.000000 410.000000 410.000000 359.000000 337.000000 302.000000 278.000000 
b_astutus  309.000000 309.000000 276.000000 288.000000 288.000000 257.000000 257.000000 228.000000 0.000000 216.000000 252.000000 252.000000 263.000000 263.000000 382.000000 382.000000 331.000000 309.000000 274.000000 250.000000 
p_lotor    293.000000 293.000000 260.000000 272.000000 272.000000 273.000000 273.000000 244.000000 216.000000 0.000000 236.000000 236.000000 247.000000 247.000000 366.000000 366.000000 315.000000 293.000000 258.000000 234.000000 
t_taxus    305.000000 305.000000 272.000000 284.000000 284.000000 309.000000 309.000000 280.000000 252.000000 236.000000 0.000000 200.000000 247.000000 247.000000 366.000000 366.000000 315.000000 293.000000 258.000000 234.000000 
n_narica   305.000000 305.000000 272.000000 284.000000 284.000000 309.000000 309.000000 280.000000 252.000000 236.000000 200.000000 0.000000 247.000000 247.000000 366.000000 366.000000 315.000000 293.000000 258.000000 234.000000 
u_arctos   316.000000 316.000000 283.000000 295.000000 295.000000 320.000000 320.000000 291.000000 263.000000 247.000000 247.000000 247.000000 0.000000 200.000000 357.000000 357.000000 306.000000 284.000000 249.000000 225.000000 
m_american316.000000 316.000000 283.000000 295.000000 295.000000 320.000000 320.000000 291.000000 263.000000 247.000000 247.000000 247.000000 200.000000 0.000000 357.000000 357.000000 306.000000 284.000000 249.000000 225.000000 
g_gulo     435.000000 435.000000 402.000000 414.000000 414.000000 439.000000 439.000000 410.000000 382.000000 366.000000 366.000000 366.000000 357.000000 357.000000 0.000000 200.000000 251.000000 273.000000 308.000000 332.000000 
m_erminea  435.000000 435.000000 402.000000 414.000000 414.000000 439.000000 439.000000 410.000000 382.000000 366.000000 366.000000 366.000000 357.000000 357.000000 200.000000 0.000000 251.000000 273.000000 308.000000 332.000000 
n_vison    384.000000 384.000000 351.000000 363.000000 363.000000 388.000000 388.000000 359.000000 331.000000 315.000000 315.000000 315.000000 306.000000 306.000000 251.000000 251.000000 0.000000 222.000000 257.000000 281.000000 
m_nivalis  362.000000 362.000000 329.000000 341.000000 341.000000 366.000000 366.000000 337.000000 309.000000 293.000000 293.000000 293.000000 284.000000 284.000000 273.000000 273.000000 222.000000 0.000000 235.000000 259.000000 
m_frenata  327.000000 327.000000 294.000000 306.000000 306.000000 331.000000 331.000000 302.000000 274.000000 258.000000 258.000000 258.000000 249.000000 249.000000 308.000000 308.000000 257.000000 235.000000 0.000000 224.000000 
m_pennanti303.000000 303.000000 270.000000 282.000000 282.000000 307.000000 307.000000 278.000000 250.000000 234.000000 234.000000 234.000000 225.000000 225.000000 332.000000 332.000000 281.000000 259.000000 224.000000 0.000000 

30
g_gulo     0.000000 5.380000 9.223500 8.966700 9.376500 9.278300 9.416200 9.697500 9.372500 9.314200 7.060700 8.756600 7.343600 7.406300 8.522700 7.664300 7.194600 8.355800 6.481200 8.569800 7.899200 8.362300 7.829800 7.617400 7.529700 7.541100 8.828400 7.017700 7.814700 7.558500 
l_pardalis5.380000 0.000000 10.240700 9.983900 10.393700 10.295500 10.433400 10.714700 10.389700 10.331400 8.077900 9.773800 8.360800 8.423500 9.539900 8.681500 8.211800 9.373000 7.498400 9.587000 8.916400 9.379500 8.847000 8.634600 8.546900 8.558300 9.845600 8.034900 8.831900 8.575700 
a_lagopus  9.223500 10.240700 0.000000 9.064600 9.900800 9.802600 9.940500 10.221800 9.896800 9.838500 8.775400 10.471300 9.058300 9.121000 10.237400 9.379000 8.909300 10.070500 8.195900 10.284500 9.613900 10.077000 9.544500 9.332100 9.244400 9.255800 10.543100 8.732400 9.529400 9.273200 
b_astutus  8.966700 9.983900 9.064600 0.000000 9.644000 9.545800 9.683700 9.965000 9.640000 9.581700 8.518600 10.214500 8.801500 8.864200 9.980600 9.122200 8.652500 9.813700 7.939100 10.027700 9.357100 9.820200 9.287700 9.075300 8.987600 8.999000 10.286300 8.475600 9.272600 9.016400 
t_taxus    9.376500 10.393700 9.900800 9.644000 0.000000 9.240200 9.669700 10.019000 9.803400 9.831100 8.928400 10.624300 9.211300 9.274000 10.390400 9.532000 9.062300 10.223500 8.348900 10.437500 9.766900 10.230000 9.697500 9.485100 9.397400 9.408800 10.696100 8.885400 9.682400 9.426200 
u_arctos   9.278300 10.295500 9.802600 9.545800 9.240200 0.000000 9.571500 9.920800 9.705200 9.732900 8.830200 10.526100 9.113100 9.175800 10.292200 9.433800 8.964100 10.125300 8.250700 10.339300 9.668700 10.131800 9.599300 9.386900 9.299200 9.310600 10.597900 8.787200 9.584200 9.328000 
s_putorius9.416200 10.433400 9.940500 9.683700 9.669700 9.571500 0.000000 10.058700 9.843100 9.870800 8.968100 10.664000 9.251000 9.313700 10.430100 9.571700 9.102000 10.263200 8.388600 10.477200 9.806600 10.269700 9.737200 9.524800 9.437100 9.448500 10.735800 8.925100 9.722100 9.465900 
v_vulpes   9.697500 10.714700 10.221800 9.965000 10.019000 9.920800 10.058700 0.000000 10.124400 10.152100 9.249400 10.945300 9.532300 9.595000 10.711400 9.853000 9.383300 10.544500 8.669900 10.758500 10.087900 10.551000 10.018500 9.806100 9.718400 9.729800 11.017100 9.206400 10.003400 9.747200 
n_narica   9.372500 10.389700 9.896800 9.640000 9.803400 9.705200 9.843100 10.124400 0.000000 9.827100 8.924400 10.620300 9.207300 9.270000 10.386400 9.528000 9.058300 10.219500 8.344900 10.433500 9.762900 10.226000 9.693500 9.481100 9.393400 9.404800 10.692100 8.881400 9.678400 9.422200 
h_yaguarondi9.314200 10.331400 9.838500 9.581700 9.831100 9.732900 9.870800 10.152100 9.827100 0.000000 8.866100 10.562000 9.149000 9.211700 10.328100 9.469700 9.000000 10.161200 8.286600 10.375200 9.704600 10.167700 9.635200 9.422800 9.335100 9.346500 10.633800 8.823100 9.620100 9.363900 
c_lupus    7.060700 8.077900 8.775400 8.518600 8.928400 8.830200 8.968100 9.249400 8.924400 8.866100 0.000000 5.321500 6.622100 6.684800 7.801200 6.942800 6.473100 7.634300 5.759700 7.848300 7.177700 7.640800 7.108300 6.895900 6.808200 6.819600 8.106900 6.296200 7.093200 6.837000 
c_leuconotus8.756600 9.773800 10.471300 10.214500 10.624300 10.526100 10.664000 10.945300 10.620300 10.562000 5.321500 0.000000 8.318000 8.380700 9.497100 8.638700 8.169000 9.330200 7.455600 9.544200 8.873600 9.336700 8.804200 8.591800 8.504100 8.515500 9.802800 7.992100 8.789100 8.532900 
l_rufus    7.343600 8.360800 9.058300 8.801500 9.211300 9.113100 9.251000 9.532300 9.207300 9.149000 6.622100 8.318000 0.000000 5.087700 6.786700 5.928300 6.508200 7.669400 5.794800 7.883400 7.212800 7.675900 7.143400 6.931000 6.843300 6.854700 8.142000 6.331300 7.128300 6.872100 
p_lotor    7.406300 8.423500 9.121000 8.864200 9.274000 9.175800 9.313700 9.595000 9.270000 9.211700 6.684800 8.380700 5.087700 0.000000 6.849400 5.991000 6.570900 7.732100 5.857500 7.946100 7.275500 7.738600 7.206100 6.993700 6.906000 6.917400 8.204700 6.394000 7.191000 6.934800 
p_concolor8.522700 9.539900 10.237400 9.980600 10.390400 10.292200 10.430100 10.711400 10.386400 10.328100 7.801200 9.497100 6.786700 6.849400 0.000000 4.678600 7.687300 8.848500 6.973900 9.062500 8.391900 8.855000 8.322500 8.110100 8.022400 8.033800 9.321100 7.510400 8.307400 8.051200 
s_pygmaea  7.664300 8.681500 9.379000 9.122200 9.532000 9.433800 9.571700 9.853000 9.528000 9.469700 6.942800 8.638700 5.928300 5.991000 4.678600 0.000000 6.828900 7.990100 6.115500 8.204100 7.533500 7.996600 7.464100 7.251700 7.164000 7.175400 8.462700 6.652000 7.449000 7.192800 
m_frenata  7.194600 8.211800 8.909300 8.652500 9.062300 8.964100 9.102000 9.383300 9.058300 9.000000 6.473100 8.169000 6.508200 6.570900 7.687300 6.828900 0.000000 5.263400 5.475800 7.564400 6.893800 7.356900 6.824400 6.612000 6.524300 6.535700 7.823000 6.012300 6.809300 6.553100 
p_onca     8.355800 9.373000 10.070500 9.813700 10.223500 10.125300 10.263200 10.544500 10.219500 10.161200 7.634300 9.330200 7.669400 7.732100 8.848500 7.990100 5.263400 0.000000 6.637000 8.725600 8.055000 8.518100 7.985600 7.773200 7.685500 7.696900 8.984200 7.173500 7.970500 7.714300 
c_latrans  6.481200 7.498400 8.195900 7.939100 8.348900 8.250700 8.388600 8.669900 8.344900 8.286600 5.759700 7.455600 5.794800 5.857500 6.973900 6.115500 5.475800 6.637000 0.000000 5.029000 5.008800 5.768100 5.235600 5.023200 4.935500 4.946900 6.713000 4.902300 5.699300 5.443100 
m_pennanti8.569800 9.587000 10.284500 10.027700 10.437500 10.339300 10.477200 10.758500 10.433500 10.375200 7.848300 9.544200 7.883400 7.946100 9.062500 8.204100 7.564400 8.725600 5.029000 0.000000 7.097400 7.856700 7.324200 7.111800 7.024100 7.035500 8.801600 6.990900 7.787900 7.531700 
l_canadensis7.899200 8.916400 9.613900 9.357100 9.766900 9.668700 9.806600 10.087900 9.762900 9.704600 7.177700 8.873600 7.212800 7.275500 8.391900 7.533500 6.893800 8.055000 5.008800 7.097400 0.000000 7.186100 6.653600 6.441200 6.353500 6.364900 8.131000 6.320300 7.117300 6.861100 
m_americana8.362300 9.379500 10.077000 9.820200 10.230000 10.131800 10.269700 10.551000 10.226000 10.167700 7.640800 9.336700 7.675900 7.738600 8.855000 7.996600 7.356900 8.518100 5.768100 7.856700 7.186100 0.000000 5.029300 6.139500 6.051800 6.063200 8.594100 6.783400 7.580400 7.324200 
u_littoralis7.829800 8.847000 9.544500 9.287700 9.697500 9.599300 9.737200 10.018500 9.693500 9.635200 7.108300 8.804200 7.143400 7.206100 8.322500 7.464100 6.824400 7.985600 5.235600 7.324200 6.653600 5.029300 0.000000 5.607000 5.519300 5.530700 8.061600 6.250900 7.047900 6.791700 
l_canadensis7.617400 8.634600 9.332100 9.075300 9.485100 9.386900 9.524800 9.806100 9.481100 9.422800 6.895900 8.591800 6.931000 6.993700 8.110100 7.251700 6.612000 7.773200 5.023200 7.111800 6.441200 6.139500 5.607000 0.000000 4.151900 5.190300 7.849200 6.038500 6.835500 6.579300 
m_nivalis  7.529700 8.546900 9.244400 8.987600 9.397400 9.299200 9.437100 9.718400 9.393400 9.335100 6.808200 8.504100 6.843300 6.906000 8.022400 7.164000 6.524300 7.685500 4.935500 7.024100 6.353500 6.051800 5.519300 4.151900 0.000000 5.102600 7.761500 5.950800 6.747800 6.491600 
m_mephitis7.541100 8.558300 9.255800 8.999000 9.408800 9.310600 9.448500 9.729800 9.404800 9.346500 6.819600 8.515500 6.854700 6.917400 8.033800 7.175400 6.535700 7.696900 4.946900 7.035500 6.364900 6.063200 5.530700 5.190300 5.102600 0.000000 7.772900 5.962200 6.759200 6.503000 
m_vison    8.828400 9.845600 10.543100 10.286300 10.696100 10.597900 10.735800 11.017100 10.692100 10.633800 8.106900 9.802800 8.142000 8.204700 9.321100 8.462700 7.823000 8.984200 6.713000 8.801600 8.131000 8.594100 8.061600 7.849200 7.761500 7.772900 0.000000 3.333500 5.671100 7.277100 
v_velox    7.017700 8.034900 8.732400 8.475600 8.885400 8.787200 8.925100 9.206400 8.881400 8.823100 6.296200 7.992100 6.331300 6.394000 7.510400 6.652000 6.012300 7.173500 4.902300 6.990900 6.320300 6.783400 6.250900 6.038500 5.950800 5.962200 3.333500 0.000000 3.860400 5.466400 
u_americanus7.814700 8.831900 9.529400 9.272600 9.682400 9.584200 9.722100 10.003400 9.678400 9.620100 7.093200 8.789100 7.128300 7.191000 8.307400 7.449000 6.809300 7.970500 5.699300 7.787900 7.117300 7.580400 7.047900 6.835500 6.747800 6.759200 5.671100 3.860400 0.000000 6.263400 
m_erminea  7.558500 8.575700 9.273200 9.016400 9.426200 9.328000 9.465900 9.747200 9.422200 9.363900 6.837000 8.532900 6.872100 6.934800 8.051200 7.192800 6.553100 7.714300 5.443100 7.531700 6.861100 7.324200 6.791700 6.579300 6.491600 6.503000 7.277100 5.466400 6.263400 0.000000 

