18
s_putorius0.000000 200.000000 490.000000 490.000000 392.000000 536.000000 536.000000 455.000000 587.000000 587.000000 539.000000 613.000000 613.000000 539.000000 487.000000 554.000000 554.000000 454.000000 
m_mephitis200.000000 0.000000 490.000000 490.000000 392.000000 536.000000 536.000000 455.000000 587.000000 587.000000 539.000000 613.000000 613.000000 539.000000 487.000000 554.000000 554.000000 454.000000 
c_lupus    490.000000 490.000000 0.000000 200.000000 298.000000 628.000000 628.000000 547.000000 679.000000 679.000000 631.000000 705.000000 705.000000 631.000000 579.000000 646.000000 646.000000 546.000000 
c_latrans  490.000000 490.000000 200.000000 0.000000 298.000000 628.000000 628.000000 547.000000 679.000000 679.000000 631.000000 705.000000 705.000000 631.000000 579.000000 646.000000 646.000000 546.000000 
v_lagopus  392.000000 392.000000 298.000000 298.000000 0.000000 530.000000 530.000000 449.000000 581.000000 581.000000 533.000000 607.000000 607.000000 533.000000 481.000000 548.000000 548.000000 448.000000 
ly_canaden536.000000 536.000000 628.000000 628.000000 530.000000 0.000000 200.000000 281.000000 613.000000 613.000000 565.000000 639.000000 639.000000 565.000000 513.000000 580.000000 580.000000 480.000000 
l_rufus    536.000000 536.000000 628.000000 628.000000 530.000000 200.000000 0.000000 281.000000 613.000000 613.000000 565.000000 639.000000 639.000000 565.000000 513.000000 580.000000 580.000000 480.000000 
p_concolor455.000000 455.000000 547.000000 547.000000 449.000000 281.000000 281.000000 0.000000 532.000000 532.000000 484.000000 558.000000 558.000000 484.000000 432.000000 499.000000 499.000000 399.000000 
m_american587.000000 587.000000 679.000000 679.000000 581.000000 613.000000 613.000000 532.000000 0.000000 200.000000 248.000000 382.000000 382.000000 308.000000 300.000000 539.000000 539.000000 439.000000 
lo_canaden587.000000 587.000000 679.000000 679.000000 581.000000 613.000000 613.000000 532.000000 200.000000 0.000000 248.000000 382.000000 382.000000 308.000000 300.000000 539.000000 539.000000 439.000000 
g_gulo     539.000000 539.000000 631.000000 631.000000 533.000000 565.000000 565.000000 484.000000 248.000000 248.000000 0.000000 334.000000 334.000000 260.000000 252.000000 491.000000 491.000000 391.000000 
m_nivalis  613.000000 613.000000 705.000000 705.000000 607.000000 639.000000 639.000000 558.000000 382.000000 382.000000 334.000000 0.000000 200.000000 274.000000 326.000000 565.000000 565.000000 465.000000 
n_vison    613.000000 613.000000 705.000000 705.000000 607.000000 639.000000 639.000000 558.000000 382.000000 382.000000 334.000000 200.000000 0.000000 274.000000 326.000000 565.000000 565.000000 465.000000 
m_pennanti539.000000 539.000000 631.000000 631.000000 533.000000 565.000000 565.000000 484.000000 308.000000 308.000000 260.000000 274.000000 274.000000 0.000000 252.000000 491.000000 491.000000 391.000000 
t_taxus    487.000000 487.000000 579.000000 579.000000 481.000000 513.000000 513.000000 432.000000 300.000000 300.000000 252.000000 326.000000 326.000000 252.000000 0.000000 439.000000 439.000000 339.000000 
u_arctos   554.000000 554.000000 646.000000 646.000000 548.000000 580.000000 580.000000 499.000000 539.000000 539.000000 491.000000 565.000000 565.000000 491.000000 439.000000 0.000000 200.000000 300.000000 
u_american554.000000 554.000000 646.000000 646.000000 548.000000 580.000000 580.000000 499.000000 539.000000 539.000000 491.000000 565.000000 565.000000 491.000000 439.000000 200.000000 0.000000 300.000000 
p_lotor    454.000000 454.000000 546.000000 546.000000 448.000000 480.000000 480.000000 399.000000 439.000000 439.000000 391.000000 465.000000 465.000000 391.000000 339.000000 300.000000 300.000000 0.000000 

30
g_gulo     0.000000 0.439900 0.623000 0.813700 0.687900 0.746400 0.815900 0.504200 0.715500 0.918100 0.681300 0.922800 0.866400 0.944700 0.949000 0.974300 0.557200 0.828900 0.562900 0.684300 0.699700 0.636500 0.615900 0.647500 0.575300 0.652600 0.705800 0.621300 0.588800 0.568100 
l_pardalis0.439900 0.000000 0.810900 1.001600 0.875800 0.934300 1.003800 0.692100 0.903400 1.106000 0.869200 1.110700 1.054300 1.132600 1.136900 1.162200 0.745100 1.016800 0.750800 0.872200 0.887600 0.824400 0.803800 0.835400 0.763200 0.840500 0.893700 0.809200 0.776700 0.756000 
a_lagopus  0.623000 0.810900 0.000000 0.539900 0.671500 0.730000 0.799500 0.487800 0.699100 0.901700 0.664900 0.906400 0.850000 0.928300 0.932600 0.957900 0.555800 0.827500 0.561500 0.682900 0.698300 0.635100 0.614500 0.646100 0.573900 0.651200 0.704400 0.619900 0.587400 0.566700 
b_astutus  0.813700 1.001600 0.539900 0.000000 0.862200 0.920700 0.990200 0.678500 0.889800 1.092400 0.855600 1.097100 1.040700 1.119000 1.123300 1.148600 0.746500 1.018200 0.752200 0.873600 0.889000 0.825800 0.805200 0.836800 0.764600 0.841900 0.895100 0.810600 0.778100 0.757400 
p_lotor    0.687900 0.875800 0.671500 0.862200 0.000000 0.640100 0.729600 0.417900 0.629200 0.903000 0.666200 0.907700 0.851300 0.929600 0.933900 0.959200 0.620700 0.892400 0.626400 0.747800 0.763200 0.700000 0.679400 0.711000 0.638800 0.716100 0.769300 0.684800 0.652300 0.631600 
p_concolor0.746400 0.934300 0.730000 0.920700 0.640100 0.000000 0.788100 0.476400 0.687700 0.961500 0.724700 0.966200 0.909800 0.988100 0.992400 1.017700 0.679200 0.950900 0.684900 0.806300 0.821700 0.758500 0.737900 0.769500 0.697300 0.774600 0.827800 0.743300 0.710800 0.690100 
m_vison    0.815900 1.003800 0.799500 0.990200 0.729600 0.788100 0.000000 0.311700 0.596200 1.031000 0.794200 1.035700 0.979300 1.057600 1.061900 1.087200 0.748700 1.020400 0.754400 0.875800 0.891200 0.828000 0.807400 0.839000 0.766800 0.844100 0.897300 0.812800 0.780300 0.759600 
v_velox    0.504200 0.692100 0.487800 0.678500 0.417900 0.476400 0.311700 0.000000 0.284500 0.719300 0.482500 0.724000 0.667600 0.745900 0.750200 0.775500 0.437000 0.708700 0.442700 0.564100 0.579500 0.516300 0.495700 0.527300 0.455100 0.532400 0.585600 0.501100 0.468600 0.447900 
u_americanus0.715500 0.903400 0.699100 0.889800 0.629200 0.687700 0.596200 0.284500 0.000000 0.930600 0.693800 0.935300 0.878900 0.957200 0.961500 0.986800 0.648300 0.920000 0.654000 0.775400 0.790800 0.727600 0.707000 0.738600 0.666400 0.743700 0.796900 0.712400 0.679900 0.659200 
s_putorius0.918100 1.106000 0.901700 1.092400 0.903000 0.961500 1.031000 0.719300 0.930600 0.000000 0.640000 1.090700 1.034300 1.112600 1.116900 1.142200 0.850900 1.122600 0.856600 0.978000 0.993400 0.930200 0.909600 0.941200 0.869000 0.946300 0.999500 0.915000 0.882500 0.861800 
s_pygmaea  0.681300 0.869200 0.664900 0.855600 0.666200 0.724700 0.794200 0.482500 0.693800 0.640000 0.000000 0.853900 0.797500 0.875800 0.880100 0.905400 0.614100 0.885800 0.619800 0.741200 0.756600 0.693400 0.672800 0.704400 0.632200 0.709500 0.762700 0.678200 0.645700 0.625000 
t_taxus    0.922800 1.110700 0.906400 1.097100 0.907700 0.966200 1.035700 0.724000 0.935300 1.090700 0.853900 0.000000 0.830000 1.016900 1.021200 1.046500 0.855600 1.127300 0.861300 0.982700 0.998100 0.934900 0.914300 0.945900 0.873700 0.951000 1.004200 0.919700 0.887200 0.866500 
u_arctos   0.866400 1.054300 0.850000 1.040700 0.851300 0.909800 0.979300 0.667600 0.878900 1.034300 0.797500 0.830000 0.000000 0.960500 0.964800 0.990100 0.799200 1.070900 0.804900 0.926300 0.941700 0.878500 0.857900 0.889500 0.817300 0.894600 0.947800 0.863300 0.830800 0.810100 
h_yaguarondi0.944700 1.132600 0.928300 1.119000 0.929600 0.988100 1.057600 0.745900 0.957200 1.112600 0.875800 1.016900 0.960500 0.000000 0.950100 0.997800 0.877500 1.149200 0.883200 1.004600 1.020000 0.956800 0.936200 0.967800 0.895600 0.972900 1.026100 0.941600 0.909100 0.888400 
n_narica   0.949000 1.136900 0.932600 1.123300 0.933900 0.992400 1.061900 0.750200 0.961500 1.116900 0.880100 1.021200 0.964800 0.950100 0.000000 1.002100 0.881800 1.153500 0.887500 1.008900 1.024300 0.961100 0.940500 0.972100 0.899900 0.977200 1.030400 0.945900 0.913400 0.892700 
v_vulpes   0.974300 1.162200 0.957900 1.148600 0.959200 1.017700 1.087200 0.775500 0.986800 1.142200 0.905400 1.046500 0.990100 0.997800 1.002100 0.000000 0.907100 1.178800 0.912800 1.034200 1.049600 0.986400 0.965800 0.997400 0.925200 1.002500 1.055700 0.971200 0.938700 0.918000 
c_lupus    0.557200 0.745100 0.555800 0.746500 0.620700 0.679200 0.748700 0.437000 0.648300 0.850900 0.614100 0.855600 0.799200 0.877500 0.881800 0.907100 0.000000 0.309900 0.445900 0.567300 0.582700 0.519500 0.498900 0.530500 0.458300 0.535600 0.588800 0.504300 0.471800 0.451100 
c_leuconotus0.828900 1.016800 0.827500 1.018200 0.892400 0.950900 1.020400 0.708700 0.920000 1.122600 0.885800 1.127300 1.070900 1.149200 1.153500 1.178800 0.309900 0.000000 0.717600 0.839000 0.854400 0.791200 0.770600 0.802200 0.730000 0.807300 0.860500 0.776000 0.743500 0.722800 
c_latrans  0.562900 0.750800 0.561500 0.752200 0.626400 0.684900 0.754400 0.442700 0.654000 0.856600 0.619800 0.861300 0.804900 0.883200 0.887500 0.912800 0.445900 0.717600 0.000000 0.270200 0.455600 0.392400 0.371800 0.403400 0.331200 0.408500 0.461700 0.377200 0.344700 0.324000 
m_pennanti0.684300 0.872200 0.682900 0.873600 0.747800 0.806300 0.875800 0.564100 0.775400 0.978000 0.741200 0.982700 0.926300 1.004600 1.008900 1.034200 0.567300 0.839000 0.270200 0.000000 0.577000 0.513800 0.493200 0.524800 0.452600 0.529900 0.583100 0.498600 0.466100 0.445400 
m_americana0.699700 0.887600 0.698300 0.889000 0.763200 0.821700 0.891200 0.579500 0.790800 0.993400 0.756600 0.998100 0.941700 1.020000 1.024300 1.049600 0.582700 0.854400 0.455600 0.577000 0.000000 0.439800 0.477000 0.540200 0.468000 0.545300 0.598500 0.514000 0.481500 0.460800 
u_littoralis0.636500 0.824400 0.635100 0.825800 0.700000 0.758500 0.828000 0.516300 0.727600 0.930200 0.693400 0.934900 0.878500 0.956800 0.961100 0.986400 0.519500 0.791200 0.392400 0.513800 0.439800 0.000000 0.413800 0.477000 0.404800 0.482100 0.535300 0.450800 0.418300 0.397600 
lo_canaden0.615900 0.803800 0.614500 0.805200 0.679400 0.737900 0.807400 0.495700 0.707000 0.909600 0.672800 0.914300 0.857900 0.936200 0.940500 0.965800 0.498900 0.770600 0.371800 0.493200 0.477000 0.413800 0.000000 0.456400 0.384200 0.461500 0.514700 0.430200 0.397700 0.377000 
ly_canaden0.647500 0.835400 0.646100 0.836800 0.711000 0.769500 0.839000 0.527300 0.738600 0.941200 0.704400 0.945900 0.889500 0.967800 0.972100 0.997400 0.530500 0.802200 0.403400 0.524800 0.540200 0.477000 0.456400 0.000000 0.330000 0.456300 0.509500 0.425000 0.392500 0.371800 
m_mephitis0.575300 0.763200 0.573900 0.764600 0.638800 0.697300 0.766800 0.455100 0.666400 0.869000 0.632200 0.873700 0.817300 0.895600 0.899900 0.925200 0.458300 0.730000 0.331200 0.452600 0.468000 0.404800 0.384200 0.330000 0.000000 0.384100 0.437300 0.352800 0.320300 0.299600 
l_rufus    0.652600 0.840500 0.651200 0.841900 0.716100 0.774600 0.844100 0.532400 0.743700 0.946300 0.709500 0.951000 0.894600 0.972900 0.977200 1.002500 0.535600 0.807300 0.408500 0.529900 0.545300 0.482100 0.461500 0.456300 0.384100 0.000000 0.369800 0.384700 0.352200 0.347900 
p_onca     0.705800 0.893700 0.704400 0.895100 0.769300 0.827800 0.897300 0.585600 0.796900 0.999500 0.762700 1.004200 0.947800 1.026100 1.030400 1.055700 0.588800 0.860500 0.461700 0.583100 0.598500 0.535300 0.514700 0.509500 0.437300 0.369800 0.000000 0.437900 0.405400 0.401100 
m_erminea  0.621300 0.809200 0.619900 0.810600 0.684800 0.743300 0.812800 0.501100 0.712400 0.915000 0.678200 0.919700 0.863300 0.941600 0.945900 0.971200 0.504300 0.776000 0.377200 0.498600 0.514000 0.450800 0.430200 0.425000 0.352800 0.384700 0.437900 0.000000 0.159700 0.316600 
m_frenata  0.588800 0.776700 0.587400 0.778100 0.652300 0.710800 0.780300 0.468600 0.679900 0.882500 0.645700 0.887200 0.830800 0.909100 0.913400 0.938700 0.471800 0.743500 0.344700 0.466100 0.481500 0.418300 0.397700 0.392500 0.320300 0.352200 0.405400 0.159700 0.000000 0.284100 
m_nivalis  0.568100 0.756000 0.566700 0.757400 0.631600 0.690100 0.759600 0.447900 0.659200 0.861800 0.625000 0.866500 0.810100 0.888400 0.892700 0.918000 0.451100 0.722800 0.324000 0.445400 0.460800 0.397600 0.377000 0.371800 0.299600 0.347900 0.401100 0.316600 0.284100 0.000000 

