9
m_pennanti0.000000 200.000000 374.000000 374.000000 471.000000 471.000000 371.000000 393.000000 393.000000 
g_gulo     200.000000 0.000000 374.000000 374.000000 471.000000 471.000000 371.000000 393.000000 393.000000 
l_rufus    374.000000 374.000000 0.000000 200.000000 387.000000 387.000000 287.000000 377.000000 377.000000 
p_lotor    374.000000 374.000000 200.000000 0.000000 387.000000 387.000000 287.000000 377.000000 377.000000 
c_latrans  471.000000 471.000000 387.000000 387.000000 0.000000 200.000000 300.000000 474.000000 474.000000 
c_lupus    471.000000 471.000000 387.000000 387.000000 200.000000 0.000000 300.000000 474.000000 474.000000 
s_putorius371.000000 371.000000 287.000000 287.000000 300.000000 300.000000 0.000000 374.000000 374.000000 
u_american393.000000 393.000000 377.000000 377.000000 474.000000 474.000000 374.000000 0.000000 200.000000 
u_arctos   393.000000 393.000000 377.000000 377.000000 474.000000 474.000000 374.000000 200.000000 0.000000 

30
m_vison    0.000000 0.469900 0.902000 0.939900 0.827900 0.935400 0.875300 0.913800 0.936300 1.038200 0.897100 1.040500 0.946600 1.017100 1.021000 1.067700 0.750500 0.906500 0.832000 0.816800 0.887900 0.900800 0.820500 0.892900 0.792900 0.815700 0.828200 0.850900 0.776600 0.909500 
u_littoralis0.469900 0.000000 0.772300 0.810200 0.698200 0.805700 0.745600 0.784100 0.806600 0.908500 0.767400 0.910800 0.816900 0.887400 0.891300 0.938000 0.620800 0.776800 0.702300 0.687100 0.758200 0.771100 0.690800 0.763200 0.663200 0.686000 0.698500 0.721200 0.646900 0.779800 
a_lagopus  0.902000 0.772300 0.000000 0.690300 0.742300 0.849800 0.835900 0.874400 0.896900 0.998800 0.857700 1.001100 0.907200 0.977700 0.981600 1.028300 0.738300 0.894300 0.819800 0.804600 0.875700 0.888600 0.808300 0.880700 0.780700 0.803500 0.816000 0.838700 0.764400 0.897300 
c_leuconotus0.939900 0.810200 0.690300 0.000000 0.780200 0.887700 0.873800 0.912300 0.934800 1.036700 0.895600 1.039000 0.945100 1.015600 1.019500 1.066200 0.776200 0.932200 0.857700 0.842500 0.913600 0.926500 0.846200 0.918600 0.818600 0.841400 0.853900 0.876600 0.802300 0.935200 
c_lupus    0.827900 0.698200 0.742300 0.780200 0.000000 0.529900 0.761800 0.800300 0.822800 0.924700 0.783600 0.927000 0.833100 0.903600 0.907500 0.954200 0.664200 0.820200 0.745700 0.730500 0.801600 0.814500 0.734200 0.806600 0.706600 0.729400 0.741900 0.764600 0.690300 0.823200 
l_pardalis0.935400 0.805700 0.849800 0.887700 0.529900 0.000000 0.869300 0.907800 0.930300 1.032200 0.891100 1.034500 0.940600 1.011100 1.015000 1.061700 0.771700 0.927700 0.853200 0.838000 0.909100 0.922000 0.841700 0.914100 0.814100 0.836900 0.849400 0.872100 0.797800 0.930700 
p_lotor    0.875300 0.745600 0.835900 0.873800 0.761800 0.869300 0.000000 0.679900 0.711000 0.865700 0.724600 0.900400 0.806500 0.877000 0.880900 0.927600 0.711600 0.867600 0.793100 0.777900 0.849000 0.861900 0.781600 0.854000 0.754000 0.776800 0.789300 0.812000 0.737700 0.870600 
p_concolor0.913800 0.784100 0.874400 0.912300 0.800300 0.907800 0.679900 0.000000 0.749500 0.904200 0.763100 0.938900 0.845000 0.915500 0.919400 0.966100 0.750100 0.906100 0.831600 0.816400 0.887500 0.900400 0.820100 0.892500 0.792500 0.815300 0.827800 0.850500 0.776200 0.909100 
b_astutus  0.936300 0.806600 0.896900 0.934800 0.822800 0.930300 0.711000 0.749500 0.000000 0.926700 0.785600 0.961400 0.867500 0.938000 0.941900 0.988600 0.772600 0.928600 0.854100 0.838900 0.910000 0.922900 0.842600 0.915000 0.815000 0.837800 0.850300 0.873000 0.798700 0.931600 
s_putorius1.038200 0.908500 0.998800 1.036700 0.924700 1.032200 0.865700 0.904200 0.926700 0.000000 0.689900 1.063300 0.969400 1.039900 1.043800 1.090500 0.874500 1.030500 0.956000 0.940800 1.011900 1.024800 0.944500 1.016900 0.916900 0.939700 0.952200 0.974900 0.900600 1.033500 
s_pygmaea  0.897100 0.767400 0.857700 0.895600 0.783600 0.891100 0.724600 0.763100 0.785600 0.689900 0.000000 0.922200 0.828300 0.898800 0.902700 0.949400 0.733400 0.889400 0.814900 0.799700 0.870800 0.883700 0.803400 0.875800 0.775800 0.798600 0.811100 0.833800 0.759500 0.892400 
t_taxus    1.040500 0.910800 1.001100 1.039000 0.927000 1.034500 0.900400 0.938900 0.961400 1.063300 0.922200 0.000000 0.749900 1.012200 1.016100 1.062800 0.876800 1.032800 0.958300 0.943100 1.014200 1.027100 0.946800 1.019200 0.919200 0.942000 0.954500 0.977200 0.902900 1.035800 
u_arctos   0.946600 0.816900 0.907200 0.945100 0.833100 0.940600 0.806500 0.845000 0.867500 0.969400 0.828300 0.749900 0.000000 0.918300 0.922200 0.968900 0.782900 0.938900 0.864400 0.849200 0.920300 0.933200 0.852900 0.925300 0.825300 0.848100 0.860600 0.883300 0.809000 0.941900 
h_yaguarondi1.017100 0.887400 0.977700 1.015600 0.903600 1.011100 0.877000 0.915500 0.938000 1.039900 0.898800 1.012200 0.918300 0.000000 0.919900 0.998200 0.853400 1.009400 0.934900 0.919700 0.990800 1.003700 0.923400 0.995800 0.895800 0.918600 0.931100 0.953800 0.879500 1.012400 
n_narica   1.021000 0.891300 0.981600 1.019500 0.907500 1.015000 0.880900 0.919400 0.941900 1.043800 0.902700 1.016100 0.922200 0.919900 0.000000 1.002100 0.857300 1.013300 0.938800 0.923600 0.994700 1.007600 0.927300 0.999700 0.899700 0.922500 0.935000 0.957700 0.883400 1.016300 
v_vulpes   1.067700 0.938000 1.028300 1.066200 0.954200 1.061700 0.927600 0.966100 0.988600 1.090500 0.949400 1.062800 0.968900 0.998200 1.002100 0.000000 0.904000 1.060000 0.985500 0.970300 1.041400 1.054300 0.974000 1.046400 0.946400 0.969200 0.981700 1.004400 0.930100 1.063000 
c_latrans  0.750500 0.620800 0.738300 0.776200 0.664200 0.771700 0.711600 0.750100 0.772600 0.874500 0.733400 0.876800 0.782900 0.853400 0.857300 0.904000 0.000000 0.589800 0.562300 0.556900 0.628000 0.710500 0.630200 0.702600 0.602600 0.625400 0.637900 0.660600 0.586300 0.719200 
m_pennanti0.906500 0.776800 0.894300 0.932200 0.820200 0.927700 0.867600 0.906100 0.928600 1.030500 0.889400 1.032800 0.938900 1.009400 1.013300 1.060000 0.589800 0.000000 0.718300 0.712900 0.784000 0.866500 0.786200 0.858600 0.758600 0.781400 0.793900 0.816600 0.742300 0.875200 
ly_canaden0.832000 0.702300 0.819800 0.857700 0.745700 0.853200 0.793100 0.831600 0.854100 0.956000 0.814900 0.958300 0.864400 0.934900 0.938800 0.985500 0.562300 0.718300 0.000000 0.638400 0.709500 0.792000 0.711700 0.784100 0.684100 0.706900 0.719400 0.742100 0.667800 0.800700 
l_rufus    0.816800 0.687100 0.804600 0.842500 0.730500 0.838000 0.777900 0.816400 0.838900 0.940800 0.799700 0.943100 0.849200 0.919700 0.923600 0.970300 0.556900 0.712900 0.638400 0.000000 0.570100 0.776800 0.696500 0.768900 0.668900 0.691700 0.704200 0.726900 0.652600 0.785500 
p_onca     0.887900 0.758200 0.875700 0.913600 0.801600 0.909100 0.849000 0.887500 0.910000 1.011900 0.870800 1.014200 0.920300 0.990800 0.994700 1.041400 0.628000 0.784000 0.709500 0.570100 0.000000 0.847900 0.767600 0.840000 0.740000 0.762800 0.775300 0.798000 0.723700 0.856600 
g_gulo     0.900800 0.771100 0.888600 0.926500 0.814500 0.922000 0.861900 0.900400 0.922900 1.024800 0.883700 1.027100 0.933200 1.003700 1.007600 1.054300 0.710500 0.866500 0.792000 0.776800 0.847900 0.000000 0.640100 0.786300 0.686300 0.709100 0.721600 0.744300 0.670000 0.802900 
m_frenata  0.820500 0.690800 0.808300 0.846200 0.734200 0.841700 0.781600 0.820100 0.842600 0.944500 0.803400 0.946800 0.852900 0.923400 0.927300 0.974000 0.630200 0.786200 0.711700 0.696500 0.767600 0.640100 0.000000 0.706000 0.606000 0.628800 0.641300 0.664000 0.589700 0.722600 
m_americana0.892900 0.763200 0.880700 0.918600 0.806600 0.914100 0.854000 0.892500 0.915000 1.016900 0.875800 1.019200 0.925300 0.995800 0.999700 1.046400 0.702600 0.858600 0.784100 0.768900 0.840000 0.786300 0.706000 0.000000 0.490000 0.692400 0.704900 0.727600 0.653300 0.786200 
m_mephitis0.792900 0.663200 0.780700 0.818600 0.706600 0.814100 0.754000 0.792500 0.815000 0.916900 0.775800 0.919200 0.825300 0.895800 0.899700 0.946400 0.602600 0.758600 0.684100 0.668900 0.740000 0.686300 0.606000 0.490000 0.000000 0.592400 0.604900 0.627600 0.553300 0.686200 
lo_canaden0.815700 0.686000 0.803500 0.841400 0.729400 0.836900 0.776800 0.815300 0.837800 0.939700 0.798600 0.942000 0.848100 0.918600 0.922500 0.969200 0.625400 0.781400 0.706900 0.691700 0.762800 0.709100 0.628800 0.692400 0.592400 0.000000 0.449900 0.580600 0.506300 0.639200 
m_nivalis  0.828200 0.698500 0.816000 0.853900 0.741900 0.849400 0.789300 0.827800 0.850300 0.952200 0.811100 0.954500 0.860600 0.931100 0.935000 0.981700 0.637900 0.793900 0.719400 0.704200 0.775300 0.721600 0.641300 0.704900 0.604900 0.449900 0.000000 0.593100 0.518800 0.651700 
m_erminea  0.850900 0.721200 0.838700 0.876600 0.764600 0.872100 0.812000 0.850500 0.873000 0.974900 0.833800 0.977200 0.883300 0.953800 0.957700 1.004400 0.660600 0.816600 0.742100 0.726900 0.798000 0.744300 0.664000 0.727600 0.627600 0.580600 0.593100 0.000000 0.330100 0.602000 
v_velox    0.776600 0.646900 0.764400 0.802300 0.690300 0.797800 0.737700 0.776200 0.798700 0.900600 0.759500 0.902900 0.809000 0.879500 0.883400 0.930100 0.586300 0.742300 0.667800 0.652600 0.723700 0.670000 0.589700 0.653300 0.553300 0.506300 0.518800 0.330100 0.000000 0.527700 
u_americanus0.909500 0.779800 0.897300 0.935200 0.823200 0.930700 0.870600 0.909100 0.931600 1.033500 0.892400 1.035800 0.941900 1.012400 1.016300 1.063000 0.719200 0.875200 0.800700 0.785500 0.856600 0.802900 0.722600 0.786200 0.686200 0.639200 0.651700 0.602000 0.527700 0.000000 

