18
m_american0.000000 200.000000 241.000000 342.000000 342.000000 312.000000 616.000000 616.000000 517.000000 657.000000 657.000000 568.000000 534.000000 534.000000 484.000000 484.000000 363.000000 317.000000 
n_vison    200.000000 0.000000 241.000000 342.000000 342.000000 312.000000 616.000000 616.000000 517.000000 657.000000 657.000000 568.000000 534.000000 534.000000 484.000000 484.000000 363.000000 317.000000 
t_taxus    241.000000 241.000000 0.000000 301.000000 301.000000 271.000000 575.000000 575.000000 476.000000 616.000000 616.000000 527.000000 493.000000 493.000000 443.000000 443.000000 322.000000 276.000000 
m_pennanti342.000000 342.000000 301.000000 0.000000 200.000000 230.000000 608.000000 608.000000 509.000000 649.000000 649.000000 560.000000 526.000000 526.000000 476.000000 476.000000 355.000000 309.000000 
m_nivalis  342.000000 342.000000 301.000000 200.000000 0.000000 230.000000 608.000000 608.000000 509.000000 649.000000 649.000000 560.000000 526.000000 526.000000 476.000000 476.000000 355.000000 309.000000 
g_gulo     312.000000 312.000000 271.000000 230.000000 230.000000 0.000000 578.000000 578.000000 479.000000 619.000000 619.000000 530.000000 496.000000 496.000000 446.000000 446.000000 325.000000 279.000000 
c_latrans  616.000000 616.000000 575.000000 608.000000 608.000000 578.000000 0.000000 200.000000 299.000000 623.000000 623.000000 534.000000 500.000000 500.000000 528.000000 528.000000 453.000000 499.000000 
c_lupus    616.000000 616.000000 575.000000 608.000000 608.000000 578.000000 200.000000 0.000000 299.000000 623.000000 623.000000 534.000000 500.000000 500.000000 528.000000 528.000000 453.000000 499.000000 
v_lagopus  517.000000 517.000000 476.000000 509.000000 509.000000 479.000000 299.000000 299.000000 0.000000 524.000000 524.000000 435.000000 401.000000 401.000000 429.000000 429.000000 354.000000 400.000000 
l_rufus    657.000000 657.000000 616.000000 649.000000 649.000000 619.000000 623.000000 623.000000 524.000000 0.000000 200.000000 289.000000 451.000000 451.000000 569.000000 569.000000 494.000000 540.000000 
ly_canaden657.000000 657.000000 616.000000 649.000000 649.000000 619.000000 623.000000 623.000000 524.000000 200.000000 0.000000 289.000000 451.000000 451.000000 569.000000 569.000000 494.000000 540.000000 
p_concolor568.000000 568.000000 527.000000 560.000000 560.000000 530.000000 534.000000 534.000000 435.000000 289.000000 289.000000 0.000000 362.000000 362.000000 480.000000 480.000000 405.000000 451.000000 
m_mephitis534.000000 534.000000 493.000000 526.000000 526.000000 496.000000 500.000000 500.000000 401.000000 451.000000 451.000000 362.000000 0.000000 200.000000 446.000000 446.000000 371.000000 417.000000 
s_putorius534.000000 534.000000 493.000000 526.000000 526.000000 496.000000 500.000000 500.000000 401.000000 451.000000 451.000000 362.000000 200.000000 0.000000 446.000000 446.000000 371.000000 417.000000 
u_american484.000000 484.000000 443.000000 476.000000 476.000000 446.000000 528.000000 528.000000 429.000000 569.000000 569.000000 480.000000 446.000000 446.000000 0.000000 200.000000 321.000000 367.000000 
u_arctos   484.000000 484.000000 443.000000 476.000000 476.000000 446.000000 528.000000 528.000000 429.000000 569.000000 569.000000 480.000000 446.000000 446.000000 200.000000 0.000000 321.000000 367.000000 
p_lotor    363.000000 363.000000 322.000000 355.000000 355.000000 325.000000 453.000000 453.000000 354.000000 494.000000 494.000000 405.000000 371.000000 371.000000 321.000000 321.000000 0.000000 246.000000 
lo_canaden317.000000 317.000000 276.000000 309.000000 309.000000 279.000000 499.000000 499.000000 400.000000 540.000000 540.000000 451.000000 417.000000 417.000000 367.000000 367.000000 246.000000 0.000000 

30
g_gulo     0.000000 7.777200 8.211900 9.168400 7.346000 9.240300 10.168600 9.711200 9.680300 9.782700 9.524700 10.174300 9.618700 10.167000 10.249900 10.275000 9.060000 7.029900 8.288900 7.867000 7.510400 7.462400 7.340300 8.527900 7.073700 7.627600 8.029400 8.131800 8.403400 8.597600 
u_americanus7.777200 0.000000 8.493900 9.450400 7.628000 9.522300 10.450600 9.993200 9.962300 10.064700 9.806700 10.456300 9.900700 10.449000 10.531900 10.557000 9.342000 7.311900 8.570900 8.149000 7.792400 7.744400 7.622300 8.809900 7.355700 7.909600 8.311400 8.413800 8.685400 8.879600 
a_lagopus  8.211900 8.493900 0.000000 5.264500 6.352300 8.246600 9.740100 9.282700 9.251800 9.354200 9.096200 9.745800 9.190200 9.738500 9.821400 9.846500 8.979700 6.949600 8.208600 7.786700 7.430100 7.382100 7.260000 8.447600 6.993400 7.547300 7.949100 8.051500 8.323100 8.517300 
c_leuconotus9.168400 9.450400 5.264500 0.000000 7.308800 9.203100 10.696600 10.239200 10.208300 10.310700 10.052700 10.702300 10.146700 10.695000 10.777900 10.803000 9.936200 7.906100 9.165100 8.743200 8.386600 8.338600 8.216500 9.404100 7.949900 8.503800 8.905600 9.008000 9.279600 9.473800 
c_lupus    7.346000 7.628000 6.352300 7.308800 0.000000 3.918300 8.874200 8.416800 8.385900 8.488300 8.230300 8.879900 8.324300 8.872600 8.955500 8.980600 8.113800 6.083700 7.342700 6.920800 6.564200 6.516200 6.394100 7.581700 6.127500 6.681400 7.083200 7.185600 7.457200 7.651400 
l_pardalis9.240300 9.522300 8.246600 9.203100 3.918300 0.000000 10.768500 10.311100 10.280200 10.382600 10.124600 10.774200 10.218600 10.766900 10.849800 10.874900 10.008100 7.978000 9.237000 8.815100 8.458500 8.410500 8.288400 9.476000 8.021800 8.575700 8.977500 9.079900 9.351500 9.545700 
t_taxus    10.168600 10.450600 9.740100 10.696600 8.874200 10.768500 0.000000 8.889000 9.684700 9.787100 9.529100 10.178700 9.623100 10.171400 10.284300 10.309400 10.936400 8.906300 10.165300 9.743400 9.386800 9.338800 9.216700 10.404300 8.950100 9.504000 9.905800 10.008200 10.279800 10.474000 
u_arctos   9.711200 9.993200 9.282700 10.239200 8.416800 10.311100 8.889000 0.000000 9.227300 9.329700 9.071700 9.721300 9.165700 9.714000 9.826900 9.852000 10.479000 8.448900 9.707900 9.286000 8.929400 8.881400 8.759300 9.946900 8.492700 9.046600 9.448400 9.550800 9.822400 10.016600 
b_astutus  9.680300 9.962300 9.251800 10.208300 8.385900 10.280200 9.684700 9.227300 0.000000 8.771800 8.779200 9.613200 9.057600 9.608300 9.796000 9.821100 10.448100 8.418000 9.677000 9.255100 8.898500 8.850500 8.728400 9.916000 8.461800 9.015700 9.417500 9.519900 9.791500 9.985700 
p_concolor9.782700 10.064700 9.354200 10.310700 8.488300 10.382600 9.787100 9.329700 8.771800 0.000000 8.881600 9.715600 9.160000 9.710700 9.898400 9.923500 10.550500 8.520400 9.779400 9.357500 9.000900 8.952900 8.830800 10.018400 8.564200 9.118100 9.519900 9.622300 9.893900 10.088100 
p_lotor    9.524700 9.806700 9.096200 10.052700 8.230300 10.124600 9.529100 9.071700 8.779200 8.881600 0.000000 9.457600 8.902000 9.452700 9.640400 9.665500 10.292500 8.262400 9.521400 9.099500 8.742900 8.694900 8.572800 9.760400 8.306200 8.860100 9.261900 9.364300 9.635900 9.830100 
s_putorius10.174300 10.456300 9.745800 10.702300 8.879900 10.774200 10.178700 9.721300 9.613200 9.715600 9.457600 0.000000 8.771800 10.102300 10.290000 10.315100 10.942100 8.912000 10.171000 9.749100 9.392500 9.344500 9.222400 10.410000 8.955800 9.509700 9.911500 10.013900 10.285500 10.479700 
s_pygmaea  9.618700 9.900700 9.190200 10.146700 8.324300 10.218600 9.623100 9.165700 9.057600 9.160000 8.902000 8.771800 0.000000 9.546700 9.734400 9.759500 10.386500 8.356400 9.615400 9.193500 8.836900 8.788900 8.666800 9.854400 8.400200 8.954100 9.355900 9.458300 9.729900 9.924100 
n_narica   10.167000 10.449000 9.738500 10.695000 8.872600 10.766900 10.171400 9.714000 9.608300 9.710700 9.452700 10.102300 9.546700 0.000000 10.282700 10.307800 10.934800 8.904700 10.163700 9.741800 9.385200 9.337200 9.215100 10.402700 8.948500 9.502400 9.904200 10.006600 10.278200 10.472400 
h_yaguarondi10.249900 10.531900 9.821400 10.777900 8.955500 10.849800 10.284300 9.826900 9.796000 9.898400 9.640400 10.290000 9.734400 10.282700 0.000000 10.000500 11.017700 8.987600 10.246600 9.824700 9.468100 9.420100 9.298000 10.485600 9.031400 9.585300 9.987100 10.089500 10.361100 10.555300 
v_vulpes   10.275000 10.557000 9.846500 10.803000 8.980600 10.874900 10.309400 9.852000 9.821100 9.923500 9.665500 10.315100 9.759500 10.307800 10.000500 0.000000 11.042800 9.012700 10.271700 9.849800 9.493200 9.445200 9.323100 10.510700 9.056500 9.610400 10.012200 10.114600 10.386200 10.580400 
m_vison    9.060000 9.342000 8.979700 9.936200 8.113800 10.008100 10.936400 10.479000 10.448100 10.550500 10.292500 10.942100 10.386500 10.934800 11.017700 11.042800 0.000000 3.099300 8.608900 8.187000 7.830400 7.782400 7.660300 8.847900 7.393700 7.947600 8.349400 8.451800 8.723400 8.917600 
u_littoralis7.029900 7.311900 6.949600 7.906100 6.083700 7.978000 8.906300 8.448900 8.418000 8.520400 8.262400 8.912000 8.356400 8.904700 8.987600 9.012700 3.099300 0.000000 6.578800 6.156900 5.800300 5.752300 5.630200 6.817800 5.363600 5.917500 6.319300 6.421700 6.693300 6.887500 
m_americana8.288900 8.570900 8.208600 9.165100 7.342700 9.237000 10.165300 9.707900 9.677000 9.779400 9.521400 10.171000 9.615400 10.163700 10.246600 10.271700 8.608900 6.578800 0.000000 4.093500 5.739500 5.691500 5.569400 6.757000 5.302800 5.856700 6.784700 6.887100 7.158700 7.352900 
m_frenata  7.867000 8.149000 7.786700 8.743200 6.920800 8.815100 9.743400 9.286000 9.255100 9.357500 9.099500 9.749100 9.193500 9.741800 9.824700 9.849800 8.187000 6.156900 4.093500 0.000000 5.317600 5.269600 5.147500 6.335100 4.880900 5.434800 6.362800 6.465200 6.736800 6.931000 
l_canadensis7.510400 7.792400 7.430100 8.386600 6.564200 8.458500 9.386800 8.929400 8.898500 9.000900 8.742900 9.392500 8.836900 9.385200 9.468100 9.493200 7.830400 5.800300 5.739500 5.317600 0.000000 2.807200 4.058700 5.978500 4.524300 5.078200 6.006200 6.108600 6.380200 6.574400 
m_mephitis7.462400 7.744400 7.382100 8.338600 6.516200 8.410500 9.338800 8.881400 8.850500 8.952900 8.694900 9.344500 8.788900 9.337200 9.420100 9.445200 7.782400 5.752300 5.691500 5.269600 2.807200 0.000000 4.010700 5.930500 4.476300 5.030200 5.958200 6.060600 6.332200 6.526400 
c_latrans  7.340300 7.622300 7.260000 8.216500 6.394100 8.288400 9.216700 8.759300 8.728400 8.830800 8.572800 9.222400 8.666800 9.215100 9.298000 9.323100 7.660300 5.630200 5.569400 5.147500 4.058700 4.010700 0.000000 5.808400 4.354200 4.908100 5.836100 5.938500 6.210100 6.404300 
m_erminea  8.527900 8.809900 8.447600 9.404100 7.581700 9.476000 10.404300 9.946900 9.916000 10.018400 9.760400 10.410000 9.854400 10.402700 10.485600 10.510700 8.847900 6.817800 6.757000 6.335100 5.978500 5.930500 5.808400 0.000000 1.454200 3.651100 7.023700 7.126100 7.397700 7.591900 
v_velox    7.073700 7.355700 6.993400 7.949900 6.127500 8.021800 8.950100 8.492700 8.461800 8.564200 8.306200 8.955800 8.400200 8.948500 9.031400 9.056500 7.393700 5.363600 5.302800 4.880900 4.524300 4.476300 4.354200 1.454200 0.000000 2.196900 5.569500 5.671900 5.943500 6.137700 
m_nivalis  7.627600 7.909600 7.547300 8.503800 6.681400 8.575700 9.504000 9.046600 9.015700 9.118100 8.860100 9.509700 8.954100 9.502400 9.585300 9.610400 7.947600 5.917500 5.856700 5.434800 5.078200 5.030200 4.908100 3.651100 2.196900 0.000000 6.123400 6.225800 6.497400 6.691600 
l_canadensis8.029400 8.311400 7.949100 8.905600 7.083200 8.977500 9.905800 9.448400 9.417500 9.519900 9.261900 9.911500 9.355900 9.904200 9.987100 10.012200 8.349400 6.319300 6.784700 6.362800 6.006200 5.958200 5.836100 7.023700 5.569500 6.123400 0.000000 4.035200 6.411000 6.839000 
l_rufus    8.131800 8.413800 8.051500 9.008000 7.185600 9.079900 10.008200 9.550800 9.519900 9.622300 9.364300 10.013900 9.458300 10.006600 10.089500 10.114600 8.451800 6.421700 6.887100 6.465200 6.108600 6.060600 5.938500 7.126100 5.671900 6.225800 4.035200 0.000000 6.513400 6.941400 
m_pennanti8.403400 8.685400 8.323100 9.279600 7.457200 9.351500 10.279800 9.822400 9.791500 9.893900 9.635900 10.285500 9.729900 10.278200 10.361100 10.386200 8.723400 6.693300 7.158700 6.736800 6.380200 6.332200 6.210100 7.397700 5.943500 6.497400 6.411000 6.513400 0.000000 7.213000 
p_onca     8.597600 8.879600 8.517300 9.473800 7.651400 9.545700 10.474000 10.016600 9.985700 10.088100 9.830100 10.479700 9.924100 10.472400 10.555300 10.580400 8.917600 6.887500 7.352900 6.931000 6.574400 6.526400 6.404300 7.591900 6.137700 6.691600 6.839000 6.941400 7.213000 0.000000 

