16
m_erminea  0.000000 200.000000 300.000000 357.000000 601.000000 601.000000 510.000000 519.000000 610.000000 945.000000 945.000000 945.000000 945.000000 867.000000 867.000000 704.000000 
m_nivalis  200.000000 0.000000 300.000000 357.000000 601.000000 601.000000 510.000000 519.000000 610.000000 945.000000 945.000000 945.000000 945.000000 867.000000 867.000000 704.000000 
n_vison    300.000000 300.000000 0.000000 257.000000 501.000000 501.000000 410.000000 419.000000 510.000000 845.000000 845.000000 845.000000 845.000000 767.000000 767.000000 604.000000 
lo_canaden357.000000 357.000000 257.000000 0.000000 444.000000 444.000000 353.000000 362.000000 453.000000 788.000000 788.000000 788.000000 788.000000 710.000000 710.000000 547.000000 
m_american601.000000 601.000000 501.000000 444.000000 0.000000 200.000000 291.000000 478.000000 569.000000 904.000000 904.000000 904.000000 904.000000 826.000000 826.000000 663.000000 
g_gulo     601.000000 601.000000 501.000000 444.000000 200.000000 0.000000 291.000000 478.000000 569.000000 904.000000 904.000000 904.000000 904.000000 826.000000 826.000000 663.000000 
m_pennanti510.000000 510.000000 410.000000 353.000000 291.000000 291.000000 0.000000 387.000000 478.000000 813.000000 813.000000 813.000000 813.000000 735.000000 735.000000 572.000000 
t_taxus    519.000000 519.000000 419.000000 362.000000 478.000000 478.000000 387.000000 0.000000 291.000000 626.000000 626.000000 626.000000 626.000000 548.000000 548.000000 385.000000 
p_lotor    610.000000 610.000000 510.000000 453.000000 569.000000 569.000000 478.000000 291.000000 0.000000 535.000000 535.000000 535.000000 535.000000 457.000000 457.000000 294.000000 
p_onca     945.000000 945.000000 845.000000 788.000000 904.000000 904.000000 813.000000 626.000000 535.000000 0.000000 200.000000 400.000000 400.000000 478.000000 478.000000 441.000000 
l_pardalis945.000000 945.000000 845.000000 788.000000 904.000000 904.000000 813.000000 626.000000 535.000000 200.000000 0.000000 400.000000 400.000000 478.000000 478.000000 441.000000 
v_lagopus  945.000000 945.000000 845.000000 788.000000 904.000000 904.000000 813.000000 626.000000 535.000000 400.000000 400.000000 0.000000 200.000000 478.000000 478.000000 441.000000 
c_lupus    945.000000 945.000000 845.000000 788.000000 904.000000 904.000000 813.000000 626.000000 535.000000 400.000000 400.000000 200.000000 0.000000 478.000000 478.000000 441.000000 
u_american867.000000 867.000000 767.000000 710.000000 826.000000 826.000000 735.000000 548.000000 457.000000 478.000000 478.000000 478.000000 478.000000 0.000000 200.000000 363.000000 
u_arctos   867.000000 867.000000 767.000000 710.000000 826.000000 826.000000 735.000000 548.000000 457.000000 478.000000 478.000000 478.000000 478.000000 200.000000 0.000000 363.000000 
m_mephitis704.000000 704.000000 604.000000 547.000000 663.000000 663.000000 572.000000 385.000000 294.000000 441.000000 441.000000 441.000000 441.000000 363.000000 363.000000 0.000000 

30
g_gulo     0.000000 0.777400 0.821200 0.916800 0.734500 0.924000 1.016800 0.971100 0.968100 0.978300 0.952500 1.017400 0.961900 1.016700 1.025000 1.027500 0.803000 0.813300 0.840400 0.859800 0.828900 0.786700 0.751100 0.746300 0.734000 0.852800 0.707400 0.762800 0.906000 0.703000 
u_americanus0.777400 0.000000 0.849400 0.945000 0.762700 0.952200 1.045000 0.999300 0.996300 1.006500 0.980700 1.045600 0.990100 1.044900 1.053200 1.055700 0.831200 0.841500 0.868600 0.888000 0.857100 0.814900 0.779300 0.774500 0.762200 0.881000 0.735600 0.791000 0.934200 0.731200 
a_lagopus  0.821200 0.849400 0.000000 0.527200 0.635300 0.824800 0.974000 0.928300 0.925300 0.935500 0.909700 0.974600 0.919100 0.973900 0.982200 0.984700 0.795000 0.805300 0.832400 0.851800 0.820900 0.778700 0.743100 0.738300 0.726000 0.844800 0.699400 0.754800 0.898000 0.695000 
c_leuconotus0.916800 0.945000 0.527200 0.000000 0.730900 0.920400 1.069600 1.023900 1.020900 1.031100 1.005300 1.070200 1.014700 1.069500 1.077800 1.080300 0.890600 0.900900 0.928000 0.947400 0.916500 0.874300 0.838700 0.833900 0.821600 0.940400 0.795000 0.850400 0.993600 0.790600 
c_lupus    0.734500 0.762700 0.635300 0.730900 0.000000 0.391700 0.887300 0.841600 0.838600 0.848800 0.823000 0.887900 0.832400 0.887200 0.895500 0.898000 0.708300 0.718600 0.745700 0.765100 0.734200 0.692000 0.656400 0.651600 0.639300 0.758100 0.612700 0.668100 0.811300 0.608300 
l_pardalis0.924000 0.952200 0.824800 0.920400 0.391700 0.000000 1.076800 1.031100 1.028100 1.038300 1.012500 1.077400 1.021900 1.076700 1.085000 1.087500 0.897800 0.908100 0.935200 0.954600 0.923700 0.881500 0.845900 0.841100 0.828800 0.947600 0.802200 0.857600 1.000800 0.797800 
t_taxus    1.016800 1.045000 0.974000 1.069600 0.887300 1.076800 0.000000 0.888900 0.968500 0.978700 0.952900 1.017800 0.962300 1.017100 1.028400 1.030900 0.990600 1.000900 1.028000 1.047400 1.016500 0.974300 0.938700 0.933900 0.921600 1.040400 0.895000 0.950400 1.093600 0.890600 
u_arctos   0.971100 0.999300 0.928300 1.023900 0.841600 1.031100 0.888900 0.000000 0.922800 0.933000 0.907200 0.972100 0.916600 0.971400 0.982700 0.985200 0.944900 0.955200 0.982300 1.001700 0.970800 0.928600 0.893000 0.888200 0.875900 0.994700 0.849300 0.904700 1.047900 0.844900 
b_astutus  0.968100 0.996300 0.925300 1.020900 0.838600 1.028100 0.968500 0.922800 0.000000 0.877200 0.878000 0.961300 0.905800 0.960800 0.979700 0.982200 0.941900 0.952200 0.979300 0.998700 0.967800 0.925600 0.890000 0.885200 0.872900 0.991700 0.846300 0.901700 1.044900 0.841900 
p_concolor0.978300 1.006500 0.935500 1.031100 0.848800 1.038300 0.978700 0.933000 0.877200 0.000000 0.888200 0.971500 0.916000 0.971000 0.989900 0.992400 0.952100 0.962400 0.989500 1.008900 0.978000 0.935800 0.900200 0.895400 0.883100 1.001900 0.856500 0.911900 1.055100 0.852100 
p_lotor    0.952500 0.980700 0.909700 1.005300 0.823000 1.012500 0.952900 0.907200 0.878000 0.888200 0.000000 0.945700 0.890200 0.945200 0.964100 0.966600 0.926300 0.936600 0.963700 0.983100 0.952200 0.910000 0.874400 0.869600 0.857300 0.976100 0.830700 0.886100 1.029300 0.826300 
s_putorius1.017400 1.045600 0.974600 1.070200 0.887900 1.077400 1.017800 0.972100 0.961300 0.971500 0.945700 0.000000 0.877100 1.010100 1.029000 1.031500 0.991200 1.001500 1.028600 1.048000 1.017100 0.974900 0.939300 0.934500 0.922200 1.041000 0.895600 0.951000 1.094200 0.891200 
s_pygmaea  0.961900 0.990100 0.919100 1.014700 0.832400 1.021900 0.962300 0.916600 0.905800 0.916000 0.890200 0.877100 0.000000 0.954600 0.973500 0.976000 0.935700 0.946000 0.973100 0.992500 0.961600 0.919400 0.883800 0.879000 0.866700 0.985500 0.840100 0.895500 1.038700 0.835700 
n_narica   1.016700 1.044900 0.973900 1.069500 0.887200 1.076700 1.017100 0.971400 0.960800 0.971000 0.945200 1.010100 0.954600 0.000000 1.028300 1.030800 0.990500 1.000800 1.027900 1.047300 1.016400 0.974200 0.938600 0.933800 0.921500 1.040300 0.894900 0.950300 1.093500 0.890500 
h_yaguarondi1.025000 1.053200 0.982200 1.077800 0.895500 1.085000 1.028400 0.982700 0.979700 0.989900 0.964100 1.029000 0.973500 1.028300 0.000000 1.000300 0.998800 1.009100 1.036200 1.055600 1.024700 0.982500 0.946900 0.942100 0.929800 1.048600 0.903200 0.958600 1.101800 0.898800 
v_vulpes   1.027500 1.055700 0.984700 1.080300 0.898000 1.087500 1.030900 0.985200 0.982200 0.992400 0.966600 1.031500 0.976000 1.030800 1.000300 0.000000 1.001300 1.011600 1.038700 1.058100 1.027200 0.985000 0.949400 0.944600 0.932300 1.051100 0.905700 0.961100 1.104300 0.901300 
ly_canaden0.803000 0.831200 0.795000 0.890600 0.708300 0.897800 0.990600 0.944900 0.941900 0.952100 0.926300 0.991200 0.935700 0.990500 0.998800 1.001300 0.000000 0.403700 0.641000 0.684000 0.678500 0.636300 0.600700 0.595900 0.583600 0.702400 0.557000 0.612400 0.835000 0.632000 
l_rufus    0.813300 0.841500 0.805300 0.900900 0.718600 0.908100 1.000900 0.955200 0.952200 0.962400 0.936600 1.001500 0.946000 1.000800 1.009100 1.011600 0.403700 0.000000 0.651300 0.694300 0.688800 0.646600 0.611000 0.606200 0.593900 0.712700 0.567300 0.622700 0.845300 0.642300 
m_pennanti0.840400 0.868600 0.832400 0.928000 0.745700 0.935200 1.028000 0.982300 0.979300 0.989500 0.963700 1.028600 0.973100 1.027900 1.036200 1.038700 0.641000 0.651300 0.000000 0.721400 0.715900 0.673700 0.638100 0.633300 0.621000 0.739800 0.594400 0.649800 0.872400 0.669400 
p_onca     0.859800 0.888000 0.851800 0.947400 0.765100 0.954600 1.047400 1.001700 0.998700 1.008900 0.983100 1.048000 0.992500 1.047300 1.055600 1.058100 0.684000 0.694300 0.721400 0.000000 0.735300 0.693100 0.657500 0.652700 0.640400 0.759200 0.613800 0.669200 0.891800 0.688800 
m_americana0.828900 0.857100 0.820900 0.916500 0.734200 0.923700 1.016500 0.970800 0.967800 0.978000 0.952200 1.017100 0.961600 1.016400 1.024700 1.027200 0.678500 0.688800 0.715900 0.735300 0.000000 0.409400 0.574000 0.569200 0.556900 0.675700 0.530300 0.585700 0.860900 0.657900 
m_frenata  0.786700 0.814900 0.778700 0.874300 0.692000 0.881500 0.974300 0.928600 0.925600 0.935800 0.910000 0.974900 0.919400 0.974200 0.982500 0.985000 0.636300 0.646600 0.673700 0.693100 0.409400 0.000000 0.531800 0.527000 0.514700 0.633500 0.488100 0.543500 0.818700 0.615700 
lo_canaden0.751100 0.779300 0.743100 0.838700 0.656400 0.845900 0.938700 0.893000 0.890000 0.900200 0.874400 0.939300 0.883800 0.938600 0.946900 0.949400 0.600700 0.611000 0.638100 0.657500 0.574000 0.531800 0.000000 0.281000 0.405700 0.597900 0.452500 0.507900 0.783100 0.580100 
m_mephitis0.746300 0.774500 0.738300 0.833900 0.651600 0.841100 0.933900 0.888200 0.885200 0.895400 0.869600 0.934500 0.879000 0.933800 0.942100 0.944600 0.595900 0.606200 0.633300 0.652700 0.569200 0.527000 0.281000 0.000000 0.400900 0.593100 0.447700 0.503100 0.778300 0.575300 
c_latrans  0.734000 0.762200 0.726000 0.821600 0.639300 0.828800 0.921600 0.875900 0.872900 0.883100 0.857300 0.922200 0.866700 0.921500 0.929800 0.932300 0.583600 0.593900 0.621000 0.640400 0.556900 0.514700 0.405700 0.400900 0.000000 0.580800 0.435400 0.490800 0.766000 0.563000 
m_erminea  0.852800 0.881000 0.844800 0.940400 0.758100 0.947600 1.040400 0.994700 0.991700 1.001900 0.976100 1.041000 0.985500 1.040300 1.048600 1.051100 0.702400 0.712700 0.739800 0.759200 0.675700 0.633500 0.597900 0.593100 0.580800 0.000000 0.145400 0.365200 0.884800 0.681800 
v_velox    0.707400 0.735600 0.699400 0.795000 0.612700 0.802200 0.895000 0.849300 0.846300 0.856500 0.830700 0.895600 0.840100 0.894900 0.903200 0.905700 0.557000 0.567300 0.594400 0.613800 0.530300 0.488100 0.452500 0.447700 0.435400 0.145400 0.000000 0.219800 0.739400 0.536400 
m_nivalis  0.762800 0.791000 0.754800 0.850400 0.668100 0.857600 0.950400 0.904700 0.901700 0.911900 0.886100 0.951000 0.895500 0.950300 0.958600 0.961100 0.612400 0.622700 0.649800 0.669200 0.585700 0.543500 0.507900 0.503100 0.490800 0.365200 0.219800 0.000000 0.794800 0.591800 
m_vison    0.906000 0.934200 0.898000 0.993600 0.811300 1.000800 1.093600 1.047900 1.044900 1.055100 1.029300 1.094200 1.038700 1.093500 1.101800 1.104300 0.835000 0.845300 0.872400 0.891800 0.860900 0.818700 0.783100 0.778300 0.766000 0.884800 0.739400 0.794800 0.000000 0.310000 
u_littoralis0.703000 0.731200 0.695000 0.790600 0.608300 0.797800 0.890600 0.844900 0.841900 0.852100 0.826300 0.891200 0.835700 0.890500 0.898800 0.901300 0.632000 0.642300 0.669400 0.688800 0.657900 0.615700 0.580100 0.575300 0.563000 0.681800 0.536400 0.591800 0.310000 0.000000 

