20
p_onca     0.000000 200.000000 233.000000 291.000000 291.000000 366.000000 366.000000 337.000000 309.000000 293.000000 305.000000 305.000000 316.000000 316.000000 435.000000 435.000000 384.000000 362.000000 327.000000 303.000000 
l_pardalis200.000000 0.000000 233.000000 291.000000 291.000000 366.000000 366.000000 337.000000 309.000000 293.000000 305.000000 305.000000 316.000000 316.000000 435.000000 435.000000 384.000000 362.000000 327.000000 303.000000 
ly_canaden233.000000 233.000000 0.000000 258.000000 258.000000 333.000000 333.000000 304.000000 276.000000 260.000000 272.000000 272.000000 283.000000 283.000000 402.000000 402.000000 351.000000 329.000000 294.000000 270.000000 
v_lagopus  291.000000 291.000000 258.000000 0.000000 200.000000 345.000000 345.000000 316.000000 288.000000 272.000000 284.000000 284.000000 295.000000 295.000000 414.000000 414.000000 363.000000 341.000000 306.000000 282.000000 
c_lupus    291.000000 291.000000 258.000000 200.000000 0.000000 345.000000 345.000000 316.000000 288.000000 272.000000 284.000000 284.000000 295.000000 295.000000 414.000000 414.000000 363.000000 341.000000 306.000000 282.000000 
lo_canaden366.000000 366.000000 333.000000 345.000000 345.000000 0.000000 200.000000 229.000000 257.000000 273.000000 309.000000 309.000000 320.000000 320.000000 439.000000 439.000000 388.000000 366.000000 331.000000 307.000000 
m_mephitis366.000000 366.000000 333.000000 345.000000 345.000000 200.000000 0.000000 229.000000 257.000000 273.000000 309.000000 309.000000 320.000000 320.000000 439.000000 439.000000 388.000000 366.000000 331.000000 307.000000 
s_putorius337.000000 337.000000 304.000000 316.000000 316.000000 229.000000 229.000000 0.000000 228.000000 244.000000 280.000000 280.000000 291.000000 291.000000 410.000000 410.000000 359.000000 337.000000 302.000000 278.000000 
b_astutus  309.000000 309.000000 276.000000 288.000000 288.000000 257.000000 257.000000 228.000000 0.000000 216.000000 252.000000 252.000000 263.000000 263.000000 382.000000 382.000000 331.000000 309.000000 274.000000 250.000000 
p_lotor    293.000000 293.000000 260.000000 272.000000 272.000000 273.000000 273.000000 244.000000 216.000000 0.000000 236.000000 236.000000 247.000000 247.000000 366.000000 366.000000 315.000000 293.000000 258.000000 234.000000 
t_taxus    305.000000 305.000000 272.000000 284.000000 284.000000 309.000000 309.000000 280.000000 252.000000 236.000000 0.000000 200.000000 247.000000 247.000000 366.000000 366.000000 315.000000 293.000000 258.000000 234.000000 
n_narica   305.000000 305.000000 272.000000 284.000000 284.000000 309.000000 309.000000 280.000000 252.000000 236.000000 200.000000 0.000000 247.000000 247.000000 366.000000 366.000000 315.000000 293.000000 258.000000 234.000000 
u_arctos   316.000000 316.000000 283.000000 295.000000 295.000000 320.000000 320.000000 291.000000 263.000000 247.000000 247.000000 247.000000 0.000000 200.000000 357.000000 357.000000 306.000000 284.000000 249.000000 225.000000 
m_american316.000000 316.000000 283.000000 295.000000 295.000000 320.000000 320.000000 291.000000 263.000000 247.000000 247.000000 247.000000 200.000000 0.000000 357.000000 357.000000 306.000000 284.000000 249.000000 225.000000 
g_gulo     435.000000 435.000000 402.000000 414.000000 414.000000 439.000000 439.000000 410.000000 382.000000 366.000000 366.000000 366.000000 357.000000 357.000000 0.000000 200.000000 251.000000 273.000000 308.000000 332.000000 
m_erminea  435.000000 435.000000 402.000000 414.000000 414.000000 439.000000 439.000000 410.000000 382.000000 366.000000 366.000000 366.000000 357.000000 357.000000 200.000000 0.000000 251.000000 273.000000 308.000000 332.000000 
n_vison    384.000000 384.000000 351.000000 363.000000 363.000000 388.000000 388.000000 359.000000 331.000000 315.000000 315.000000 315.000000 306.000000 306.000000 251.000000 251.000000 0.000000 222.000000 257.000000 281.000000 
m_nivalis  362.000000 362.000000 329.000000 341.000000 341.000000 366.000000 366.000000 337.000000 309.000000 293.000000 293.000000 293.000000 284.000000 284.000000 273.000000 273.000000 222.000000 0.000000 235.000000 259.000000 
m_frenata  327.000000 327.000000 294.000000 306.000000 306.000000 331.000000 331.000000 302.000000 274.000000 258.000000 258.000000 258.000000 249.000000 249.000000 308.000000 308.000000 257.000000 235.000000 0.000000 224.000000 
m_pennanti303.000000 303.000000 270.000000 282.000000 282.000000 307.000000 307.000000 278.000000 250.000000 234.000000 234.000000 234.000000 225.000000 225.000000 332.000000 332.000000 281.000000 259.000000 224.000000 0.000000 

30
m_frenata  0.000000 5.199900 5.730500 7.671300 6.721400 8.400300 7.971800 7.713400 8.517000 6.311500 7.682900 7.596800 8.086100 9.195300 7.606100 9.374700 8.121100 8.931300 8.953400 9.603400 7.249600 7.510300 6.978700 7.625100 7.063000 6.786400 8.053600 8.355200 6.812400 8.176500 
p_lotor    5.199900 0.000000 5.469800 7.410600 6.460700 8.139600 7.711100 7.452700 8.256300 6.050800 7.422200 7.336100 7.825400 8.934600 7.345400 9.114000 7.860400 8.670600 8.692700 9.342700 6.988900 7.249600 6.718000 7.364400 6.802300 6.525700 7.792900 8.094500 6.551700 7.915800 
p_concolor5.730500 5.469800 0.000000 7.842800 6.892900 8.571800 8.143300 7.884900 8.688500 6.483000 7.854400 7.768300 8.257600 9.366800 7.777600 9.546200 8.292600 9.102800 9.124900 9.774900 7.421100 7.681800 7.150200 7.796600 7.234500 6.957900 8.225100 8.526700 6.983900 8.348000 
m_vison    7.671300 7.410600 7.842800 0.000000 5.699700 9.212200 8.783700 8.525300 9.328900 7.123400 8.494800 8.408700 8.898000 10.007200 8.418000 10.186600 8.933000 9.743200 9.765300 10.415300 8.061500 8.322200 7.790600 8.437000 7.874900 7.598300 8.865500 9.167100 7.624300 8.988400 
u_littoralis6.721400 6.460700 6.892900 5.699700 0.000000 8.262300 7.833800 7.575400 8.379000 6.173500 7.544900 7.458800 7.948100 9.057300 7.468100 9.236700 7.983100 8.793300 8.815400 9.465400 7.111600 7.372300 6.840700 7.487100 6.925000 6.648400 7.915600 8.217200 6.674400 8.038500 
a_lagopus  8.400300 8.139600 8.571800 9.212200 8.262300 0.000000 7.700500 8.493100 9.296700 7.091200 8.462600 8.376500 8.865800 10.328800 8.739600 10.508200 9.254600 10.064800 10.086900 10.736900 8.569300 8.830000 8.298400 8.944800 8.382700 8.106100 9.373300 9.674900 8.132100 9.496200 
c_leuconotus7.971800 7.711100 8.143300 8.783700 7.833800 7.700500 0.000000 8.064600 8.868200 6.662700 8.034100 7.948000 8.437300 9.900300 8.311100 10.079700 8.826100 9.636300 9.658400 10.308400 8.140800 8.401500 7.869900 8.516300 7.954200 7.677600 8.944800 9.246400 7.703600 9.067700 
c_lupus    7.713400 7.452700 7.884900 8.525300 7.575400 8.493100 8.064600 0.000000 6.700200 6.352900 7.724300 7.638200 8.127500 9.641900 8.052700 9.821300 8.567700 9.377900 9.400000 10.050000 7.882400 8.143100 7.611500 8.257900 7.695800 7.419200 8.686400 8.988000 7.445200 8.809300 
l_pardalis8.517000 8.256300 8.688500 9.328900 8.379000 9.296700 8.868200 6.700200 0.000000 7.156500 8.527900 8.441800 8.931100 10.445500 8.856300 10.624900 9.371300 10.181500 10.203600 10.853600 8.686000 8.946700 8.415100 9.061500 8.499400 8.222800 9.490000 9.791600 8.248800 9.612900 
c_latrans  6.311500 6.050800 6.483000 7.123400 6.173500 7.091200 6.662700 6.352900 7.156500 0.000000 3.799800 5.894700 6.384000 8.240000 6.650800 8.419400 7.165800 7.976000 7.998100 8.648100 6.480500 6.741200 6.209600 6.856000 6.293900 6.017300 7.284500 7.586100 6.043300 7.407400 
l_canadensis7.682900 7.422200 7.854400 8.494800 7.544900 8.462600 8.034100 7.724300 8.527900 3.799800 0.000000 7.266100 7.755400 9.611400 8.022200 9.790800 8.537200 9.347400 9.369500 10.019500 7.851900 8.112600 7.581000 8.227400 7.665300 7.388700 8.655900 8.957500 7.414700 8.778800 
b_astutus  7.596800 7.336100 7.768300 8.408700 7.458800 8.376500 7.948000 7.638200 8.441800 5.894700 7.266100 0.000000 6.499900 9.525300 7.936100 9.704700 8.451100 9.261300 9.283400 9.933400 7.765800 8.026500 7.494900 8.141300 7.579200 7.302600 8.569800 8.871400 7.328600 8.692700 
m_pennanti8.086100 7.825400 8.257600 8.898000 7.948100 8.865800 8.437300 8.127500 8.931100 6.384000 7.755400 6.499900 0.000000 10.014600 8.425400 10.194000 8.940400 9.750600 9.772700 10.422700 8.255100 8.515800 7.984200 8.630600 8.068500 7.791900 9.059100 9.360700 7.817900 9.182000 
s_putorius9.195300 8.934600 9.366800 10.007200 9.057300 10.328800 9.900300 9.641900 10.445500 8.240000 9.611400 9.525300 10.014600 0.000000 5.800000 10.572600 9.319000 10.129200 10.151300 10.801300 9.364300 9.625000 9.093400 9.739800 9.177700 8.901100 10.168300 10.469900 8.927100 10.291200 
s_pygmaea  7.606100 7.345400 7.777600 8.418000 7.468100 8.739600 8.311100 8.052700 8.856300 6.650800 8.022200 7.936100 8.425400 5.800000 0.000000 8.983400 7.729800 8.540000 8.562100 9.212100 7.775100 8.035800 7.504200 8.150600 7.588500 7.311900 8.579100 8.880700 7.337900 8.702000 
t_taxus    9.374700 9.114000 9.546200 10.186600 9.236700 10.508200 10.079700 9.821300 10.624900 8.419400 9.790800 9.704700 10.194000 10.572600 8.983400 0.000000 6.700000 9.827000 10.107300 10.757300 9.543700 9.804400 9.272800 9.919200 9.357100 9.080500 10.347700 10.649300 9.106500 10.470600 
u_arctos   8.121100 7.860400 8.292600 8.933000 7.983100 9.254600 8.826100 8.567700 9.371300 7.165800 8.537200 8.451100 8.940400 9.319000 7.729800 6.700000 0.000000 8.573400 8.853700 9.503700 8.290100 8.550800 8.019200 8.665600 8.103500 7.826900 9.094100 9.395700 7.852900 9.217000 
n_narica   8.931300 8.670600 9.102800 9.743200 8.793300 10.064800 9.636300 9.377900 10.181500 7.976000 9.347400 9.261300 9.750600 10.129200 8.540000 9.827000 8.573400 0.000000 9.663900 10.313900 9.100300 9.361000 8.829400 9.475800 8.913700 8.637100 9.904300 10.205900 8.663100 10.027200 
h_yaguarondi8.953400 8.692700 9.124900 9.765300 8.815400 10.086900 9.658400 9.400000 10.203600 7.998100 9.369500 9.283400 9.772700 10.151300 8.562100 10.107300 8.853700 9.663900 0.000000 10.000000 9.122400 9.383100 8.851500 9.497900 8.935800 8.659200 9.926400 10.228000 8.685200 10.049300 
v_vulpes   9.603400 9.342700 9.774900 10.415300 9.465400 10.736900 10.308400 10.050000 10.853600 8.648100 10.019500 9.933400 10.422700 10.801300 9.212100 10.757300 9.503700 10.313900 10.000000 0.000000 9.772400 10.033100 9.501500 10.147900 9.585800 9.309200 10.576400 10.878000 9.335200 10.699300 
l_canadensis7.249600 6.988900 7.421100 8.061500 7.111600 8.569300 8.140800 7.882400 8.686000 6.480500 7.851900 7.765800 8.255100 9.364300 7.775100 9.543700 8.290100 9.100300 9.122400 9.772400 0.000000 5.700300 6.360100 7.006500 6.444400 6.167800 7.914200 8.266400 6.723600 8.087700 
m_nivalis  7.510300 7.249600 7.681800 8.322200 7.372300 8.830000 8.401500 8.143100 8.946700 6.741200 8.112600 8.026500 8.515800 9.625000 8.035800 9.804400 8.550800 9.361000 9.383100 10.033100 5.700300 0.000000 6.620800 7.267200 6.705100 6.428500 8.174900 8.527100 6.984300 8.348400 
l_rufus    6.978700 6.718000 7.150200 7.790600 6.840700 8.298400 7.869900 7.611500 8.415100 6.209600 7.581000 7.494900 7.984200 9.093400 7.504200 9.272800 8.019200 8.829400 8.851500 9.501500 6.360100 6.620800 0.000000 3.900000 5.076900 5.123100 7.643300 7.995500 6.452700 7.816800 
p_onca     7.625100 7.364400 7.796600 8.437000 7.487100 8.944800 8.516300 8.257900 9.061500 6.856000 8.227400 8.141300 8.630600 9.739800 8.150600 9.919200 8.665600 9.475800 9.497900 10.147900 7.006500 7.267200 3.900000 0.000000 5.723300 5.769500 8.289700 8.641900 7.099100 8.463200 
m_erminea  7.063000 6.802300 7.234500 7.874900 6.925000 8.382700 7.954200 7.695800 8.499400 6.293900 7.665300 7.579200 8.068500 9.177700 7.588500 9.357100 8.103500 8.913700 8.935800 9.585800 6.444400 6.705100 5.076900 5.723300 0.000000 5.207400 7.727600 8.079800 6.537000 7.901100 
m_mephitis6.786400 6.525700 6.957900 7.598300 6.648400 8.106100 7.677600 7.419200 8.222800 6.017300 7.388700 7.302600 7.791900 8.901100 7.311900 9.080500 7.826900 8.637100 8.659200 9.309200 6.167800 6.428500 5.123100 5.769500 5.207400 0.000000 7.451000 7.803200 6.260400 7.624500 
m_americana8.053600 7.792900 8.225100 8.865500 7.915600 9.373300 8.944800 8.686400 9.490000 7.284500 8.655900 8.569800 9.059100 10.168300 8.579100 10.347700 9.094100 9.904300 9.926400 10.576400 7.914200 8.174900 7.643300 8.289700 7.727600 7.451000 0.000000 9.070400 7.527600 8.891700 
u_americanus8.355200 8.094500 8.526700 9.167100 8.217200 9.674900 9.246400 8.988000 9.791600 7.586100 8.957500 8.871400 9.360700 10.469900 8.880700 10.649300 9.395700 10.205900 10.228000 10.878000 8.266400 8.527100 7.995500 8.641900 8.079800 7.803200 9.070400 0.000000 5.100000 8.171300 
v_velox    6.812400 6.551700 6.983900 7.624300 6.674400 8.132100 7.703600 7.445200 8.248800 6.043300 7.414700 7.328600 7.817900 8.927100 7.337900 9.106500 7.852900 8.663100 8.685200 9.335200 6.723600 6.984300 6.452700 7.099100 6.537000 6.260400 7.527600 5.100000 0.000000 6.628500 
g_gulo     8.176500 7.915800 8.348000 8.988400 8.038500 9.496200 9.067700 8.809300 9.612900 7.407400 8.778800 8.692700 9.182000 10.291200 8.702000 10.470600 9.217000 10.027200 10.049300 10.699300 8.087700 8.348400 7.816800 8.463200 7.901100 7.624500 8.891700 8.171300 6.628500 0.000000 

