18
s_putorius0.000000 200.000000 490.000000 490.000000 392.000000 536.000000 536.000000 455.000000 587.000000 587.000000 539.000000 613.000000 613.000000 539.000000 487.000000 554.000000 554.000000 454.000000 
m_mephitis200.000000 0.000000 490.000000 490.000000 392.000000 536.000000 536.000000 455.000000 587.000000 587.000000 539.000000 613.000000 613.000000 539.000000 487.000000 554.000000 554.000000 454.000000 
c_lupus    490.000000 490.000000 0.000000 200.000000 298.000000 628.000000 628.000000 547.000000 679.000000 679.000000 631.000000 705.000000 705.000000 631.000000 579.000000 646.000000 646.000000 546.000000 
c_latrans  490.000000 490.000000 200.000000 0.000000 298.000000 628.000000 628.000000 547.000000 679.000000 679.000000 631.000000 705.000000 705.000000 631.000000 579.000000 646.000000 646.000000 546.000000 
v_lagopus  392.000000 392.000000 298.000000 298.000000 0.000000 530.000000 530.000000 449.000000 581.000000 581.000000 533.000000 607.000000 607.000000 533.000000 481.000000 548.000000 548.000000 448.000000 
ly_canaden536.000000 536.000000 628.000000 628.000000 530.000000 0.000000 200.000000 281.000000 613.000000 613.000000 565.000000 639.000000 639.000000 565.000000 513.000000 580.000000 580.000000 480.000000 
l_rufus    536.000000 536.000000 628.000000 628.000000 530.000000 200.000000 0.000000 281.000000 613.000000 613.000000 565.000000 639.000000 639.000000 565.000000 513.000000 580.000000 580.000000 480.000000 
p_concolor455.000000 455.000000 547.000000 547.000000 449.000000 281.000000 281.000000 0.000000 532.000000 532.000000 484.000000 558.000000 558.000000 484.000000 432.000000 499.000000 499.000000 399.000000 
m_american587.000000 587.000000 679.000000 679.000000 581.000000 613.000000 613.000000 532.000000 0.000000 200.000000 248.000000 382.000000 382.000000 308.000000 300.000000 539.000000 539.000000 439.000000 
lo_canaden587.000000 587.000000 679.000000 679.000000 581.000000 613.000000 613.000000 532.000000 200.000000 0.000000 248.000000 382.000000 382.000000 308.000000 300.000000 539.000000 539.000000 439.000000 
g_gulo     539.000000 539.000000 631.000000 631.000000 533.000000 565.000000 565.000000 484.000000 248.000000 248.000000 0.000000 334.000000 334.000000 260.000000 252.000000 491.000000 491.000000 391.000000 
m_nivalis  613.000000 613.000000 705.000000 705.000000 607.000000 639.000000 639.000000 558.000000 382.000000 382.000000 334.000000 0.000000 200.000000 274.000000 326.000000 565.000000 565.000000 465.000000 
n_vison    613.000000 613.000000 705.000000 705.000000 607.000000 639.000000 639.000000 558.000000 382.000000 382.000000 334.000000 200.000000 0.000000 274.000000 326.000000 565.000000 565.000000 465.000000 
m_pennanti539.000000 539.000000 631.000000 631.000000 533.000000 565.000000 565.000000 484.000000 308.000000 308.000000 260.000000 274.000000 274.000000 0.000000 252.000000 491.000000 491.000000 391.000000 
t_taxus    487.000000 487.000000 579.000000 579.000000 481.000000 513.000000 513.000000 432.000000 300.000000 300.000000 252.000000 326.000000 326.000000 252.000000 0.000000 439.000000 439.000000 339.000000 
u_arctos   554.000000 554.000000 646.000000 646.000000 548.000000 580.000000 580.000000 499.000000 539.000000 539.000000 491.000000 565.000000 565.000000 491.000000 439.000000 0.000000 200.000000 300.000000 
u_american554.000000 554.000000 646.000000 646.000000 548.000000 580.000000 580.000000 499.000000 539.000000 539.000000 491.000000 565.000000 565.000000 491.000000 439.000000 200.000000 0.000000 300.000000 
p_lotor    454.000000 454.000000 546.000000 546.000000 448.000000 480.000000 480.000000 399.000000 439.000000 439.000000 391.000000 465.000000 465.000000 391.000000 339.000000 300.000000 300.000000 0.000000 

30
c_lupus    0.000000 0.589900 0.784800 0.853300 0.913000 0.904400 0.967200 0.886200 0.914900 0.802000 0.818800 0.742700 0.648300 0.781500 0.729700 0.918100 0.707000 0.721700 0.791000 0.593300 0.688600 0.690100 0.834700 0.730300 0.717900 0.681500 0.803500 0.783500 0.706200 0.695500 
c_leuconotus0.589900 0.000000 0.871900 0.940400 1.000100 0.991500 1.054300 0.973300 1.002000 0.889100 0.905900 0.829800 0.735400 0.868600 0.816800 1.005200 0.794100 0.808800 0.878100 0.680400 0.775700 0.777200 0.921800 0.817400 0.805000 0.768600 0.890600 0.870600 0.793300 0.782600 
g_gulo     0.784800 0.871900 0.000000 0.600100 0.924800 0.916200 0.979000 0.898000 0.965900 0.853000 0.869800 0.793700 0.699300 0.849100 0.797300 0.985700 0.774600 0.789300 0.858600 0.660900 0.756200 0.757700 0.902300 0.797900 0.785500 0.749100 0.871100 0.851100 0.773800 0.763100 
l_pardalis0.853300 0.940400 0.600100 0.000000 0.993300 0.984700 1.047500 0.966500 1.034400 0.921500 0.938300 0.862200 0.767800 0.917600 0.865800 1.054200 0.843100 0.857800 0.927100 0.729400 0.824700 0.826200 0.970800 0.866400 0.854000 0.817600 0.939600 0.919600 0.842300 0.831600 
h_yaguarondi0.913000 1.000100 0.924800 0.993300 0.000000 0.930000 1.004200 0.978200 1.094100 0.981200 0.998000 0.921900 0.827500 0.977300 0.925500 1.113900 0.902800 0.917500 0.986800 0.789100 0.884400 0.885900 1.030500 0.926100 0.913700 0.877300 0.999300 0.979300 0.902000 0.891300 
n_narica   0.904400 0.991500 0.916200 0.984700 0.930000 0.000000 0.995600 0.969600 1.085500 0.972600 0.989400 0.913300 0.818900 0.968700 0.916900 1.105300 0.894200 0.908900 0.978200 0.780500 0.875800 0.877300 1.021900 0.917500 0.905100 0.868700 0.990700 0.970700 0.893400 0.882700 
v_vulpes   0.967200 1.054300 0.979000 1.047500 1.004200 0.995600 0.000000 1.032400 1.148300 1.035400 1.052200 0.976100 0.881700 1.031500 0.979700 1.168100 0.957000 0.971700 1.041000 0.843300 0.938600 0.940100 1.084700 0.980300 0.967900 0.931500 1.053500 1.033500 0.956200 0.945500 
a_lagopus  0.886200 0.973300 0.898000 0.966500 0.978200 0.969600 1.032400 0.000000 1.067300 0.954400 0.971200 0.895100 0.800700 0.950500 0.898700 1.087100 0.876000 0.890700 0.960000 0.762300 0.857600 0.859100 1.003700 0.899300 0.886900 0.850500 0.972500 0.952500 0.875200 0.864500 
t_taxus    0.914900 1.002000 0.965900 1.034400 1.094100 1.085500 1.148300 1.067300 0.000000 0.660500 0.910300 0.834200 0.739800 0.979200 0.927400 1.115800 0.904700 0.919400 0.988700 0.791000 0.886300 0.887800 1.032400 0.928000 0.915600 0.879200 1.001200 0.981200 0.903900 0.893200 
u_arctos   0.802000 0.889100 0.853000 0.921500 0.981200 0.972600 1.035400 0.954400 0.660500 0.000000 0.797400 0.721300 0.626900 0.866300 0.814500 1.002900 0.791800 0.806500 0.875800 0.678100 0.773400 0.774900 0.919500 0.815100 0.802700 0.766300 0.888300 0.868300 0.791000 0.780300 
m_vison    0.818800 0.905900 0.869800 0.938300 0.998000 0.989400 1.052200 0.971200 0.910300 0.797400 0.000000 0.539900 0.478300 0.883100 0.831300 1.019700 0.808600 0.823300 0.892600 0.694900 0.790200 0.791700 0.936300 0.831900 0.819500 0.783100 0.905100 0.885100 0.807800 0.797100 
u_americanus0.742700 0.829800 0.793700 0.862200 0.921900 0.913300 0.976100 0.895100 0.834200 0.721300 0.539900 0.000000 0.402200 0.807000 0.755200 0.943600 0.732500 0.747200 0.816500 0.618800 0.714100 0.715600 0.860200 0.755800 0.743400 0.707000 0.829000 0.809000 0.731700 0.721000 
v_velox    0.648300 0.735400 0.699300 0.767800 0.827500 0.818900 0.881700 0.800700 0.739800 0.626900 0.478300 0.402200 0.000000 0.712600 0.660800 0.849200 0.638100 0.652800 0.722100 0.524400 0.619700 0.621200 0.765800 0.661400 0.649000 0.612600 0.734600 0.714600 0.637300 0.626600 
b_astutus  0.781500 0.868600 0.849100 0.917600 0.977300 0.968700 1.031500 0.950500 0.979200 0.866300 0.883100 0.807000 0.712600 0.000000 0.630200 0.874000 0.662900 0.767200 0.836500 0.638800 0.734100 0.735600 0.880200 0.775800 0.763400 0.727000 0.849000 0.829000 0.751700 0.741000 
p_concolor0.729700 0.816800 0.797300 0.865800 0.925500 0.916900 0.979700 0.898700 0.927400 0.814500 0.831300 0.755200 0.660800 0.630200 0.000000 0.822200 0.611100 0.715400 0.784700 0.587000 0.682300 0.683800 0.828400 0.724000 0.711600 0.675200 0.797200 0.777200 0.699900 0.689200 
s_putorius0.918100 1.005200 0.985700 1.054200 1.113900 1.105300 1.168100 1.087100 1.115800 1.002900 1.019700 0.943600 0.849200 0.874000 0.822200 0.000000 0.529900 0.903800 0.973100 0.775400 0.870700 0.872200 1.016800 0.912400 0.900000 0.863600 0.985600 0.965600 0.888300 0.877600 
s_pygmaea  0.707000 0.794100 0.774600 0.843100 0.902800 0.894200 0.957000 0.876000 0.904700 0.791800 0.808600 0.732500 0.638100 0.662900 0.611100 0.529900 0.000000 0.692700 0.762000 0.564300 0.659600 0.661100 0.805700 0.701300 0.688900 0.652500 0.774500 0.754500 0.677200 0.666500 
m_frenata  0.721700 0.808800 0.789300 0.857800 0.917500 0.908900 0.971700 0.890700 0.919400 0.806500 0.823300 0.747200 0.652800 0.767200 0.715400 0.903800 0.692700 0.000000 0.419900 0.531400 0.626700 0.628200 0.772800 0.668400 0.656000 0.619600 0.741600 0.721600 0.644300 0.633600 
p_onca     0.791000 0.878100 0.858600 0.927100 0.986800 0.978200 1.041000 0.960000 0.988700 0.875800 0.892600 0.816500 0.722100 0.836500 0.784700 0.973100 0.762000 0.419900 0.000000 0.600700 0.696000 0.697500 0.842100 0.737700 0.725300 0.688900 0.810900 0.790900 0.713600 0.702900 
c_latrans  0.593300 0.680400 0.660900 0.729400 0.789100 0.780500 0.843300 0.762300 0.791000 0.678100 0.694900 0.618800 0.524400 0.638800 0.587000 0.775400 0.564300 0.531400 0.600700 0.000000 0.270100 0.407400 0.552000 0.447600 0.483200 0.446800 0.568800 0.548800 0.471500 0.460800 
p_lotor    0.688600 0.775700 0.756200 0.824700 0.884400 0.875800 0.938600 0.857600 0.886300 0.773400 0.790200 0.714100 0.619700 0.734100 0.682300 0.870700 0.659600 0.626700 0.696000 0.270100 0.000000 0.502700 0.647300 0.542900 0.578500 0.542100 0.664100 0.644100 0.566800 0.556100 
l_rufus    0.690100 0.777200 0.757700 0.826200 0.885900 0.877300 0.940100 0.859100 0.887800 0.774900 0.791700 0.715600 0.621200 0.735600 0.683800 0.872200 0.661100 0.628200 0.697500 0.407400 0.502700 0.000000 0.419800 0.537800 0.580000 0.543600 0.665600 0.645600 0.568300 0.557600 
m_pennanti0.834700 0.921800 0.902300 0.970800 1.030500 1.021900 1.084700 1.003700 1.032400 0.919500 0.936300 0.860200 0.765800 0.880200 0.828400 1.016800 0.805700 0.772800 0.842100 0.552000 0.647300 0.419800 0.000000 0.682400 0.724600 0.688200 0.810200 0.790200 0.712900 0.702200 
ly_canaden0.730300 0.817400 0.797900 0.866400 0.926100 0.917500 0.980300 0.899300 0.928000 0.815100 0.831900 0.755800 0.661400 0.775800 0.724000 0.912400 0.701300 0.668400 0.737700 0.447600 0.542900 0.537800 0.682400 0.000000 0.620200 0.583800 0.705800 0.685800 0.608500 0.597800 
lo_canaden0.717900 0.805000 0.785500 0.854000 0.913700 0.905100 0.967900 0.886900 0.915600 0.802700 0.819500 0.743400 0.649000 0.763400 0.711600 0.900000 0.688900 0.656000 0.725300 0.483200 0.578500 0.580000 0.724600 0.620200 0.000000 0.400200 0.657000 0.637000 0.559700 0.549000 
m_mephitis0.681500 0.768600 0.749100 0.817600 0.877300 0.868700 0.931500 0.850500 0.879200 0.766300 0.783100 0.707000 0.612600 0.727000 0.675200 0.863600 0.652500 0.619600 0.688900 0.446800 0.542100 0.543600 0.688200 0.583800 0.400200 0.000000 0.620600 0.600600 0.523300 0.512600 
m_americana0.803500 0.890600 0.871100 0.939600 0.999300 0.990700 1.053500 0.972500 1.001200 0.888300 0.905100 0.829000 0.734600 0.849000 0.797200 0.985600 0.774500 0.741600 0.810900 0.568800 0.664100 0.665600 0.810200 0.705800 0.657000 0.620600 0.000000 0.529800 0.590500 0.579800 
m_nivalis  0.783500 0.870600 0.851100 0.919600 0.979300 0.970700 1.033500 0.952500 0.981200 0.868300 0.885100 0.809000 0.714600 0.829000 0.777200 0.965600 0.754500 0.721600 0.790900 0.548800 0.644100 0.645600 0.790200 0.685800 0.637000 0.600600 0.529800 0.000000 0.570500 0.559800 
m_erminea  0.706200 0.793300 0.773800 0.842300 0.902000 0.893400 0.956200 0.875200 0.903900 0.791000 0.807800 0.731700 0.637300 0.751700 0.699900 0.888300 0.677200 0.644300 0.713600 0.471500 0.566800 0.568300 0.712900 0.608500 0.559700 0.523300 0.590500 0.570500 0.000000 0.389700 
u_littoralis0.695500 0.782600 0.763100 0.831600 0.891300 0.882700 0.945500 0.864500 0.893200 0.780300 0.797100 0.721000 0.626600 0.741000 0.689200 0.877600 0.666500 0.633600 0.702900 0.460800 0.556100 0.557600 0.702200 0.597800 0.549000 0.512600 0.579800 0.559800 0.389700 0.000000 

