20
p_onca     0.000000 200.000000 233.000000 291.000000 291.000000 366.000000 366.000000 337.000000 309.000000 293.000000 305.000000 305.000000 316.000000 316.000000 435.000000 435.000000 384.000000 362.000000 327.000000 303.000000 
l_pardalis200.000000 0.000000 233.000000 291.000000 291.000000 366.000000 366.000000 337.000000 309.000000 293.000000 305.000000 305.000000 316.000000 316.000000 435.000000 435.000000 384.000000 362.000000 327.000000 303.000000 
ly_canaden233.000000 233.000000 0.000000 258.000000 258.000000 333.000000 333.000000 304.000000 276.000000 260.000000 272.000000 272.000000 283.000000 283.000000 402.000000 402.000000 351.000000 329.000000 294.000000 270.000000 
v_lagopus  291.000000 291.000000 258.000000 0.000000 200.000000 345.000000 345.000000 316.000000 288.000000 272.000000 284.000000 284.000000 295.000000 295.000000 414.000000 414.000000 363.000000 341.000000 306.000000 282.000000 
c_lupus    291.000000 291.000000 258.000000 200.000000 0.000000 345.000000 345.000000 316.000000 288.000000 272.000000 284.000000 284.000000 295.000000 295.000000 414.000000 414.000000 363.000000 341.000000 306.000000 282.000000 
lo_canaden366.000000 366.000000 333.000000 345.000000 345.000000 0.000000 200.000000 229.000000 257.000000 273.000000 309.000000 309.000000 320.000000 320.000000 439.000000 439.000000 388.000000 366.000000 331.000000 307.000000 
m_mephitis366.000000 366.000000 333.000000 345.000000 345.000000 200.000000 0.000000 229.000000 257.000000 273.000000 309.000000 309.000000 320.000000 320.000000 439.000000 439.000000 388.000000 366.000000 331.000000 307.000000 
s_putorius337.000000 337.000000 304.000000 316.000000 316.000000 229.000000 229.000000 0.000000 228.000000 244.000000 280.000000 280.000000 291.000000 291.000000 410.000000 410.000000 359.000000 337.000000 302.000000 278.000000 
b_astutus  309.000000 309.000000 276.000000 288.000000 288.000000 257.000000 257.000000 228.000000 0.000000 216.000000 252.000000 252.000000 263.000000 263.000000 382.000000 382.000000 331.000000 309.000000 274.000000 250.000000 
p_lotor    293.000000 293.000000 260.000000 272.000000 272.000000 273.000000 273.000000 244.000000 216.000000 0.000000 236.000000 236.000000 247.000000 247.000000 366.000000 366.000000 315.000000 293.000000 258.000000 234.000000 
t_taxus    305.000000 305.000000 272.000000 284.000000 284.000000 309.000000 309.000000 280.000000 252.000000 236.000000 0.000000 200.000000 247.000000 247.000000 366.000000 366.000000 315.000000 293.000000 258.000000 234.000000 
n_narica   305.000000 305.000000 272.000000 284.000000 284.000000 309.000000 309.000000 280.000000 252.000000 236.000000 200.000000 0.000000 247.000000 247.000000 366.000000 366.000000 315.000000 293.000000 258.000000 234.000000 
u_arctos   316.000000 316.000000 283.000000 295.000000 295.000000 320.000000 320.000000 291.000000 263.000000 247.000000 247.000000 247.000000 0.000000 200.000000 357.000000 357.000000 306.000000 284.000000 249.000000 225.000000 
m_american316.000000 316.000000 283.000000 295.000000 295.000000 320.000000 320.000000 291.000000 263.000000 247.000000 247.000000 247.000000 200.000000 0.000000 357.000000 357.000000 306.000000 284.000000 249.000000 225.000000 
g_gulo     435.000000 435.000000 402.000000 414.000000 414.000000 439.000000 439.000000 410.000000 382.000000 366.000000 366.000000 366.000000 357.000000 357.000000 0.000000 200.000000 251.000000 273.000000 308.000000 332.000000 
m_erminea  435.000000 435.000000 402.000000 414.000000 414.000000 439.000000 439.000000 410.000000 382.000000 366.000000 366.000000 366.000000 357.000000 357.000000 200.000000 0.000000 251.000000 273.000000 308.000000 332.000000 
n_vison    384.000000 384.000000 351.000000 363.000000 363.000000 388.000000 388.000000 359.000000 331.000000 315.000000 315.000000 315.000000 306.000000 306.000000 251.000000 251.000000 0.000000 222.000000 257.000000 281.000000 
m_nivalis  362.000000 362.000000 329.000000 341.000000 341.000000 366.000000 366.000000 337.000000 309.000000 293.000000 293.000000 293.000000 284.000000 284.000000 273.000000 273.000000 222.000000 0.000000 235.000000 259.000000 
m_frenata  327.000000 327.000000 294.000000 306.000000 306.000000 331.000000 331.000000 302.000000 274.000000 258.000000 258.000000 258.000000 249.000000 249.000000 308.000000 308.000000 257.000000 235.000000 0.000000 224.000000 
m_pennanti303.000000 303.000000 270.000000 282.000000 282.000000 307.000000 307.000000 278.000000 250.000000 234.000000 234.000000 234.000000 225.000000 225.000000 332.000000 332.000000 281.000000 259.000000 224.000000 0.000000 

30
g_gulo     0.000000 5.199900 9.404900 7.769200 8.276300 7.701300 6.725800 9.100400 8.950400 9.769800 8.912000 7.523800 7.977400 7.230400 8.044700 7.986000 7.446700 8.147900 7.055100 7.149400 7.192200 7.278900 7.889600 6.024800 7.032000 7.092100 8.449300 9.485900 7.732400 7.549900 
l_pardalis5.199900 0.000000 10.269200 8.633500 9.140600 8.565600 7.590100 9.964700 9.814700 10.634100 9.776300 8.388100 8.841700 8.094700 8.909000 8.850300 8.311000 9.012200 7.919400 8.013700 8.056500 8.143200 8.753900 6.889100 7.896300 7.956400 9.313600 10.350200 8.596700 8.414200 
t_taxus    9.404900 10.269200 0.000000 5.900300 9.509600 8.934600 7.959100 10.876700 10.726700 11.546100 10.688300 9.491900 9.945500 9.198500 10.012800 9.954100 9.414800 10.116000 9.023200 9.117500 9.160300 9.247000 9.857700 7.992900 9.000100 9.060200 10.417400 11.454000 9.700500 9.518000 
u_arctos   7.769200 8.633500 5.900300 0.000000 7.873900 7.298900 6.323400 9.241000 9.091000 9.910400 9.052600 7.856200 8.309800 7.562800 8.377100 8.318400 7.779100 8.480300 7.387500 7.481800 7.524600 7.611300 8.222000 6.357200 7.364400 7.424500 8.781700 9.818300 8.064800 7.882300 
m_vison    8.276300 9.140600 9.509600 7.873900 0.000000 5.800000 5.037500 9.748100 9.598100 10.417500 9.559700 8.363300 8.816900 8.069900 8.884200 8.825500 8.286200 8.987400 7.894600 7.988900 8.031700 8.118400 8.729100 6.864300 7.871500 7.931600 9.288800 10.325400 8.571900 8.389400 
u_americanus7.701300 8.565600 8.934600 7.298900 5.800000 0.000000 4.462500 9.173100 9.023100 9.842500 8.984700 7.788300 8.241900 7.494900 8.309200 8.250500 7.711200 8.412400 7.319600 7.413900 7.456700 7.543400 8.154100 6.289300 7.296500 7.356600 8.713800 9.750400 7.996900 7.814400 
v_velox    6.725800 7.590100 7.959100 6.323400 5.037500 4.462500 0.000000 8.197600 8.047600 8.867000 8.009200 6.812800 7.266400 6.519400 7.333700 7.275000 6.735700 7.436900 6.344100 6.438400 6.481200 6.567900 7.178600 5.313800 6.321000 6.381100 7.738300 8.774900 7.021400 6.838900 
h_yaguarondi9.100400 9.964700 10.876700 9.241000 9.748100 9.173100 8.197600 0.000000 8.899600 10.075200 9.726800 9.187400 9.641000 8.894000 9.708300 9.649600 9.110300 9.811500 8.718700 8.813000 8.855800 8.942500 9.553200 7.688400 8.695600 8.755700 10.112900 11.149500 9.396000 9.213500 
n_narica   8.950400 9.814700 10.726700 9.091000 9.598100 9.023100 8.047600 8.899600 0.000000 9.925200 9.576800 9.037400 9.491000 8.744000 9.558300 9.499600 8.960300 9.661500 8.568700 8.663000 8.705800 8.792500 9.403200 7.538400 8.545600 8.605700 9.962900 10.999500 9.246000 9.063500 
v_vulpes   9.769800 10.634100 11.546100 9.910400 10.417500 9.842500 8.867000 10.075200 9.925200 0.000000 10.396200 9.856800 10.310400 9.563400 10.377700 10.319000 9.779700 10.480900 9.388100 9.482400 9.525200 9.611900 10.222600 8.357800 9.365000 9.425100 10.782300 11.818900 10.065400 9.882900 
a_lagopus  8.912000 9.776300 10.688300 9.052600 9.559700 8.984700 8.009200 9.726800 9.576800 10.396200 0.000000 8.999000 9.452600 8.705600 9.519900 9.461200 8.921900 9.623100 8.530300 8.624600 8.667400 8.754100 9.364800 7.500000 8.507200 8.567300 9.924500 10.961100 9.207600 9.025100 
c_lupus    7.523800 8.388100 9.491900 7.856200 8.363300 7.788300 6.812800 9.187400 9.037400 9.856800 8.999000 0.000000 5.500000 7.230800 8.045100 7.986400 7.447100 8.148300 7.055500 7.149800 7.192600 7.279300 7.890000 6.025200 7.032400 7.092500 8.449700 9.486300 7.732800 7.550300 
c_leuconotus7.977400 8.841700 9.945500 8.309800 8.816900 8.241900 7.266400 9.641000 9.491000 10.310400 9.452600 5.500000 0.000000 7.684400 8.498700 8.440000 7.900700 8.601900 7.509100 7.603400 7.646200 7.732900 8.343600 6.478800 7.486000 7.546100 8.903300 9.939900 8.186400 8.003900 
m_frenata  7.230400 8.094700 9.198500 7.562800 8.069900 7.494900 6.519400 8.894000 8.744000 9.563400 8.705600 7.230800 7.684400 0.000000 4.600100 7.339000 6.799700 7.500900 6.408100 6.502400 6.545200 6.631900 7.242600 5.377800 6.385000 6.445100 7.802300 8.838900 7.085400 6.902900 
p_onca     8.044700 8.909000 10.012800 8.377100 8.884200 8.309200 7.333700 9.708300 9.558300 10.377700 9.519900 8.045100 8.498700 4.600100 0.000000 8.153300 7.614000 8.315200 7.222400 7.316700 7.359500 7.446200 8.056900 6.192100 7.199300 7.259400 8.616600 9.653200 7.899700 7.717200 
b_astutus  7.986000 8.850300 9.954100 8.318400 8.825500 8.250500 7.275000 9.649600 9.499600 10.319000 9.461200 7.986400 8.440000 7.339000 8.153300 0.000000 6.000100 8.256500 7.163700 7.258000 7.300800 7.387500 7.998200 6.133400 7.140600 7.200700 8.557900 9.594500 7.841000 7.658500 
l_canadensis7.446700 8.311000 9.414800 7.779100 8.286200 7.711200 6.735700 9.110300 8.960300 9.779700 8.921900 7.447100 7.900700 6.799700 7.614000 6.000100 0.000000 7.717200 6.624400 6.718700 6.761500 6.848200 7.458900 5.594100 6.601300 6.661400 8.018600 9.055200 7.301700 7.119200 
m_americana8.147900 9.012200 10.116000 8.480300 8.987400 8.412400 7.436900 9.811500 9.661500 10.480900 9.623100 8.148300 8.601900 7.500900 8.315200 8.256500 7.717200 0.000000 4.799800 6.543300 6.586100 6.672800 7.283500 6.172900 7.180100 7.240200 8.597400 9.634000 7.880500 7.698000 
m_mephitis7.055100 7.919400 9.023200 7.387500 7.894600 7.319600 6.344100 8.718700 8.568700 9.388100 8.530300 7.055500 7.509100 6.408100 7.222400 7.163700 6.624400 4.799800 0.000000 5.450500 5.493300 5.580000 6.190700 5.080100 6.087300 6.147400 7.504600 8.541200 6.787700 6.605200 
m_erminea  7.149400 8.013700 9.117500 7.481800 7.988900 7.413900 6.438400 8.813000 8.663000 9.482400 8.624600 7.149800 7.603400 6.502400 7.316700 7.258000 6.718700 6.543300 5.450500 0.000000 4.300200 5.323300 5.934000 5.174400 6.181600 6.241700 7.598900 8.635500 6.882000 6.699500 
u_littoralis7.192200 8.056500 9.160300 7.524600 8.031700 7.456700 6.481200 8.855800 8.705800 9.525200 8.667400 7.192600 7.646200 6.545200 7.359500 7.300800 6.761500 6.586100 5.493300 4.300200 0.000000 5.366100 5.976800 5.217200 6.224400 6.284500 7.641700 8.678300 6.924800 6.742300 
l_canadensis7.278900 8.143200 9.247000 7.611300 8.118400 7.543400 6.567900 8.942500 8.792500 9.611900 8.754100 7.279300 7.732900 6.631900 7.446200 7.387500 6.848200 6.672800 5.580000 5.323300 5.366100 0.000000 5.399900 5.303900 6.311100 6.371200 7.728400 8.765000 7.011500 6.829000 
m_nivalis  7.889600 8.753900 9.857700 8.222000 8.729100 8.154100 7.178600 9.553200 9.403200 10.222600 9.364800 7.890000 8.343600 7.242600 8.056900 7.998200 7.458900 7.283500 6.190700 5.934000 5.976800 5.399900 0.000000 5.914600 6.921800 6.981900 8.339100 9.375700 7.622200 7.439700 
c_latrans  6.024800 6.889100 7.992900 6.357200 6.864300 6.289300 5.313800 7.688400 7.538400 8.357800 7.500000 6.025200 6.478800 5.377800 6.192100 6.133400 5.594100 6.172900 5.080100 5.174400 5.217200 5.303900 5.914600 0.000000 3.200000 4.342700 5.699900 7.421700 5.668200 5.485700 
p_lotor    7.032000 7.896300 9.000100 7.364400 7.871500 7.296500 6.321000 8.695600 8.545600 9.365000 8.507200 7.032400 7.486000 6.385000 7.199300 7.140600 6.601300 7.180100 6.087300 6.181600 6.224400 6.311100 6.921800 3.200000 0.000000 5.349900 6.707100 8.428900 6.675400 6.492900 
l_rufus    7.092100 7.956400 9.060200 7.424500 7.931600 7.356600 6.381100 8.755700 8.605700 9.425100 8.567300 7.092500 7.546100 6.445100 7.259400 7.200700 6.661400 7.240200 6.147400 6.241700 6.284500 6.371200 6.981900 4.342700 5.349900 0.000000 4.900200 8.489000 6.735500 6.553000 
m_pennanti8.449300 9.313600 10.417400 8.781700 9.288800 8.713800 7.738300 10.112900 9.962900 10.782300 9.924500 8.449700 8.903300 7.802300 8.616600 8.557900 8.018600 8.597400 7.504600 7.598900 7.641700 7.728400 8.339100 5.699900 6.707100 4.900200 0.000000 9.846200 8.092700 7.910200 
s_putorius9.485900 10.350200 11.454000 9.818300 10.325400 9.750400 8.774900 11.149500 10.999500 11.818900 10.961100 9.486300 9.939900 8.838900 9.653200 9.594500 9.055200 9.634000 8.541200 8.635500 8.678300 8.765000 9.375700 7.421700 8.428900 8.489000 9.846200 0.000000 5.299900 8.126800 
s_pygmaea  7.732400 8.596700 9.700500 8.064800 8.571900 7.996900 7.021400 9.396000 9.246000 10.065400 9.207600 7.732800 8.186400 7.085400 7.899700 7.841000 7.301700 7.880500 6.787700 6.882000 6.924800 7.011500 7.622200 5.668200 6.675400 6.735500 8.092700 5.299900 0.000000 6.373300 
p_concolor7.549900 8.414200 9.518000 7.882300 8.389400 7.814400 6.838900 9.213500 9.063500 9.882900 9.025100 7.550300 8.003900 6.902900 7.717200 7.658500 7.119200 7.698000 6.605200 6.699500 6.742300 6.829000 7.439700 5.485700 6.492900 6.553000 7.910200 8.126800 6.373300 0.000000 

