18
m_american0.000000 200.000000 241.000000 342.000000 342.000000 312.000000 616.000000 616.000000 517.000000 657.000000 657.000000 568.000000 534.000000 534.000000 484.000000 484.000000 363.000000 317.000000 
n_vison    200.000000 0.000000 241.000000 342.000000 342.000000 312.000000 616.000000 616.000000 517.000000 657.000000 657.000000 568.000000 534.000000 534.000000 484.000000 484.000000 363.000000 317.000000 
t_taxus    241.000000 241.000000 0.000000 301.000000 301.000000 271.000000 575.000000 575.000000 476.000000 616.000000 616.000000 527.000000 493.000000 493.000000 443.000000 443.000000 322.000000 276.000000 
m_pennanti342.000000 342.000000 301.000000 0.000000 200.000000 230.000000 608.000000 608.000000 509.000000 649.000000 649.000000 560.000000 526.000000 526.000000 476.000000 476.000000 355.000000 309.000000 
m_nivalis  342.000000 342.000000 301.000000 200.000000 0.000000 230.000000 608.000000 608.000000 509.000000 649.000000 649.000000 560.000000 526.000000 526.000000 476.000000 476.000000 355.000000 309.000000 
g_gulo     312.000000 312.000000 271.000000 230.000000 230.000000 0.000000 578.000000 578.000000 479.000000 619.000000 619.000000 530.000000 496.000000 496.000000 446.000000 446.000000 325.000000 279.000000 
c_latrans  616.000000 616.000000 575.000000 608.000000 608.000000 578.000000 0.000000 200.000000 299.000000 623.000000 623.000000 534.000000 500.000000 500.000000 528.000000 528.000000 453.000000 499.000000 
c_lupus    616.000000 616.000000 575.000000 608.000000 608.000000 578.000000 200.000000 0.000000 299.000000 623.000000 623.000000 534.000000 500.000000 500.000000 528.000000 528.000000 453.000000 499.000000 
v_lagopus  517.000000 517.000000 476.000000 509.000000 509.000000 479.000000 299.000000 299.000000 0.000000 524.000000 524.000000 435.000000 401.000000 401.000000 429.000000 429.000000 354.000000 400.000000 
l_rufus    657.000000 657.000000 616.000000 649.000000 649.000000 619.000000 623.000000 623.000000 524.000000 0.000000 200.000000 289.000000 451.000000 451.000000 569.000000 569.000000 494.000000 540.000000 
ly_canaden657.000000 657.000000 616.000000 649.000000 649.000000 619.000000 623.000000 623.000000 524.000000 200.000000 0.000000 289.000000 451.000000 451.000000 569.000000 569.000000 494.000000 540.000000 
p_concolor568.000000 568.000000 527.000000 560.000000 560.000000 530.000000 534.000000 534.000000 435.000000 289.000000 289.000000 0.000000 362.000000 362.000000 480.000000 480.000000 405.000000 451.000000 
m_mephitis534.000000 534.000000 493.000000 526.000000 526.000000 496.000000 500.000000 500.000000 401.000000 451.000000 451.000000 362.000000 0.000000 200.000000 446.000000 446.000000 371.000000 417.000000 
s_putorius534.000000 534.000000 493.000000 526.000000 526.000000 496.000000 500.000000 500.000000 401.000000 451.000000 451.000000 362.000000 200.000000 0.000000 446.000000 446.000000 371.000000 417.000000 
u_american484.000000 484.000000 443.000000 476.000000 476.000000 446.000000 528.000000 528.000000 429.000000 569.000000 569.000000 480.000000 446.000000 446.000000 0.000000 200.000000 321.000000 367.000000 
u_arctos   484.000000 484.000000 443.000000 476.000000 476.000000 446.000000 528.000000 528.000000 429.000000 569.000000 569.000000 480.000000 446.000000 446.000000 200.000000 0.000000 321.000000 367.000000 
p_lotor    363.000000 363.000000 322.000000 355.000000 355.000000 325.000000 453.000000 453.000000 354.000000 494.000000 494.000000 405.000000 371.000000 371.000000 321.000000 321.000000 0.000000 246.000000 
lo_canaden317.000000 317.000000 276.000000 309.000000 309.000000 279.000000 499.000000 499.000000 400.000000 540.000000 540.000000 451.000000 417.000000 417.000000 367.000000 367.000000 246.000000 0.000000 

30
a_lagopus  0.000000 6.140800 5.746800 8.380500 8.169100 7.670000 8.533600 7.996100 7.478100 7.645200 7.630600 7.676900 8.524000 8.120700 8.179200 8.499700 9.088100 6.598600 8.680500 8.573000 9.422300 9.100700 9.625800 9.682200 10.119900 9.700100 10.168800 10.288300 10.317500 10.196800 
c_leuconotus6.140800 0.000000 6.473600 9.107300 8.895900 8.396800 9.260400 8.722900 8.204900 8.372000 8.357400 8.403700 9.250800 8.847500 8.906000 9.226500 9.814900 7.325400 9.407300 9.299800 10.149100 9.827500 10.352600 10.409000 10.846700 10.426900 10.895600 11.015100 11.044300 10.923600 
c_latrans  5.746800 6.473600 0.000000 3.273900 6.355300 5.856200 6.719800 6.182300 5.664300 5.831400 5.816800 5.863100 6.710200 6.306900 6.365400 6.685900 7.274300 4.784800 6.866700 6.759200 7.608500 7.286900 7.812000 7.868400 8.306100 7.886300 8.355000 8.474500 8.503700 8.383000 
l_pardalis8.380500 9.107300 3.273900 0.000000 8.989000 8.489900 9.353500 8.816000 8.298000 8.465100 8.450500 8.496800 9.343900 8.940600 8.999100 9.319600 9.908000 7.418500 9.500400 9.392900 10.242200 9.920600 10.445700 10.502100 10.939800 10.520000 10.988700 11.108200 11.137400 11.016700 
m_erminea  8.169100 8.895900 6.355300 8.989000 0.000000 2.280300 6.156700 6.451600 5.933600 6.100700 6.086100 6.132400 6.979500 6.576200 6.634700 6.955200 8.869000 6.379500 8.461400 8.353900 9.203200 8.881600 9.406700 9.463100 9.900800 9.481000 9.949700 10.069200 10.098400 9.977700 
m_frenata  7.670000 8.396800 5.856200 8.489900 2.280300 0.000000 5.657600 5.952500 5.434500 5.601600 5.587000 5.633300 6.480400 6.077100 6.135600 6.456100 8.369900 5.880400 7.962300 7.854800 8.704100 8.382500 8.907600 8.964000 9.401700 8.981900 9.450600 9.570100 9.599300 9.478600 
p_onca     8.533600 9.260400 6.719800 9.353500 6.156700 5.657600 0.000000 6.816100 6.298100 6.465200 6.450600 6.496900 7.344000 6.940700 6.999200 7.319700 9.233500 6.744000 8.825900 8.718400 9.567700 9.246100 9.771200 9.827600 10.265300 9.845500 10.314200 10.433700 10.462900 10.342200 
c_lupus    7.996100 8.722900 6.182300 8.816000 6.451600 5.952500 6.816100 0.000000 3.274600 4.590500 4.575900 4.622200 5.959900 6.217400 6.275900 6.596400 8.696000 6.206500 8.288400 8.180900 9.030200 8.708600 9.233700 9.290100 9.727800 9.308000 9.776700 9.896200 9.925400 9.804700 
m_mephitis7.478100 8.204900 5.664300 8.298000 5.933600 5.434500 6.298100 3.274600 0.000000 4.072500 4.057900 4.104200 5.441900 5.699400 5.757900 6.078400 8.178000 5.688500 7.770400 7.662900 8.512200 8.190600 8.715700 8.772100 9.209800 8.790000 9.258700 9.378200 9.407400 9.286700 
l_canadensis7.645200 8.372000 5.831400 8.465100 6.100700 5.601600 6.465200 4.590500 4.072500 0.000000 2.982200 3.604300 5.609000 5.866500 5.925000 6.245500 8.345100 5.855600 7.937500 7.830000 8.679300 8.357700 8.882800 8.939200 9.376900 8.957100 9.425800 9.545300 9.574500 9.453800 
m_nivalis  7.630600 8.357400 5.816800 8.450500 6.086100 5.587000 6.450600 4.575900 4.057900 2.982200 0.000000 3.589700 5.594400 5.851900 5.910400 6.230900 8.330500 5.841000 7.922900 7.815400 8.664700 8.343100 8.868200 8.924600 9.362300 8.942500 9.411200 9.530700 9.559900 9.439200 
u_littoralis7.676900 8.403700 5.863100 8.496800 6.132400 5.633300 6.496900 4.622200 4.104200 3.604300 3.589700 0.000000 5.640700 5.898200 5.956700 6.277200 8.376800 5.887300 7.969200 7.861700 8.711000 8.389400 8.914500 8.970900 9.408600 8.988800 9.457500 9.577000 9.606200 9.485500 
m_americana8.524000 9.250800 6.710200 9.343900 6.979500 6.480400 7.344000 5.959900 5.441900 5.609000 5.594400 5.640700 0.000000 6.745300 6.803800 7.124300 9.223900 6.734400 8.816300 8.708800 9.558100 9.236500 9.761600 9.818000 10.255700 9.835900 10.304600 10.424100 10.453300 10.332600 
l_canadensis8.120700 8.847500 6.306900 8.940600 6.576200 6.077100 6.940700 6.217400 5.699400 5.866500 5.851900 5.898200 6.745300 0.000000 4.736100 6.140600 8.820600 6.331100 8.413000 8.305500 9.154800 8.833200 9.358300 9.414700 9.852400 9.432600 9.901300 10.020800 10.050000 9.929300 
l_rufus    8.179200 8.906000 6.365400 8.999100 6.634700 6.135600 6.999200 6.275900 5.757900 5.925000 5.910400 5.956700 6.803800 4.736100 0.000000 6.199100 8.879100 6.389600 8.471500 8.364000 9.213300 8.891700 9.416800 9.473200 9.910900 9.491100 9.959800 10.079300 10.108500 9.987800 
m_pennanti8.499700 9.226500 6.685900 9.319600 6.955200 6.456100 7.319700 6.596400 6.078400 6.245500 6.230900 6.277200 7.124300 6.140600 6.199100 0.000000 9.199600 6.710100 8.792000 8.684500 9.533800 9.212200 9.737300 9.793700 10.231400 9.811600 10.280300 10.399800 10.429000 10.308300 
m_vison    9.088100 9.814900 7.274300 9.908000 8.869000 8.369900 9.233500 8.696000 8.178000 8.345100 8.330500 8.376800 9.223900 8.820600 8.879100 9.199600 0.000000 2.748300 6.479000 8.489700 10.002200 9.680600 10.205700 10.262100 10.699800 10.280000 10.748700 10.868200 10.897400 10.776700 
v_velox    6.598600 7.325400 4.784800 7.418500 6.379500 5.880400 6.744000 6.206500 5.688500 5.855600 5.841000 5.887300 6.734400 6.331100 6.389600 6.710100 2.748300 0.000000 3.989500 6.000200 7.512700 7.191100 7.716200 7.772600 8.210300 7.790500 8.259200 8.378700 8.407900 8.287200 
u_americanus8.680500 9.407300 6.866700 9.500400 8.461400 7.962300 8.825900 8.288400 7.770400 7.937500 7.922900 7.969200 8.816300 8.413000 8.471500 8.792000 6.479000 3.989500 0.000000 8.082100 9.594600 9.273000 9.798100 9.854500 10.292200 9.872400 10.341100 10.460600 10.489800 10.369100 
g_gulo     8.573000 9.299800 6.759200 9.392900 8.353900 7.854800 8.718400 8.180900 7.662900 7.830000 7.815400 7.861700 8.708800 8.305500 8.364000 8.684500 8.489700 6.000200 8.082100 0.000000 9.487100 9.165500 9.690600 9.747000 10.184700 9.764900 10.233600 10.353100 10.382300 10.261600 
p_lotor    9.422300 10.149100 7.608500 10.242200 9.203200 8.704100 9.567700 9.030200 8.512200 8.679300 8.664700 8.711000 9.558100 9.154800 9.213300 9.533800 10.002200 7.512700 9.594600 9.487100 0.000000 6.725200 8.655900 8.712300 9.650400 9.230600 9.699300 9.818800 9.848000 9.727300 
s_pygmaea  9.100700 9.827500 7.286900 9.920600 8.881600 8.382500 9.246100 8.708600 8.190600 8.357700 8.343100 8.389400 9.236500 8.833200 8.891700 9.212200 9.680600 7.191100 9.273000 9.165500 6.725200 0.000000 8.334300 8.390700 9.328800 8.909000 9.377700 9.497200 9.526400 9.405700 
b_astutus  9.625800 10.352600 7.812000 10.445700 9.406700 8.907600 9.771200 9.233700 8.715700 8.882800 8.868200 8.914500 9.761600 9.358300 9.416800 9.737300 10.205700 7.716200 9.798100 9.690600 8.655900 8.334300 0.000000 8.538000 9.853900 9.434100 9.902800 10.022300 10.051500 9.930800 
p_concolor9.682200 10.409000 7.868400 10.502100 9.463100 8.964000 9.827600 9.290100 8.772100 8.939200 8.924600 8.970900 9.818000 9.414700 9.473200 9.793700 10.262100 7.772600 9.854500 9.747000 8.712300 8.390700 8.538000 0.000000 9.910300 9.490500 9.959200 10.078700 10.107900 9.987200 
t_taxus    10.119900 10.846700 8.306100 10.939800 9.900800 9.401700 10.265300 9.727800 9.209800 9.376900 9.362300 9.408600 10.255700 9.852400 9.910900 10.231400 10.699800 8.210300 10.292200 10.184700 9.650400 9.328800 9.853900 9.910300 0.000000 8.713200 9.567300 10.092400 10.121600 10.000900 
u_arctos   9.700100 10.426900 7.886300 10.520000 9.481000 8.981900 9.845500 9.308000 8.790000 8.957100 8.942500 8.988800 9.835900 9.432600 9.491100 9.811600 10.280000 7.790500 9.872400 9.764900 9.230600 8.909000 9.434100 9.490500 8.713200 0.000000 9.147500 9.672600 9.701800 9.581100 
s_putorius10.168800 10.895600 8.355000 10.988700 9.949700 9.450600 10.314200 9.776700 9.258700 9.425800 9.411200 9.457500 10.304600 9.901300 9.959800 10.280300 10.748700 8.259200 10.341100 10.233600 9.699300 9.377700 9.902800 9.959200 9.567300 9.147500 0.000000 10.141300 10.170500 10.049800 
h_yaguarondi10.288300 11.015100 8.474500 11.108200 10.069200 9.570100 10.433700 9.896200 9.378200 9.545300 9.530700 9.577000 10.424100 10.020800 10.079300 10.399800 10.868200 8.378700 10.460600 10.353100 9.818800 9.497200 10.022300 10.078700 10.092400 9.672600 10.141300 0.000000 10.000400 9.984700 
v_vulpes   10.317500 11.044300 8.503700 11.137400 10.098400 9.599300 10.462900 9.925400 9.407400 9.574500 9.559900 9.606200 10.453300 10.050000 10.108500 10.429000 10.897400 8.407900 10.489800 10.382300 9.848000 9.526400 10.051500 10.107900 10.121600 9.701800 10.170500 10.000400 0.000000 10.013900 
n_narica   10.196800 10.923600 8.383000 11.016700 9.977700 9.478600 10.342200 9.804700 9.286700 9.453800 9.439200 9.485500 10.332600 9.929300 9.987800 10.308300 10.776700 8.287200 10.369100 10.261600 9.727300 9.405700 9.930800 9.987200 10.000900 9.581100 10.049800 9.984700 10.013900 0.000000 

