18
m_american0.000000 200.000000 241.000000 342.000000 342.000000 312.000000 616.000000 616.000000 517.000000 657.000000 657.000000 568.000000 534.000000 534.000000 484.000000 484.000000 363.000000 317.000000 
n_vison    200.000000 0.000000 241.000000 342.000000 342.000000 312.000000 616.000000 616.000000 517.000000 657.000000 657.000000 568.000000 534.000000 534.000000 484.000000 484.000000 363.000000 317.000000 
t_taxus    241.000000 241.000000 0.000000 301.000000 301.000000 271.000000 575.000000 575.000000 476.000000 616.000000 616.000000 527.000000 493.000000 493.000000 443.000000 443.000000 322.000000 276.000000 
m_pennanti342.000000 342.000000 301.000000 0.000000 200.000000 230.000000 608.000000 608.000000 509.000000 649.000000 649.000000 560.000000 526.000000 526.000000 476.000000 476.000000 355.000000 309.000000 
m_nivalis  342.000000 342.000000 301.000000 200.000000 0.000000 230.000000 608.000000 608.000000 509.000000 649.000000 649.000000 560.000000 526.000000 526.000000 476.000000 476.000000 355.000000 309.000000 
g_gulo     312.000000 312.000000 271.000000 230.000000 230.000000 0.000000 578.000000 578.000000 479.000000 619.000000 619.000000 530.000000 496.000000 496.000000 446.000000 446.000000 325.000000 279.000000 
c_latrans  616.000000 616.000000 575.000000 608.000000 608.000000 578.000000 0.000000 200.000000 299.000000 623.000000 623.000000 534.000000 500.000000 500.000000 528.000000 528.000000 453.000000 499.000000 
c_lupus    616.000000 616.000000 575.000000 608.000000 608.000000 578.000000 200.000000 0.000000 299.000000 623.000000 623.000000 534.000000 500.000000 500.000000 528.000000 528.000000 453.000000 499.000000 
v_lagopus  517.000000 517.000000 476.000000 509.000000 509.000000 479.000000 299.000000 299.000000 0.000000 524.000000 524.000000 435.000000 401.000000 401.000000 429.000000 429.000000 354.000000 400.000000 
l_rufus    657.000000 657.000000 616.000000 649.000000 649.000000 619.000000 623.000000 623.000000 524.000000 0.000000 200.000000 289.000000 451.000000 451.000000 569.000000 569.000000 494.000000 540.000000 
ly_canaden657.000000 657.000000 616.000000 649.000000 649.000000 619.000000 623.000000 623.000000 524.000000 200.000000 0.000000 289.000000 451.000000 451.000000 569.000000 569.000000 494.000000 540.000000 
p_concolor568.000000 568.000000 527.000000 560.000000 560.000000 530.000000 534.000000 534.000000 435.000000 289.000000 289.000000 0.000000 362.000000 362.000000 480.000000 480.000000 405.000000 451.000000 
m_mephitis534.000000 534.000000 493.000000 526.000000 526.000000 496.000000 500.000000 500.000000 401.000000 451.000000 451.000000 362.000000 0.000000 200.000000 446.000000 446.000000 371.000000 417.000000 
s_putorius534.000000 534.000000 493.000000 526.000000 526.000000 496.000000 500.000000 500.000000 401.000000 451.000000 451.000000 362.000000 200.000000 0.000000 446.000000 446.000000 371.000000 417.000000 
u_american484.000000 484.000000 443.000000 476.000000 476.000000 446.000000 528.000000 528.000000 429.000000 569.000000 569.000000 480.000000 446.000000 446.000000 0.000000 200.000000 321.000000 367.000000 
u_arctos   484.000000 484.000000 443.000000 476.000000 476.000000 446.000000 528.000000 528.000000 429.000000 569.000000 569.000000 480.000000 446.000000 446.000000 200.000000 0.000000 321.000000 367.000000 
p_lotor    363.000000 363.000000 322.000000 355.000000 355.000000 325.000000 453.000000 453.000000 354.000000 494.000000 494.000000 405.000000 371.000000 371.000000 321.000000 321.000000 0.000000 246.000000 
lo_canaden317.000000 317.000000 276.000000 309.000000 309.000000 279.000000 499.000000 499.000000 400.000000 540.000000 540.000000 451.000000 417.000000 417.000000 367.000000 367.000000 246.000000 0.000000 

30
c_lupus    0.000000 5.899900 7.848000 8.533700 9.130300 9.044600 9.672700 8.862000 9.148000 8.019400 8.187400 7.426700 6.483000 7.815600 7.297700 9.181200 7.070500 7.217600 7.910400 5.932700 6.886300 6.900400 8.346800 7.303300 7.178700 6.814400 8.035000 7.835000 7.061600 6.954500 
c_leuconotus5.899900 0.000000 8.719500 9.405200 10.001800 9.916100 10.544200 9.733500 10.019500 8.890900 9.058900 8.298200 7.354500 8.687100 8.169200 10.052700 7.942000 8.089100 8.781900 6.804200 7.757800 7.771900 9.218300 8.174800 8.050200 7.685900 8.906500 8.706500 7.933100 7.826000 
g_gulo     7.848000 8.719500 0.000000 6.000100 9.247500 9.161800 9.789900 8.979200 9.657800 8.529200 8.697200 7.936500 6.992800 8.491800 7.973900 9.857400 7.746700 7.893800 8.586600 6.608900 7.562500 7.576600 9.023000 7.979500 7.854900 7.490600 8.711200 8.511200 7.737800 7.630700 
l_pardalis8.533700 9.405200 6.000100 0.000000 9.933200 9.847500 10.475600 9.664900 10.343500 9.214900 9.382900 8.622200 7.678500 9.177500 8.659600 10.543100 8.432400 8.579500 9.272300 7.294600 8.248200 8.262300 9.708700 8.665200 8.540600 8.176300 9.396900 9.196900 8.423500 8.316400 
h_yaguarondi9.130300 10.001800 9.247500 9.933200 0.000000 9.300100 10.042800 9.781100 10.940100 9.811500 9.979500 9.218800 8.275100 9.774100 9.256200 11.139700 9.029000 9.176100 9.868900 7.891200 8.844800 8.858900 10.305300 9.261800 9.137200 8.772900 9.993500 9.793500 9.020100 8.913000 
n_narica   9.044600 9.916100 9.161800 9.847500 9.300100 0.000000 9.957100 9.695400 10.854400 9.725800 9.893800 9.133100 8.189400 9.688400 9.170500 11.054000 8.943300 9.090400 9.783200 7.805500 8.759100 8.773200 10.219600 9.176100 9.051500 8.687200 9.907800 9.707800 8.934400 8.827300 
v_vulpes   9.672700 10.544200 9.789900 10.475600 10.042800 9.957100 0.000000 10.323500 11.482500 10.353900 10.521900 9.761200 8.817500 10.316500 9.798600 11.682100 9.571400 9.718500 10.411300 8.433600 9.387200 9.401300 10.847700 9.804200 9.679600 9.315300 10.535900 10.335900 9.562500 9.455400 
a_lagopus  8.862000 9.733500 8.979200 9.664900 9.781100 9.695400 10.323500 0.000000 10.671800 9.543200 9.711200 8.950500 8.006800 9.505800 8.987900 10.871400 8.760700 8.907800 9.600600 7.622900 8.576500 8.590600 10.037000 8.993500 8.868900 8.504600 9.725200 9.525200 8.751800 8.644700 
t_taxus    9.148000 10.019500 9.657800 10.343500 10.940100 10.854400 11.482500 10.671800 0.000000 6.600600 9.102600 8.341900 7.398200 9.791800 9.273900 11.157400 9.046700 9.193800 9.886600 7.908900 8.862500 8.876600 10.323000 9.279500 9.154900 8.790600 10.011200 9.811200 9.037800 8.930700 
u_arctos   8.019400 8.890900 8.529200 9.214900 9.811500 9.725800 10.353900 9.543200 6.600600 0.000000 7.974000 7.213300 6.269600 8.663200 8.145300 10.028800 7.918100 8.065200 8.758000 6.780300 7.733900 7.748000 9.194400 8.150900 8.026300 7.662000 8.882600 8.682600 7.909200 7.802100 
m_vison    8.187400 9.058900 8.697200 9.382900 9.979500 9.893800 10.521900 9.711200 9.102600 7.974000 0.000000 5.400300 4.780200 8.831200 8.313300 10.196800 8.086100 8.233200 8.926000 6.948300 7.901900 7.916000 9.362400 8.318900 8.194300 7.830000 9.050600 8.850600 8.077200 7.970100 
u_americanus7.426700 8.298200 7.936500 8.622200 9.218800 9.133100 9.761200 8.950500 8.341900 7.213300 5.400300 0.000000 4.019500 8.070500 7.552600 9.436100 7.325400 7.472500 8.165300 6.187600 7.141200 7.155300 8.601700 7.558200 7.433600 7.069300 8.289900 8.089900 7.316500 7.209400 
v_velox    6.483000 7.354500 6.992800 7.678500 8.275100 8.189400 8.817500 8.006800 7.398200 6.269600 4.780200 4.019500 0.000000 7.126800 6.608900 8.492400 6.381700 6.528800 7.221600 5.243900 6.197500 6.211600 7.658000 6.614500 6.489900 6.125600 7.346200 7.146200 6.372800 6.265700 
b_astutus  7.815600 8.687100 8.491800 9.177500 9.774100 9.688400 10.316500 9.505800 9.791800 8.663200 8.831200 8.070500 7.126800 0.000000 6.300300 8.739400 6.628700 7.672600 8.365400 6.387700 7.341300 7.355400 8.801800 7.758300 7.633700 7.269400 8.490000 8.290000 7.516600 7.409500 
p_concolor7.297700 8.169200 7.973900 8.659600 9.256200 9.170500 9.798600 8.987900 9.273900 8.145300 8.313300 7.552600 6.608900 6.300300 0.000000 8.221500 6.110800 7.154700 7.847500 5.869800 6.823400 6.837500 8.283900 7.240400 7.115800 6.751500 7.972100 7.772100 6.998700 6.891600 
s_putorius9.181200 10.052700 9.857400 10.543100 11.139700 11.054000 11.682100 10.871400 11.157400 10.028800 10.196800 9.436100 8.492400 8.739400 8.221500 0.000000 5.299900 9.038200 9.731000 7.753300 8.706900 8.721000 10.167400 9.123900 8.999300 8.635000 9.855600 9.655600 8.882200 8.775100 
s_pygmaea  7.070500 7.942000 7.746700 8.432400 9.029000 8.943300 9.571400 8.760700 9.046700 7.918100 8.086100 7.325400 6.381700 6.628700 6.110800 5.299900 0.000000 6.927500 7.620300 5.642600 6.596200 6.610300 8.056700 7.013200 6.888600 6.524300 7.744900 7.544900 6.771500 6.664400 
m_frenata  7.217600 8.089100 7.893800 8.579500 9.176100 9.090400 9.718500 8.907800 9.193800 8.065200 8.233200 7.472500 6.528800 7.672600 7.154700 9.038200 6.927500 0.000000 4.200000 5.313700 6.267300 6.281400 7.727800 6.684300 6.559700 6.195400 7.416000 7.216000 6.442600 6.335500 
p_onca     7.910400 8.781900 8.586600 9.272300 9.868900 9.783200 10.411300 9.600600 9.886600 8.758000 8.926000 8.165300 7.221600 8.365400 7.847500 9.731000 7.620300 4.200000 0.000000 6.006500 6.960100 6.974200 8.420600 7.377100 7.252500 6.888200 8.108800 7.908800 7.135400 7.028300 
c_latrans  5.932700 6.804200 6.608900 7.294600 7.891200 7.805500 8.433600 7.622900 7.908900 6.780300 6.948300 6.187600 5.243900 6.387700 5.869800 7.753300 5.642600 5.313700 6.006500 0.000000 2.700200 4.073300 5.519700 4.476200 4.831000 4.466700 5.687300 5.487300 4.713900 4.606800 
p_lotor    6.886300 7.757800 7.562500 8.248200 8.844800 8.759100 9.387200 8.576500 8.862500 7.733900 7.901900 7.141200 6.197500 7.341300 6.823400 8.706900 6.596200 6.267300 6.960100 2.700200 0.000000 5.026900 6.473300 5.429800 5.784600 5.420300 6.640900 6.440900 5.667500 5.560400 
l_rufus    6.900400 7.771900 7.576600 8.262300 8.858900 8.773200 9.401300 8.590600 8.876600 7.748000 7.916000 7.155300 6.211600 7.355400 6.837500 8.721000 6.610300 6.281400 6.974200 4.073300 5.026900 0.000000 4.200000 5.376900 5.798700 5.434400 6.655000 6.455000 5.681600 5.574500 
m_pennanti8.346800 9.218300 9.023000 9.708700 10.305300 10.219600 10.847700 10.037000 10.323000 9.194400 9.362400 8.601700 7.658000 8.801800 8.283900 10.167400 8.056700 7.727800 8.420600 5.519700 6.473300 4.200000 0.000000 6.823300 7.245100 6.880800 8.101400 7.901400 7.128000 7.020900 
l_canadensis7.303300 8.174800 7.979500 8.665200 9.261800 9.176100 9.804200 8.993500 9.279500 8.150900 8.318900 7.558200 6.614500 7.758300 7.240400 9.123900 7.013200 6.684300 7.377100 4.476200 5.429800 5.376900 6.823300 0.000000 6.201600 5.837300 7.057900 6.857900 6.084500 5.977400 
l_canadensis7.178700 8.050200 7.854900 8.540600 9.137200 9.051500 9.679600 8.868900 9.154900 8.026300 8.194300 7.433600 6.489900 7.633700 7.115800 8.999300 6.888600 6.559700 7.252500 4.831000 5.784600 5.798700 7.245100 6.201600 0.000000 4.000300 6.570500 6.370500 5.597100 5.490000 
m_mephitis6.814400 7.685900 7.490600 8.176300 8.772900 8.687200 9.315300 8.504600 8.790600 7.662000 7.830000 7.069300 6.125600 7.269400 6.751500 8.635000 6.524300 6.195400 6.888200 4.466700 5.420300 5.434400 6.880800 5.837300 4.000300 0.000000 6.206200 6.006200 5.232800 5.125700 
m_americana8.035000 8.906500 8.711200 9.396900 9.993500 9.907800 10.535900 9.725200 10.011200 8.882600 9.050600 8.289900 7.346200 8.490000 7.972100 9.855600 7.744900 7.416000 8.108800 5.687300 6.640900 6.655000 8.101400 7.057900 6.570500 6.206200 0.000000 5.299600 5.903800 5.796700 
m_nivalis  7.835000 8.706500 8.511200 9.196900 9.793500 9.707800 10.335900 9.525200 9.811200 8.682600 8.850600 8.089900 7.146200 8.290000 7.772100 9.655600 7.544900 7.216000 7.908800 5.487300 6.440900 6.455000 7.901400 6.857900 6.370500 6.006200 5.299600 0.000000 5.703800 5.596700 
m_erminea  7.061600 7.933100 7.737800 8.423500 9.020100 8.934400 9.562500 8.751800 9.037800 7.909200 8.077200 7.316500 6.372800 7.516600 6.998700 8.882200 6.771500 6.442600 7.135400 4.713900 5.667500 5.681600 7.128000 6.084500 5.597100 5.232800 5.903800 5.703800 0.000000 3.899500 
u_littoralis6.954500 7.826000 7.630700 8.316400 8.913000 8.827300 9.455400 8.644700 8.930700 7.802100 7.970100 7.209400 6.265700 7.409500 6.891600 8.775100 6.664400 6.335500 7.028300 4.606800 5.560400 5.574500 7.020900 5.977400 5.490000 5.125700 5.796700 5.596700 3.899500 0.000000 

