18
m_mephitis0.000000 200.000000 585.000000 585.000000 485.000000 427.000000 375.000000 546.000000 546.000000 461.000000 391.000000 551.000000 551.000000 629.000000 629.000000 553.000000 492.000000 492.000000 
s_putorius200.000000 0.000000 585.000000 585.000000 485.000000 427.000000 375.000000 546.000000 546.000000 461.000000 391.000000 551.000000 551.000000 629.000000 629.000000 553.000000 492.000000 492.000000 
n_vison    585.000000 585.000000 0.000000 200.000000 300.000000 358.000000 410.000000 749.000000 749.000000 664.000000 594.000000 754.000000 754.000000 832.000000 832.000000 756.000000 695.000000 695.000000 
m_nivalis  585.000000 585.000000 200.000000 0.000000 300.000000 358.000000 410.000000 749.000000 749.000000 664.000000 594.000000 754.000000 754.000000 832.000000 832.000000 756.000000 695.000000 695.000000 
m_american485.000000 485.000000 300.000000 300.000000 0.000000 258.000000 310.000000 649.000000 649.000000 564.000000 494.000000 654.000000 654.000000 732.000000 732.000000 656.000000 595.000000 595.000000 
g_gulo     427.000000 427.000000 358.000000 358.000000 258.000000 0.000000 252.000000 591.000000 591.000000 506.000000 436.000000 596.000000 596.000000 674.000000 674.000000 598.000000 537.000000 537.000000 
m_pennanti375.000000 375.000000 410.000000 410.000000 310.000000 252.000000 0.000000 539.000000 539.000000 454.000000 384.000000 544.000000 544.000000 622.000000 622.000000 546.000000 485.000000 485.000000 
b_astutus  546.000000 546.000000 749.000000 749.000000 649.000000 591.000000 539.000000 0.000000 200.000000 285.000000 355.000000 609.000000 609.000000 687.000000 687.000000 611.000000 550.000000 550.000000 
p_lotor    546.000000 546.000000 749.000000 749.000000 649.000000 591.000000 539.000000 200.000000 0.000000 285.000000 355.000000 609.000000 609.000000 687.000000 687.000000 611.000000 550.000000 550.000000 
n_narica   461.000000 461.000000 664.000000 664.000000 564.000000 506.000000 454.000000 285.000000 285.000000 0.000000 270.000000 524.000000 524.000000 602.000000 602.000000 526.000000 465.000000 465.000000 
t_taxus    391.000000 391.000000 594.000000 594.000000 494.000000 436.000000 384.000000 355.000000 355.000000 270.000000 0.000000 454.000000 454.000000 532.000000 532.000000 456.000000 395.000000 395.000000 
l_rufus    551.000000 551.000000 754.000000 754.000000 654.000000 596.000000 544.000000 609.000000 609.000000 524.000000 454.000000 0.000000 200.000000 474.000000 474.000000 398.000000 457.000000 457.000000 
p_concolor551.000000 551.000000 754.000000 754.000000 654.000000 596.000000 544.000000 609.000000 609.000000 524.000000 454.000000 200.000000 0.000000 474.000000 474.000000 398.000000 457.000000 457.000000 
v_lagopus  629.000000 629.000000 832.000000 832.000000 732.000000 674.000000 622.000000 687.000000 687.000000 602.000000 532.000000 474.000000 474.000000 0.000000 200.000000 276.000000 535.000000 535.000000 
c_lupus    629.000000 629.000000 832.000000 832.000000 732.000000 674.000000 622.000000 687.000000 687.000000 602.000000 532.000000 474.000000 474.000000 200.000000 0.000000 276.000000 535.000000 535.000000 
c_latrans  553.000000 553.000000 756.000000 756.000000 656.000000 598.000000 546.000000 611.000000 611.000000 526.000000 456.000000 398.000000 398.000000 276.000000 276.000000 0.000000 459.000000 459.000000 
u_american492.000000 492.000000 695.000000 695.000000 595.000000 537.000000 485.000000 550.000000 550.000000 465.000000 395.000000 457.000000 457.000000 535.000000 535.000000 459.000000 0.000000 200.000000 
u_arctos   492.000000 492.000000 695.000000 695.000000 595.000000 537.000000 485.000000 550.000000 550.000000 465.000000 395.000000 457.000000 457.000000 535.000000 535.000000 459.000000 200.000000 0.000000 

30
b_astutus  0.000000 0.620100 0.773400 0.800200 0.761800 0.701800 0.743600 0.831800 0.719100 0.799100 0.629800 0.691900 0.698500 0.794600 0.883500 0.808200 0.878500 0.967200 0.970000 1.008500 1.045000 0.935000 0.965700 0.775000 0.767500 0.993400 0.709800 0.822100 0.686000 0.876100 
ly_canaden0.620100 0.000000 0.701300 0.728100 0.689700 0.629700 0.671500 0.759700 0.647000 0.727000 0.557700 0.619800 0.626400 0.722500 0.811400 0.736100 0.806400 0.895100 0.897900 0.936400 0.972900 0.862900 0.893600 0.702900 0.695400 0.921300 0.637700 0.750000 0.613900 0.804000 
m_frenata  0.773400 0.701300 0.000000 0.419800 0.694800 0.634800 0.676600 0.764800 0.652100 0.732100 0.562800 0.624900 0.631500 0.751800 0.840700 0.765400 0.835700 0.924400 0.927200 0.965700 1.002200 0.892200 0.922900 0.732200 0.724700 0.950600 0.667000 0.779300 0.643200 0.833300 
p_onca     0.800200 0.728100 0.419800 0.000000 0.721600 0.661600 0.703400 0.791600 0.678900 0.758900 0.589600 0.651700 0.658300 0.778600 0.867500 0.792200 0.862500 0.951200 0.954000 0.992500 1.029000 0.919000 0.949700 0.759000 0.751500 0.977400 0.693800 0.806100 0.670000 0.860100 
m_americana0.761800 0.689700 0.694800 0.721600 0.000000 0.360200 0.551000 0.639200 0.569500 0.649500 0.480200 0.542300 0.548900 0.740200 0.829100 0.753800 0.824100 0.912800 0.915600 0.954100 0.990600 0.880600 0.911300 0.720600 0.713100 0.939000 0.655400 0.767700 0.631600 0.821700 
m_mephitis0.701800 0.629700 0.634800 0.661600 0.360200 0.000000 0.491000 0.579200 0.509500 0.589500 0.420200 0.482300 0.488900 0.680200 0.769100 0.693800 0.764100 0.852800 0.855600 0.894100 0.930600 0.820600 0.851300 0.660600 0.653100 0.879000 0.595400 0.707700 0.571600 0.761700 
lo_canaden0.743600 0.671500 0.676600 0.703400 0.551000 0.491000 0.000000 0.549800 0.551300 0.631300 0.462000 0.524100 0.530700 0.722000 0.810900 0.735600 0.805900 0.894600 0.897400 0.935900 0.972400 0.862400 0.893100 0.702400 0.694900 0.920800 0.637200 0.749500 0.613400 0.803500 
m_nivalis  0.831800 0.759700 0.764800 0.791600 0.639200 0.579200 0.549800 0.000000 0.639500 0.719500 0.550200 0.612300 0.618900 0.810200 0.899100 0.823800 0.894100 0.982800 0.985600 1.024100 1.060600 0.950600 0.981300 0.790600 0.783100 1.009000 0.725400 0.837700 0.701600 0.891700 
l_rufus    0.719100 0.647000 0.652100 0.678900 0.569500 0.509500 0.551300 0.639500 0.000000 0.409800 0.398100 0.460200 0.466800 0.697500 0.786400 0.711100 0.781400 0.870100 0.872900 0.911400 0.947900 0.837900 0.868600 0.677900 0.670400 0.896300 0.612700 0.725000 0.588900 0.779000 
m_pennanti0.799100 0.727000 0.732100 0.758900 0.649500 0.589500 0.631300 0.719500 0.409800 0.000000 0.478100 0.540200 0.546800 0.777500 0.866400 0.791100 0.861400 0.950100 0.952900 0.991400 1.027900 0.917900 0.948600 0.757900 0.750400 0.976300 0.692700 0.805000 0.668900 0.859000 
c_latrans  0.629800 0.557700 0.562800 0.589600 0.480200 0.420200 0.462000 0.550200 0.398100 0.478100 0.000000 0.210100 0.323900 0.608200 0.697100 0.621800 0.692100 0.780800 0.783600 0.822100 0.858600 0.748600 0.779300 0.588600 0.581100 0.807000 0.523400 0.635700 0.499600 0.689700 
p_lotor    0.691900 0.619800 0.624900 0.651700 0.542300 0.482300 0.524100 0.612300 0.460200 0.540200 0.210100 0.000000 0.386000 0.670300 0.759200 0.683900 0.754200 0.842900 0.845700 0.884200 0.920700 0.810700 0.841400 0.650700 0.643200 0.869100 0.585500 0.697800 0.561700 0.751800 
m_erminea  0.698500 0.626400 0.631500 0.658300 0.548900 0.488900 0.530700 0.618900 0.466800 0.546800 0.323900 0.386000 0.000000 0.676900 0.765800 0.690500 0.760800 0.849500 0.852300 0.890800 0.927300 0.817300 0.848000 0.657300 0.649800 0.875700 0.592100 0.704400 0.568300 0.758400 
g_gulo     0.794600 0.722500 0.751800 0.778600 0.740200 0.680200 0.722000 0.810200 0.697500 0.777500 0.608200 0.670300 0.676900 0.000000 0.539900 0.763000 0.833300 0.922600 0.925400 0.963900 1.000400 0.890400 0.921100 0.730400 0.722900 0.948800 0.665200 0.777500 0.641400 0.831500 
l_pardalis0.883500 0.811400 0.840700 0.867500 0.829100 0.769100 0.810900 0.899100 0.786400 0.866400 0.697100 0.759200 0.765800 0.539900 0.000000 0.851900 0.922200 1.011500 1.014300 1.052800 1.089300 0.979300 1.010000 0.819300 0.811800 1.037700 0.754100 0.866400 0.730300 0.920400 
c_lupus    0.808200 0.736100 0.765400 0.792200 0.753800 0.693800 0.735600 0.823800 0.711100 0.791100 0.621800 0.683900 0.690500 0.763000 0.851900 0.000000 0.639700 0.936200 0.939000 0.977500 1.014000 0.904000 0.934700 0.744000 0.736500 0.962400 0.678800 0.791100 0.655000 0.845100 
c_leuconotus0.878500 0.806400 0.835700 0.862500 0.824100 0.764100 0.805900 0.894100 0.781400 0.861400 0.692100 0.754200 0.760800 0.833300 0.922200 0.639700 0.000000 1.006500 1.009300 1.047800 1.084300 0.974300 1.005000 0.814300 0.806800 1.032700 0.749100 0.861400 0.725300 0.915400 
h_yaguarondi0.967200 0.895100 0.924400 0.951200 0.912800 0.852800 0.894600 0.982800 0.870100 0.950100 0.780800 0.842900 0.849500 0.922600 1.011500 0.936200 1.006500 0.000000 0.880200 0.980300 1.016800 0.957000 1.056100 0.865400 0.857900 1.083800 0.800200 0.950100 0.814000 1.004100 
n_narica   0.970000 0.897900 0.927200 0.954000 0.915600 0.855600 0.897400 0.985600 0.872900 0.952900 0.783600 0.845700 0.852300 0.925400 1.014300 0.939000 1.009300 0.880200 0.000000 0.983100 1.019600 0.959800 1.058900 0.868200 0.860700 1.086600 0.803000 0.952900 0.816800 1.006900 
a_lagopus  1.008500 0.936400 0.965700 0.992500 0.954100 0.894100 0.935900 1.024100 0.911400 0.991400 0.822100 0.884200 0.890800 0.963900 1.052800 0.977500 1.047800 0.980300 0.983100 0.000000 0.999500 0.998300 1.097400 0.906700 0.899200 1.125100 0.841500 0.991400 0.855300 1.045400 
v_vulpes   1.045000 0.972900 1.002200 1.029000 0.990600 0.930600 0.972400 1.060600 0.947900 1.027900 0.858600 0.920700 0.927300 1.000400 1.089300 1.014000 1.084300 1.016800 1.019600 0.999500 0.000000 1.034800 1.133900 0.943200 0.935700 1.161600 0.878000 1.027900 0.891800 1.081900 
u_arctos   0.935000 0.862900 0.892200 0.919000 0.880600 0.820600 0.862400 0.950600 0.837900 0.917900 0.748600 0.810700 0.817300 0.890400 0.979300 0.904000 0.974300 0.957000 0.959800 0.998300 1.034800 0.000000 1.023900 0.833200 0.825700 1.051600 0.768000 0.917900 0.781800 0.971900 
s_putorius0.965700 0.893600 0.922900 0.949700 0.911300 0.851300 0.893100 0.981300 0.868600 0.948600 0.779300 0.841400 0.848000 0.921100 1.010000 0.934700 1.005000 1.056100 1.058900 1.097400 1.133900 1.023900 0.000000 0.520100 0.780400 1.082300 0.798700 0.948600 0.812500 1.002600 
s_pygmaea  0.775000 0.702900 0.732200 0.759000 0.720600 0.660600 0.702400 0.790600 0.677900 0.757900 0.588600 0.650700 0.657300 0.730400 0.819300 0.744000 0.814300 0.865400 0.868200 0.906700 0.943200 0.833200 0.520100 0.000000 0.589700 0.891600 0.608000 0.757900 0.621800 0.811900 
p_concolor0.767500 0.695400 0.724700 0.751500 0.713100 0.653100 0.694900 0.783100 0.670400 0.750400 0.581100 0.643200 0.649800 0.722900 0.811800 0.736500 0.806800 0.857900 0.860700 0.899200 0.935700 0.825700 0.780400 0.589700 0.000000 0.884100 0.600500 0.750400 0.614300 0.804400 
t_taxus    0.993400 0.921300 0.950600 0.977400 0.939000 0.879000 0.920800 1.009000 0.896300 0.976300 0.807000 0.869100 0.875700 0.948800 1.037700 0.962400 1.032700 1.083800 1.086600 1.125100 1.161600 1.051600 1.082300 0.891600 0.884100 0.000000 0.530000 0.976300 0.840200 1.030300 
u_littoralis0.709800 0.637700 0.667000 0.693800 0.655400 0.595400 0.637200 0.725400 0.612700 0.692700 0.523400 0.585500 0.592100 0.665200 0.754100 0.678800 0.749100 0.800200 0.803000 0.841500 0.878000 0.768000 0.798700 0.608000 0.600500 0.530000 0.000000 0.692700 0.556600 0.746700 
u_americanus0.822100 0.750000 0.779300 0.806100 0.767700 0.707700 0.749500 0.837700 0.725000 0.805000 0.635700 0.697800 0.704400 0.777500 0.866400 0.791100 0.861400 0.950100 0.952900 0.991400 1.027900 0.917900 0.948600 0.757900 0.750400 0.976300 0.692700 0.000000 0.360300 0.627600 
v_velox    0.686000 0.613900 0.643200 0.670000 0.631600 0.571600 0.613400 0.701600 0.588900 0.668900 0.499600 0.561700 0.568300 0.641400 0.730300 0.655000 0.725300 0.814000 0.816800 0.855300 0.891800 0.781800 0.812500 0.621800 0.614300 0.840200 0.556600 0.360300 0.000000 0.491500 
m_vison    0.876100 0.804000 0.833300 0.860100 0.821700 0.761700 0.803500 0.891700 0.779000 0.859000 0.689700 0.751800 0.758400 0.831500 0.920400 0.845100 0.915400 1.004100 1.006900 1.045400 1.081900 0.971900 1.002600 0.811900 0.804400 1.030300 0.746700 0.627600 0.491500 0.000000 

