20
g_gulo     0.000000 200.000000 258.000000 276.000000 304.000000 404.000000 404.000000 383.000000 414.000000 706.000000 706.000000 636.000000 634.000000 634.000000 587.000000 587.000000 514.000000 575.000000 575.000000 442.000000 
m_erminea  200.000000 0.000000 258.000000 276.000000 304.000000 404.000000 404.000000 383.000000 414.000000 706.000000 706.000000 636.000000 634.000000 634.000000 587.000000 587.000000 514.000000 575.000000 575.000000 442.000000 
n_vison    258.000000 258.000000 0.000000 218.000000 246.000000 346.000000 346.000000 325.000000 356.000000 648.000000 648.000000 578.000000 576.000000 576.000000 529.000000 529.000000 456.000000 517.000000 517.000000 384.000000 
m_nivalis  276.000000 276.000000 218.000000 0.000000 228.000000 328.000000 328.000000 307.000000 338.000000 630.000000 630.000000 560.000000 558.000000 558.000000 511.000000 511.000000 438.000000 499.000000 499.000000 366.000000 
m_american304.000000 304.000000 246.000000 228.000000 0.000000 300.000000 300.000000 279.000000 310.000000 602.000000 602.000000 532.000000 530.000000 530.000000 483.000000 483.000000 410.000000 471.000000 471.000000 338.000000 
lo_canaden404.000000 404.000000 346.000000 328.000000 300.000000 0.000000 200.000000 303.000000 334.000000 626.000000 626.000000 556.000000 554.000000 554.000000 507.000000 507.000000 434.000000 495.000000 495.000000 362.000000 
m_frenata  404.000000 404.000000 346.000000 328.000000 300.000000 200.000000 0.000000 303.000000 334.000000 626.000000 626.000000 556.000000 554.000000 554.000000 507.000000 507.000000 434.000000 495.000000 495.000000 362.000000 
m_pennanti383.000000 383.000000 325.000000 307.000000 279.000000 303.000000 303.000000 0.000000 231.000000 523.000000 523.000000 453.000000 451.000000 451.000000 404.000000 404.000000 331.000000 392.000000 392.000000 259.000000 
u_arctos   414.000000 414.000000 356.000000 338.000000 310.000000 334.000000 334.000000 231.000000 0.000000 492.000000 492.000000 422.000000 420.000000 420.000000 373.000000 373.000000 300.000000 361.000000 361.000000 228.000000 
l_pardalis706.000000 706.000000 648.000000 630.000000 602.000000 626.000000 626.000000 523.000000 492.000000 0.000000 200.000000 270.000000 464.000000 464.000000 581.000000 581.000000 508.000000 569.000000 569.000000 464.000000 
ly_canaden706.000000 706.000000 648.000000 630.000000 602.000000 626.000000 626.000000 523.000000 492.000000 200.000000 0.000000 270.000000 464.000000 464.000000 581.000000 581.000000 508.000000 569.000000 569.000000 464.000000 
p_onca     636.000000 636.000000 578.000000 560.000000 532.000000 556.000000 556.000000 453.000000 422.000000 270.000000 270.000000 0.000000 394.000000 394.000000 511.000000 511.000000 438.000000 499.000000 499.000000 394.000000 
c_lupus    634.000000 634.000000 576.000000 558.000000 530.000000 554.000000 554.000000 451.000000 420.000000 464.000000 464.000000 394.000000 0.000000 200.000000 509.000000 509.000000 436.000000 497.000000 497.000000 392.000000 
v_lagopus  634.000000 634.000000 576.000000 558.000000 530.000000 554.000000 554.000000 451.000000 420.000000 464.000000 464.000000 394.000000 200.000000 0.000000 509.000000 509.000000 436.000000 497.000000 497.000000 392.000000 
p_lotor    587.000000 587.000000 529.000000 511.000000 483.000000 507.000000 507.000000 404.000000 373.000000 581.000000 581.000000 511.000000 509.000000 509.000000 0.000000 200.000000 273.000000 404.000000 404.000000 345.000000 
b_astutus  587.000000 587.000000 529.000000 511.000000 483.000000 507.000000 507.000000 404.000000 373.000000 581.000000 581.000000 511.000000 509.000000 509.000000 200.000000 0.000000 273.000000 404.000000 404.000000 345.000000 
n_narica   514.000000 514.000000 456.000000 438.000000 410.000000 434.000000 434.000000 331.000000 300.000000 508.000000 508.000000 438.000000 436.000000 436.000000 273.000000 273.000000 0.000000 331.000000 331.000000 272.000000 
s_putorius575.000000 575.000000 517.000000 499.000000 471.000000 495.000000 495.000000 392.000000 361.000000 569.000000 569.000000 499.000000 497.000000 497.000000 404.000000 404.000000 331.000000 0.000000 200.000000 333.000000 
m_mephitis575.000000 575.000000 517.000000 499.000000 471.000000 495.000000 495.000000 392.000000 361.000000 569.000000 569.000000 499.000000 497.000000 497.000000 404.000000 404.000000 331.000000 200.000000 0.000000 333.000000 
t_taxus    442.000000 442.000000 384.000000 366.000000 338.000000 362.000000 362.000000 259.000000 228.000000 464.000000 464.000000 394.000000 392.000000 392.000000 345.000000 345.000000 272.000000 333.000000 333.000000 0.000000 

30
m_vison    0.000000 3.216200 6.615800 8.627600 8.887700 9.790000 9.821900 10.317000 10.185300 10.133200 10.045500 10.362500 10.563000 9.994600 7.874800 6.912700 9.824100 8.585000 8.038700 8.540000 7.868400 8.210900 8.412100 8.773400 8.928100 7.931200 9.048600 8.410700 8.341800 8.663300 
v_velox    3.216200 0.000000 4.671400 6.683200 6.943300 7.845600 7.877500 8.372600 8.240900 8.188800 8.101100 8.418100 8.618600 8.050200 5.930400 4.968300 7.879700 6.640600 6.094300 6.595600 5.924000 6.266500 6.467700 6.829000 6.983700 5.986800 7.104200 6.466300 6.397400 6.718900 
u_americanus6.615800 4.671400 0.000000 8.430800 8.690900 9.593200 9.625100 10.120200 9.988500 9.936400 9.848700 10.165700 10.366200 9.797800 7.678000 6.715900 9.627300 8.388200 7.841900 8.343200 7.671600 8.014100 8.215300 8.576600 8.731300 7.734400 8.851800 8.213900 8.145000 8.466500 
g_gulo     8.627600 6.683200 8.430800 0.000000 8.554100 9.456400 9.488300 9.983400 9.851700 9.799600 9.711900 10.028900 10.229400 9.661000 7.541200 6.579100 9.490500 8.251400 7.705100 8.206400 7.534800 7.877300 8.078500 8.439800 8.594500 7.597600 8.715000 8.077100 8.008200 8.329700 
c_lupus    8.887700 6.943300 8.690900 8.554100 0.000000 6.842100 8.924400 9.419500 9.287800 9.235700 9.148000 9.465000 9.665500 9.415900 7.296100 6.751600 9.663000 8.423900 7.877600 8.378900 7.707300 8.049800 8.251000 8.612300 8.767000 7.770100 8.887500 8.249600 8.180700 8.502200 
c_leuconotus9.790000 7.845600 9.593200 9.456400 6.842100 0.000000 9.826700 10.321800 10.190100 10.138000 10.050300 10.367300 10.567800 10.318200 8.198400 7.653900 10.565300 9.326200 8.779900 9.281200 8.609600 8.952100 9.153300 9.514600 9.669300 8.672400 9.789800 9.151900 9.083000 9.404500 
b_astutus  9.821900 7.877500 9.625100 9.488300 8.924400 9.826700 0.000000 9.121900 9.402000 9.507500 9.419800 9.736800 9.937300 10.350100 8.230300 7.685800 10.597200 9.358100 8.811800 9.313100 8.641500 8.984000 9.185200 9.546500 9.701200 8.704300 9.821700 9.183800 9.114900 9.436400 
h_yaguarondi10.317000 8.372600 10.120200 9.983400 9.419500 10.321800 9.121900 0.000000 9.897100 10.002600 9.914900 10.231900 10.432400 10.845200 8.725400 8.180900 11.092300 9.853200 9.306900 9.808200 9.136600 9.479100 9.680300 10.041600 10.196300 9.199400 10.316800 9.678900 9.610000 9.931500 
a_lagopus  10.185300 8.240900 9.988500 9.851700 9.287800 10.190100 9.402000 9.897100 0.000000 9.870900 9.783200 10.100200 10.300700 10.713500 8.593700 8.049200 10.960600 9.721500 9.175200 9.676500 9.004900 9.347400 9.548600 9.909900 10.064600 9.067700 10.185100 9.547200 9.478300 9.799800 
s_putorius10.133200 8.188800 9.936400 9.799600 9.235700 10.138000 9.507500 10.002600 9.870900 0.000000 8.888700 9.870500 10.071000 10.661400 8.541600 7.997100 10.908500 9.669400 9.123100 9.624400 8.952800 9.295300 9.496500 9.857800 10.012500 9.015600 10.133000 9.495100 9.426200 9.747700 
u_arctos   10.045500 8.101100 9.848700 9.711900 9.148000 10.050300 9.419800 9.914900 9.783200 8.888700 0.000000 9.782800 9.983300 10.573700 8.453900 7.909400 10.820800 9.581700 9.035400 9.536700 8.865100 9.207600 9.408800 9.770100 9.924800 8.927900 10.045300 9.407400 9.338500 9.660000 
n_narica   10.362500 8.418100 10.165700 10.028900 9.465000 10.367300 9.736800 10.231900 10.100200 9.870500 9.782800 0.000000 10.000100 10.890700 8.770900 8.226400 11.137800 9.898700 9.352400 9.853700 9.182100 9.524600 9.725800 10.087100 10.241800 9.244900 10.362300 9.724400 9.655500 9.977000 
v_vulpes   10.563000 8.618600 10.366200 10.229400 9.665500 10.567800 9.937300 10.432400 10.300700 10.071000 9.983300 10.000100 0.000000 11.091200 8.971400 8.426900 11.338300 10.099200 9.552900 10.054200 9.382600 9.725100 9.926300 10.287600 10.442300 9.445400 10.562800 9.924900 9.856000 10.177500 
t_taxus    9.994600 8.050200 9.797800 9.661000 9.415900 10.318200 10.350100 10.845200 10.713500 10.661400 10.573700 10.890700 11.091200 0.000000 6.491400 7.858500 10.769900 9.530800 8.984500 9.485800 8.814200 9.156700 9.357900 9.719200 9.873900 8.877000 9.994400 9.356500 9.287600 9.609100 
u_littoralis7.874800 5.930400 7.678000 7.541200 7.296100 8.198400 8.230300 8.725400 8.593700 8.541600 8.453900 8.770900 8.971400 6.491400 0.000000 5.738700 8.650100 7.411000 6.864700 7.366000 6.694400 7.036900 7.238100 7.599400 7.754100 6.757200 7.874600 7.236700 7.167800 7.489300 
c_latrans  6.912700 4.968300 6.715900 6.579100 6.751600 7.653900 7.685800 8.180900 8.049200 7.997100 7.909400 8.226400 8.426900 7.858500 5.738700 0.000000 3.216800 4.742900 5.328400 5.829700 5.158100 5.500600 5.701800 6.063100 6.217800 5.220900 6.338300 5.700400 5.631500 5.953000 
l_pardalis9.824100 7.879700 9.627300 9.490500 9.663000 10.565300 10.597200 11.092300 10.960600 10.908500 10.820800 11.137800 11.338300 10.769900 8.650100 3.216800 0.000000 7.654300 8.239800 8.741100 8.069500 8.412000 8.613200 8.974500 9.129200 8.132300 9.249700 8.611800 8.542900 8.864400 
l_canadensis8.585000 6.640600 8.388200 8.251400 8.423900 9.326200 9.358100 9.853200 9.721500 9.669400 9.581700 9.898700 10.099200 9.530800 7.411000 4.742900 7.654300 0.000000 7.000700 7.502000 6.830400 7.172900 7.374100 7.735400 7.890100 6.893200 8.010600 7.372700 7.303800 7.625300 
l_canadensis8.038700 6.094300 7.841900 7.705100 7.877600 8.779900 8.811800 9.306900 9.175200 9.123100 9.035400 9.352400 9.552900 8.984500 6.864700 5.328400 8.239800 7.000700 0.000000 4.269100 4.709700 5.052200 6.002000 6.363300 6.866000 6.172500 7.289900 6.652000 6.583100 6.904600 
m_nivalis  8.540000 6.595600 8.343200 8.206400 8.378900 9.281200 9.313100 9.808200 9.676500 9.624400 9.536700 9.853700 10.054200 9.485800 7.366000 5.829700 8.741100 7.502000 4.269100 0.000000 5.211000 5.553500 6.503300 6.864600 7.367300 6.673800 7.791200 7.153300 7.084400 7.405900 
m_mephitis7.868400 5.924000 7.671600 7.534800 7.707300 8.609600 8.641500 9.136600 9.004900 8.952800 8.865100 9.182100 9.382600 8.814200 6.694400 5.158100 8.069500 6.830400 4.709700 5.211000 0.000000 3.801100 5.831700 6.193000 6.695700 6.002200 7.119600 6.481700 6.412800 6.734300 
m_erminea  8.210900 6.266500 8.014100 7.877300 8.049800 8.952100 8.984000 9.479100 9.347400 9.295300 9.207600 9.524600 9.725100 9.156700 7.036900 5.500600 8.412000 7.172900 5.052200 5.553500 3.801100 0.000000 6.174200 6.535500 7.038200 6.344700 7.462100 6.824200 6.755300 7.076800 
m_frenata  8.412100 6.467700 8.215300 8.078500 8.251000 9.153300 9.185200 9.680300 9.548600 9.496500 9.408800 9.725800 9.926300 9.357900 7.238100 5.701800 8.613200 7.374100 6.002000 6.503300 5.831700 6.174200 0.000000 3.508700 7.239400 6.545900 7.663300 7.025400 6.956500 7.278000 
p_onca     8.773400 6.829000 8.576600 8.439800 8.612300 9.514600 9.546500 10.041600 9.909900 9.857800 9.770100 10.087100 10.287600 9.719200 7.599400 6.063100 8.974500 7.735400 6.363300 6.864600 6.193000 6.535500 3.508700 0.000000 7.600700 6.907200 8.024600 7.386700 7.317800 7.639300 
m_americana8.928100 6.983700 8.731300 8.594500 8.767000 9.669300 9.701200 10.196300 10.064600 10.012500 9.924800 10.241800 10.442300 9.873900 7.754100 6.217800 9.129200 7.890100 6.866000 7.367300 6.695700 7.038200 7.239400 7.600700 0.000000 7.061900 8.179300 7.541400 7.472500 7.794000 
l_rufus    7.931200 5.986800 7.734400 7.597600 7.770100 8.672400 8.704300 9.199400 9.067700 9.015600 8.927900 9.244900 9.445400 8.877000 6.757200 5.220900 8.132300 6.893200 6.172500 6.673800 6.002200 6.344700 6.545900 6.907200 7.061900 0.000000 4.035000 5.997900 5.929000 6.250500 
m_pennanti9.048600 7.104200 8.851800 8.715000 8.887500 9.789800 9.821700 10.316800 10.185100 10.133000 10.045300 10.362300 10.562800 9.994400 7.874600 6.338300 9.249700 8.010600 7.289900 7.791200 7.119600 7.462100 7.663300 8.024600 8.179300 4.035000 0.000000 7.115300 7.046400 7.367900 
p_lotor    8.410700 6.466300 8.213900 8.077100 8.249600 9.151900 9.183800 9.678900 9.547200 9.495100 9.407400 9.724400 9.924900 9.356500 7.236700 5.700400 8.611800 7.372700 6.652000 7.153300 6.481700 6.824200 7.025400 7.386700 7.541400 5.997900 7.115300 0.000000 4.327100 5.180800 
s_pygmaea  8.341800 6.397400 8.145000 8.008200 8.180700 9.083000 9.114900 9.610000 9.478300 9.426200 9.338500 9.655500 9.856000 9.287600 7.167800 5.631500 8.542900 7.303800 6.583100 7.084400 6.412800 6.755300 6.956500 7.317800 7.472500 5.929000 7.046400 4.327100 0.000000 5.111900 
p_concolor8.663300 6.718900 8.466500 8.329700 8.502200 9.404500 9.436400 9.931500 9.799800 9.747700 9.660000 9.977000 10.177500 9.609100 7.489300 5.953000 8.864400 7.625300 6.904600 7.405900 6.734300 7.076800 7.278000 7.639300 7.794000 6.250500 7.367900 5.180800 5.111900 0.000000 

