20
p_onca     0.000000 200.000000 233.000000 291.000000 291.000000 366.000000 366.000000 337.000000 309.000000 293.000000 305.000000 305.000000 316.000000 316.000000 435.000000 435.000000 384.000000 362.000000 327.000000 303.000000 
l_pardalis200.000000 0.000000 233.000000 291.000000 291.000000 366.000000 366.000000 337.000000 309.000000 293.000000 305.000000 305.000000 316.000000 316.000000 435.000000 435.000000 384.000000 362.000000 327.000000 303.000000 
ly_canaden233.000000 233.000000 0.000000 258.000000 258.000000 333.000000 333.000000 304.000000 276.000000 260.000000 272.000000 272.000000 283.000000 283.000000 402.000000 402.000000 351.000000 329.000000 294.000000 270.000000 
v_lagopus  291.000000 291.000000 258.000000 0.000000 200.000000 345.000000 345.000000 316.000000 288.000000 272.000000 284.000000 284.000000 295.000000 295.000000 414.000000 414.000000 363.000000 341.000000 306.000000 282.000000 
c_lupus    291.000000 291.000000 258.000000 200.000000 0.000000 345.000000 345.000000 316.000000 288.000000 272.000000 284.000000 284.000000 295.000000 295.000000 414.000000 414.000000 363.000000 341.000000 306.000000 282.000000 
lo_canaden366.000000 366.000000 333.000000 345.000000 345.000000 0.000000 200.000000 229.000000 257.000000 273.000000 309.000000 309.000000 320.000000 320.000000 439.000000 439.000000 388.000000 366.000000 331.000000 307.000000 
m_mephitis366.000000 366.000000 333.000000 345.000000 345.000000 200.000000 0.000000 229.000000 257.000000 273.000000 309.000000 309.000000 320.000000 320.000000 439.000000 439.000000 388.000000 366.000000 331.000000 307.000000 
s_putorius337.000000 337.000000 304.000000 316.000000 316.000000 229.000000 229.000000 0.000000 228.000000 244.000000 280.000000 280.000000 291.000000 291.000000 410.000000 410.000000 359.000000 337.000000 302.000000 278.000000 
b_astutus  309.000000 309.000000 276.000000 288.000000 288.000000 257.000000 257.000000 228.000000 0.000000 216.000000 252.000000 252.000000 263.000000 263.000000 382.000000 382.000000 331.000000 309.000000 274.000000 250.000000 
p_lotor    293.000000 293.000000 260.000000 272.000000 272.000000 273.000000 273.000000 244.000000 216.000000 0.000000 236.000000 236.000000 247.000000 247.000000 366.000000 366.000000 315.000000 293.000000 258.000000 234.000000 
t_taxus    305.000000 305.000000 272.000000 284.000000 284.000000 309.000000 309.000000 280.000000 252.000000 236.000000 0.000000 200.000000 247.000000 247.000000 366.000000 366.000000 315.000000 293.000000 258.000000 234.000000 
n_narica   305.000000 305.000000 272.000000 284.000000 284.000000 309.000000 309.000000 280.000000 252.000000 236.000000 200.000000 0.000000 247.000000 247.000000 366.000000 366.000000 315.000000 293.000000 258.000000 234.000000 
u_arctos   316.000000 316.000000 283.000000 295.000000 295.000000 320.000000 320.000000 291.000000 263.000000 247.000000 247.000000 247.000000 0.000000 200.000000 357.000000 357.000000 306.000000 284.000000 249.000000 225.000000 
m_american316.000000 316.000000 283.000000 295.000000 295.000000 320.000000 320.000000 291.000000 263.000000 247.000000 247.000000 247.000000 200.000000 0.000000 357.000000 357.000000 306.000000 284.000000 249.000000 225.000000 
g_gulo     435.000000 435.000000 402.000000 414.000000 414.000000 439.000000 439.000000 410.000000 382.000000 366.000000 366.000000 366.000000 357.000000 357.000000 0.000000 200.000000 251.000000 273.000000 308.000000 332.000000 
m_erminea  435.000000 435.000000 402.000000 414.000000 414.000000 439.000000 439.000000 410.000000 382.000000 366.000000 366.000000 366.000000 357.000000 357.000000 200.000000 0.000000 251.000000 273.000000 308.000000 332.000000 
n_vison    384.000000 384.000000 351.000000 363.000000 363.000000 388.000000 388.000000 359.000000 331.000000 315.000000 315.000000 315.000000 306.000000 306.000000 251.000000 251.000000 0.000000 222.000000 257.000000 281.000000 
m_nivalis  362.000000 362.000000 329.000000 341.000000 341.000000 366.000000 366.000000 337.000000 309.000000 293.000000 293.000000 293.000000 284.000000 284.000000 273.000000 273.000000 222.000000 0.000000 235.000000 259.000000 
m_frenata  327.000000 327.000000 294.000000 306.000000 306.000000 331.000000 331.000000 302.000000 274.000000 258.000000 258.000000 258.000000 249.000000 249.000000 308.000000 308.000000 257.000000 235.000000 0.000000 224.000000 
m_pennanti303.000000 303.000000 270.000000 282.000000 282.000000 307.000000 307.000000 278.000000 250.000000 234.000000 234.000000 234.000000 225.000000 225.000000 332.000000 332.000000 281.000000 259.000000 224.000000 0.000000 

30
l_canadensis0.000000 3.450600 5.862900 5.474400 5.587400 6.344800 5.544800 6.749900 5.348200 6.785100 6.535900 6.164200 8.383700 6.138500 8.402500 7.857600 8.077900 8.407900 7.134900 8.678300 8.527300 8.366500 8.314800 7.713200 9.409100 8.759500 9.396200 9.545400 9.672900 9.506300 
m_frenata  3.450600 0.000000 5.806500 5.418000 5.531000 6.288400 5.488400 6.693500 5.291800 6.728700 6.479500 6.107800 8.327300 6.082100 8.346100 7.801200 8.021500 8.351500 7.078500 8.621900 8.470900 8.310100 8.258400 7.656800 9.352700 8.703100 9.339800 9.489000 9.616500 9.449900 
m_erminea  5.862900 5.806500 0.000000 3.157700 4.551300 6.751900 5.951900 7.157000 5.755300 7.192200 6.943000 6.571300 8.790800 6.545600 8.809600 8.264700 8.485000 8.815000 7.542000 9.085400 8.934400 8.773600 8.721900 8.120300 9.816200 9.166600 9.803300 9.952500 10.080000 9.913400 
m_nivalis  5.474400 5.418000 3.157700 0.000000 4.162800 6.363400 5.563400 6.768500 5.366800 6.803700 6.554500 6.182800 8.402300 6.157100 8.421100 7.876200 8.096500 8.426500 7.153500 8.696900 8.545900 8.385100 8.333400 7.731800 9.427700 8.778100 9.414800 9.564000 9.691500 9.524900 
u_littoralis5.587400 5.531000 4.551300 4.162800 0.000000 6.476400 5.676400 6.881500 5.479800 6.916700 6.667500 6.295800 8.515300 6.270100 8.534100 7.989200 8.209500 8.539500 7.266500 8.809900 8.658900 8.498100 8.446400 7.844800 9.540700 8.891100 9.527800 9.677000 9.804500 9.637900 
m_americana6.344800 6.288400 6.751900 6.363400 6.476400 0.000000 6.433800 7.638900 6.237200 7.674100 7.424900 7.053200 9.272700 7.027500 9.291500 8.746600 8.966900 9.296900 8.023900 9.567300 9.416300 9.255500 9.203800 8.602200 10.298100 9.648500 10.285200 10.434400 10.561900 10.395300 
m_mephitis5.544800 5.488400 5.951900 5.563400 5.676400 6.433800 0.000000 4.152100 4.502200 5.939100 5.689900 5.318200 7.926700 5.681500 7.945500 7.400600 7.620900 7.950900 6.677900 8.221300 8.070300 7.909500 7.857800 7.256200 8.952100 8.302500 8.939200 9.088400 9.215900 9.049300 
p_onca     6.749900 6.693500 7.157000 6.768500 6.881500 7.638900 4.152100 0.000000 5.707300 7.144200 6.895000 6.523300 9.131800 6.886600 9.150600 8.605700 8.826000 9.156000 7.883000 9.426400 9.275400 9.114600 9.062900 8.461300 10.157200 9.507600 10.144300 10.293500 10.421000 10.254400 
c_latrans  5.348200 5.291800 5.755300 5.366800 5.479800 6.237200 4.502200 5.707300 0.000000 3.450500 5.330100 4.958400 7.730100 5.484900 7.748900 7.204000 7.424300 7.754300 6.481300 8.024700 7.873700 7.712900 7.661200 7.059600 8.755500 8.105900 8.742600 8.891800 9.019300 8.852700 
m_pennanti6.785100 6.728700 7.192200 6.803700 6.916700 7.674100 5.939100 7.144200 3.450500 0.000000 6.767000 6.395300 9.167000 6.921800 9.185800 8.640900 8.861200 9.191200 7.918200 9.461600 9.310600 9.149800 9.098100 8.496500 10.192400 9.542800 10.179500 10.328700 10.456200 10.289600 
l_canadensis6.535900 6.479500 6.943000 6.554500 6.667500 7.424900 5.689900 6.895000 5.330100 6.767000 0.000000 6.023100 8.917800 6.672600 8.936600 8.391700 8.612000 8.942000 7.669000 9.212400 9.061400 8.900600 8.848900 8.247300 9.943200 9.293600 9.930300 10.079500 10.207000 10.040400 
l_rufus    6.164200 6.107800 6.571300 6.182800 6.295800 7.053200 5.318200 6.523300 4.958400 6.395300 6.023100 0.000000 8.546100 6.300900 8.564900 8.020000 8.240300 8.570300 7.297300 8.840700 8.689700 8.528900 8.477200 7.875600 9.571500 8.921900 9.558600 9.707800 9.835300 9.668700 
m_vison    8.383700 8.327300 8.790800 8.402300 8.515300 9.272700 7.926700 9.131800 7.730100 9.167000 8.917800 8.546100 0.000000 3.099000 7.175800 8.675300 9.360000 9.690000 8.417000 9.960400 9.809400 9.648600 9.596900 8.995300 10.691200 10.041600 10.678300 10.827500 10.955000 10.788400 
v_velox    6.138500 6.082100 6.545600 6.157100 6.270100 7.027500 5.681500 6.886600 5.484900 6.921800 6.672600 6.300900 3.099000 0.000000 4.930600 6.430100 7.114800 7.444800 6.171800 7.715200 7.564200 7.403400 7.351700 6.750100 8.446000 7.796400 8.433100 8.582300 8.709800 8.543200 
u_americanus8.402500 8.346100 8.809600 8.421100 8.534100 9.291500 7.945500 9.150600 7.748900 9.185800 8.936600 8.564900 7.175800 4.930600 0.000000 8.694100 9.378800 9.708800 8.435800 9.979200 9.828200 9.667400 9.615700 9.014100 10.710000 10.060400 10.697100 10.846300 10.973800 10.807200 
g_gulo     7.857600 7.801200 8.264700 7.876200 7.989200 8.746600 7.400600 8.605700 7.204000 8.640900 8.391700 8.020000 8.675300 6.430100 8.694100 0.000000 8.833900 9.163900 7.890900 9.434300 9.283300 9.122500 9.070800 8.469200 10.165100 9.515500 10.152200 10.301400 10.428900 10.262300 
a_lagopus  8.077900 8.021500 8.485000 8.096500 8.209500 8.966900 7.620900 8.826000 7.424300 8.861200 8.612000 8.240300 9.360000 7.114800 9.378800 8.833900 0.000000 6.491000 7.133400 8.676800 9.162000 9.001200 8.949500 8.347900 10.043800 9.394200 10.030900 10.180100 10.307600 10.141000 
c_leuconotus8.407900 8.351500 8.815000 8.426500 8.539500 9.296900 7.950900 9.156000 7.754300 9.191200 8.942000 8.570300 9.690000 7.444800 9.708800 9.163900 6.491000 0.000000 7.463400 9.006800 9.492000 9.331200 9.279500 8.677900 10.373800 9.724200 10.360900 10.510100 10.637600 10.471000 
c_lupus    7.134900 7.078500 7.542000 7.153500 7.266500 8.023900 6.677900 7.883000 6.481300 7.918200 7.669000 7.297300 8.417000 6.171800 8.435800 7.890900 7.133400 7.463400 0.000000 4.620200 8.219000 8.058200 8.006500 7.404900 9.100800 8.451200 9.087900 9.237100 9.364600 9.198000 
l_pardalis8.678300 8.621900 9.085400 8.696900 8.809900 9.567300 8.221300 9.426400 8.024700 9.461600 9.212400 8.840700 9.960400 7.715200 9.979200 9.434300 8.676800 9.006800 4.620200 0.000000 9.762400 9.601600 9.549900 8.948300 10.644200 9.994600 10.631300 10.780500 10.908000 10.741400 
b_astutus  8.527300 8.470900 8.934400 8.545900 8.658900 9.416300 8.070300 9.275400 7.873700 9.310600 9.061400 8.689700 9.809400 7.564200 9.828200 9.283300 9.162000 9.492000 8.219000 9.762400 0.000000 7.368400 7.427900 6.826300 9.766400 9.116800 9.753500 9.902700 10.030200 9.863600 
p_concolor8.366500 8.310100 8.773600 8.385100 8.498100 9.255500 7.909500 9.114600 7.712900 9.149800 8.900600 8.528900 9.648600 7.403400 9.667400 9.122500 9.001200 9.331200 8.058200 9.601600 7.368400 0.000000 7.267100 6.665500 9.605600 8.956000 9.592700 9.741900 9.869400 9.702800 
p_lotor    8.314800 8.258400 8.721900 8.333400 8.446400 9.203800 7.857800 9.062900 7.661200 9.098100 8.848900 8.477200 9.596900 7.351700 9.615700 9.070800 8.949500 9.279500 8.006500 9.549900 7.427900 7.267100 0.000000 4.678400 9.553900 8.904300 9.541000 9.690200 9.817700 9.651100 
s_pygmaea  7.713200 7.656800 8.120300 7.731800 7.844800 8.602200 7.256200 8.461300 7.059600 8.496500 8.247300 7.875600 8.995300 6.750100 9.014100 8.469200 8.347900 8.677900 7.404900 8.948300 6.826300 6.665500 4.678400 0.000000 8.952300 8.302700 8.939400 9.088600 9.216100 9.049500 
t_taxus    9.409100 9.352700 9.816200 9.427700 9.540700 10.298100 8.952100 10.157200 8.755500 10.192400 9.943200 9.571500 10.691200 8.446000 10.710000 10.165100 10.043800 10.373800 9.100800 10.644200 9.766400 9.605600 9.553900 8.952300 0.000000 7.719200 9.243300 10.139300 10.266800 10.100200 
u_arctos   8.759500 8.703100 9.166600 8.778100 8.891100 9.648500 8.302500 9.507600 8.105900 9.542800 9.293600 8.921900 10.041600 7.796400 10.060400 9.515500 9.394200 9.724200 8.451200 9.994600 9.116800 8.956000 8.904300 8.302700 7.719200 0.000000 8.593700 9.489700 9.617200 9.450600 
s_putorius9.396200 9.339800 9.803300 9.414800 9.527800 10.285200 8.939200 10.144300 8.742600 10.179500 9.930300 9.558600 10.678300 8.433100 10.697100 10.152200 10.030900 10.360900 9.087900 10.631300 9.753500 9.592700 9.541000 8.939400 9.243300 8.593700 0.000000 10.126400 10.253900 10.087300 
n_narica   9.545400 9.489000 9.952500 9.564000 9.677000 10.434400 9.088400 10.293500 8.891800 10.328700 10.079500 9.707800 10.827500 8.582300 10.846300 10.301400 10.180100 10.510100 9.237100 10.780500 9.902700 9.741900 9.690200 9.088600 10.139300 9.489700 10.126400 0.000000 9.999900 9.936300 
v_vulpes   9.672900 9.616500 10.080000 9.691500 9.804500 10.561900 9.215900 10.421000 9.019300 10.456200 10.207000 9.835300 10.955000 8.709800 10.973800 10.428900 10.307600 10.637600 9.364600 10.908000 10.030200 9.869400 9.817700 9.216100 10.266800 9.617200 10.253900 9.999900 0.000000 10.063800 
h_yaguarondi9.506300 9.449900 9.913400 9.524900 9.637900 10.395300 9.049300 10.254400 8.852700 10.289600 10.040400 9.668700 10.788400 8.543200 10.807200 10.262300 10.141000 10.471000 9.198000 10.741400 9.863600 9.702800 9.651100 9.049500 10.100200 9.450600 10.087300 9.936300 10.063800 0.000000 

