19
u_littoral0.000000 200.000000 251.000000 349.000000 393.000000 469.000000 507.000000 674.000000 674.000000 766.000000 766.000000 690.000000 667.000000 573.000000 673.000000 673.000000 703.000000 703.000000 662.000000 
u_american200.000000 0.000000 251.000000 349.000000 393.000000 469.000000 507.000000 674.000000 674.000000 766.000000 766.000000 690.000000 667.000000 573.000000 673.000000 673.000000 703.000000 703.000000 662.000000 
c_latrans  251.000000 251.000000 0.000000 298.000000 342.000000 418.000000 456.000000 623.000000 623.000000 715.000000 715.000000 639.000000 616.000000 522.000000 622.000000 622.000000 652.000000 652.000000 611.000000 
u_arctos   349.000000 349.000000 298.000000 0.000000 244.000000 320.000000 358.000000 525.000000 525.000000 617.000000 617.000000 541.000000 518.000000 424.000000 524.000000 524.000000 554.000000 554.000000 513.000000 
l_pardalis393.000000 393.000000 342.000000 244.000000 0.000000 276.000000 314.000000 481.000000 481.000000 573.000000 573.000000 497.000000 474.000000 380.000000 480.000000 480.000000 510.000000 510.000000 469.000000 
ly_canaden469.000000 469.000000 418.000000 320.000000 276.000000 0.000000 238.000000 405.000000 405.000000 497.000000 497.000000 421.000000 398.000000 304.000000 404.000000 404.000000 434.000000 434.000000 393.000000 
p_onca     507.000000 507.000000 456.000000 358.000000 314.000000 238.000000 0.000000 367.000000 367.000000 459.000000 459.000000 383.000000 360.000000 266.000000 366.000000 366.000000 396.000000 396.000000 355.000000 
m_pennanti674.000000 674.000000 623.000000 525.000000 481.000000 405.000000 367.000000 0.000000 200.000000 398.000000 398.000000 322.000000 299.000000 301.000000 461.000000 461.000000 491.000000 491.000000 450.000000 
m_american674.000000 674.000000 623.000000 525.000000 481.000000 405.000000 367.000000 200.000000 0.000000 398.000000 398.000000 322.000000 299.000000 301.000000 461.000000 461.000000 491.000000 491.000000 450.000000 
n_vison    766.000000 766.000000 715.000000 617.000000 573.000000 497.000000 459.000000 398.000000 398.000000 0.000000 200.000000 276.000000 299.000000 393.000000 553.000000 553.000000 583.000000 583.000000 542.000000 
m_frenata  766.000000 766.000000 715.000000 617.000000 573.000000 497.000000 459.000000 398.000000 398.000000 200.000000 0.000000 276.000000 299.000000 393.000000 553.000000 553.000000 583.000000 583.000000 542.000000 
m_nivalis  690.000000 690.000000 639.000000 541.000000 497.000000 421.000000 383.000000 322.000000 322.000000 276.000000 276.000000 0.000000 223.000000 317.000000 477.000000 477.000000 507.000000 507.000000 466.000000 
lo_canaden667.000000 667.000000 616.000000 518.000000 474.000000 398.000000 360.000000 299.000000 299.000000 299.000000 299.000000 223.000000 0.000000 294.000000 454.000000 454.000000 484.000000 484.000000 443.000000 
t_taxus    573.000000 573.000000 522.000000 424.000000 380.000000 304.000000 266.000000 301.000000 301.000000 393.000000 393.000000 317.000000 294.000000 0.000000 360.000000 360.000000 390.000000 390.000000 349.000000 
c_lupus    673.000000 673.000000 622.000000 524.000000 480.000000 404.000000 366.000000 461.000000 461.000000 553.000000 553.000000 477.000000 454.000000 360.000000 0.000000 200.000000 340.000000 340.000000 299.000000 
n_narica   673.000000 673.000000 622.000000 524.000000 480.000000 404.000000 366.000000 461.000000 461.000000 553.000000 553.000000 477.000000 454.000000 360.000000 200.000000 0.000000 340.000000 340.000000 299.000000 
v_lagopus  703.000000 703.000000 652.000000 554.000000 510.000000 434.000000 396.000000 491.000000 491.000000 583.000000 583.000000 507.000000 484.000000 390.000000 340.000000 340.000000 0.000000 200.000000 241.000000 
b_astutus  703.000000 703.000000 652.000000 554.000000 510.000000 434.000000 396.000000 491.000000 491.000000 583.000000 583.000000 507.000000 484.000000 390.000000 340.000000 340.000000 200.000000 0.000000 241.000000 
p_lotor    662.000000 662.000000 611.000000 513.000000 469.000000 393.000000 355.000000 450.000000 450.000000 542.000000 542.000000 466.000000 443.000000 349.000000 299.000000 299.000000 241.000000 241.000000 0.000000 

30
t_taxus    0.000000 0.599800 1.082900 1.122200 0.948700 0.922000 1.068100 1.079800 0.865200 0.925300 0.953200 1.062200 1.006100 1.047200 0.996700 0.958400 1.009100 0.969600 0.941700 0.791400 0.853600 0.905200 0.876700 0.988000 0.936200 1.024000 0.958800 1.001300 0.980100 0.987600 
u_littoralis0.599800 0.000000 0.852900 0.892200 0.718700 0.692000 0.838100 0.849800 0.635200 0.695300 0.723200 0.832200 0.776100 0.817200 0.766700 0.728400 0.779100 0.739600 0.711700 0.561400 0.623600 0.675200 0.646700 0.758000 0.706200 0.794000 0.728800 0.771300 0.750100 0.757600 
a_lagopus  1.082900 0.852900 0.000000 0.999700 0.945200 0.918500 1.064600 1.076300 0.861700 0.921800 0.949700 1.058700 1.002600 1.043700 0.993200 0.954900 1.005600 0.966100 0.938200 0.787900 0.850100 0.901700 0.873200 0.984500 0.932700 1.020500 0.955300 0.997800 0.976600 0.984100 
v_vulpes   1.122200 0.892200 0.999700 0.000000 0.984500 0.957800 1.103900 1.115600 0.901000 0.961100 0.989000 1.098000 1.041900 1.083000 1.032500 0.994200 1.044900 1.005400 0.977500 0.827200 0.889400 0.941000 0.912500 1.023800 0.972000 1.059800 0.994600 1.037100 1.015900 1.023400 
p_concolor0.948700 0.718700 0.945200 0.984500 0.000000 0.430300 0.743000 0.897700 0.683100 0.743200 0.771100 0.880100 0.824000 0.865100 0.814600 0.776300 0.827000 0.787500 0.759600 0.609300 0.671500 0.723100 0.694600 0.805900 0.754100 0.841900 0.776700 0.819200 0.798000 0.805500 
s_pygmaea  0.922000 0.692000 0.918500 0.957800 0.430300 0.000000 0.716300 0.871000 0.656400 0.716500 0.744400 0.853400 0.797300 0.838400 0.787900 0.749600 0.800300 0.760800 0.732900 0.582600 0.644800 0.696400 0.667900 0.779200 0.727400 0.815200 0.750000 0.792500 0.771300 0.778800 
s_putorius1.068100 0.838100 1.064600 1.103900 0.743000 0.716300 0.000000 1.017100 0.802500 0.862600 0.890500 0.999500 0.943400 0.984500 0.934000 0.895700 0.946400 0.906900 0.879000 0.728700 0.790900 0.842500 0.814000 0.925300 0.873500 0.961300 0.896100 0.938600 0.917400 0.924900 
u_arctos   1.079800 0.849800 1.076300 1.115600 0.897700 0.871000 1.017100 0.000000 0.589800 0.874300 0.902200 1.011200 0.955100 0.996200 0.945700 0.907400 0.958100 0.918600 0.890700 0.740400 0.802600 0.854200 0.825700 0.937000 0.885200 0.973000 0.907800 0.950300 0.929100 0.936600 
v_velox    0.865200 0.635200 0.861700 0.901000 0.683100 0.656400 0.802500 0.589800 0.000000 0.659700 0.687600 0.796600 0.740500 0.781600 0.731100 0.692800 0.743500 0.704000 0.676100 0.525800 0.588000 0.639600 0.611100 0.722400 0.670600 0.758400 0.693200 0.735700 0.714500 0.722000 
m_frenata  0.925300 0.695300 0.921800 0.961100 0.743200 0.716500 0.862600 0.874300 0.659700 0.000000 0.339900 0.666100 0.724600 0.765700 0.715200 0.752900 0.803600 0.764100 0.736200 0.585900 0.648100 0.699700 0.671200 0.782500 0.730700 0.818500 0.753300 0.795800 0.774600 0.782100 
p_onca     0.953200 0.723200 0.949700 0.989000 0.771100 0.744400 0.890500 0.902200 0.687600 0.339900 0.000000 0.694000 0.752500 0.793600 0.743100 0.780800 0.831500 0.792000 0.764100 0.613800 0.676000 0.727600 0.699100 0.810400 0.758600 0.846400 0.781200 0.823700 0.802500 0.810000 
n_narica   1.062200 0.832200 1.058700 1.098000 0.880100 0.853400 0.999500 1.011200 0.796600 0.666100 0.694000 0.000000 0.861500 0.902600 0.852100 0.889800 0.940500 0.901000 0.873100 0.722800 0.785000 0.836600 0.808100 0.919400 0.867600 0.955400 0.890200 0.932700 0.911500 0.919000 
c_leuconotus1.006100 0.776100 1.002600 1.041900 0.824000 0.797300 0.943400 0.955100 0.740500 0.724600 0.752500 0.861500 0.000000 0.640300 0.634000 0.833700 0.884400 0.844900 0.817000 0.666700 0.728900 0.780500 0.752000 0.863300 0.811500 0.899300 0.834100 0.876600 0.855400 0.862900 
h_yaguarondi1.047200 0.817200 1.043700 1.083000 0.865100 0.838400 0.984500 0.996200 0.781600 0.765700 0.793600 0.902600 0.640300 0.000000 0.675100 0.874800 0.925500 0.886000 0.858100 0.707800 0.770000 0.821600 0.793100 0.904400 0.852600 0.940400 0.875200 0.917700 0.896500 0.904000 
m_vison    0.996700 0.766700 0.993200 1.032500 0.814600 0.787900 0.934000 0.945700 0.731100 0.715200 0.743100 0.852100 0.634000 0.675100 0.000000 0.824300 0.875000 0.835500 0.807600 0.657300 0.719500 0.771100 0.742600 0.853900 0.802100 0.889900 0.824700 0.867200 0.846000 0.853500 
g_gulo     0.958400 0.728400 0.954900 0.994200 0.776300 0.749600 0.895700 0.907400 0.692800 0.752900 0.780800 0.889800 0.833700 0.874800 0.824300 0.000000 0.600100 0.775200 0.747300 0.597000 0.659200 0.710800 0.682300 0.793600 0.741800 0.829600 0.764400 0.806900 0.785700 0.793200 
l_pardalis1.009100 0.779100 1.005600 1.044900 0.827000 0.800300 0.946400 0.958100 0.743500 0.803600 0.831500 0.940500 0.884400 0.925500 0.875000 0.600100 0.000000 0.825900 0.798000 0.647700 0.709900 0.761500 0.733000 0.844300 0.792500 0.880300 0.815100 0.857600 0.836400 0.843900 
b_astutus  0.969600 0.739600 0.966100 1.005400 0.787500 0.760800 0.906900 0.918600 0.704000 0.764100 0.792000 0.901000 0.844900 0.886000 0.835500 0.775200 0.825900 0.000000 0.579900 0.608200 0.670400 0.722000 0.693500 0.804800 0.753000 0.840800 0.775600 0.818100 0.796900 0.804400 
ly_canaden0.941700 0.711700 0.938200 0.977500 0.759600 0.732900 0.879000 0.890700 0.676100 0.736200 0.764100 0.873100 0.817000 0.858100 0.807600 0.747300 0.798000 0.579900 0.000000 0.580300 0.642500 0.694100 0.665600 0.776900 0.725100 0.812900 0.747700 0.790200 0.769000 0.776500 
c_latrans  0.791400 0.561400 0.787900 0.827200 0.609300 0.582600 0.728700 0.740400 0.525800 0.585900 0.613800 0.722800 0.666700 0.707800 0.657300 0.597000 0.647700 0.608200 0.580300 0.000000 0.210000 0.413200 0.384700 0.595800 0.544000 0.631800 0.566600 0.609100 0.587900 0.595400 
p_lotor    0.853600 0.623600 0.850100 0.889400 0.671500 0.644800 0.790900 0.802600 0.588000 0.648100 0.676000 0.785000 0.728900 0.770000 0.719500 0.659200 0.709900 0.670400 0.642500 0.210000 0.000000 0.475400 0.446900 0.658000 0.606200 0.694000 0.628800 0.671300 0.650100 0.657600 
l_rufus    0.905200 0.675200 0.901700 0.941000 0.723100 0.696400 0.842500 0.854200 0.639600 0.699700 0.727600 0.836600 0.780500 0.821600 0.771100 0.710800 0.761500 0.722000 0.694100 0.413200 0.475400 0.000000 0.400100 0.709600 0.657800 0.745600 0.680400 0.722900 0.701700 0.709200 
m_erminea  0.876700 0.646700 0.873200 0.912500 0.694600 0.667900 0.814000 0.825700 0.611100 0.671200 0.699100 0.808100 0.752000 0.793100 0.742600 0.682300 0.733000 0.693500 0.665600 0.384700 0.446900 0.400100 0.000000 0.681100 0.629300 0.717100 0.651900 0.694400 0.673200 0.680700 
m_americana0.988000 0.758000 0.984500 1.023800 0.805900 0.779200 0.925300 0.937000 0.722400 0.782500 0.810400 0.919400 0.863300 0.904400 0.853900 0.793600 0.844300 0.804800 0.776900 0.595800 0.658000 0.709600 0.681100 0.000000 0.509800 0.741000 0.691200 0.733700 0.712500 0.720000 
m_mephitis0.936200 0.706200 0.932700 0.972000 0.754100 0.727400 0.873500 0.885200 0.670600 0.730700 0.758600 0.867600 0.811500 0.852600 0.802100 0.741800 0.792500 0.753000 0.725100 0.544000 0.606200 0.657800 0.629300 0.509800 0.000000 0.689200 0.639400 0.681900 0.660700 0.668200 
m_pennanti1.024000 0.794000 1.020500 1.059800 0.841900 0.815200 0.961300 0.973000 0.758400 0.818500 0.846400 0.955400 0.899300 0.940400 0.889900 0.829600 0.880300 0.840800 0.812900 0.631800 0.694000 0.745600 0.717100 0.741000 0.689200 0.000000 0.727200 0.769700 0.748500 0.756000 
lo_canaden0.958800 0.728800 0.955300 0.994600 0.776700 0.750000 0.896100 0.907800 0.693200 0.753300 0.781200 0.890200 0.834100 0.875200 0.824700 0.764400 0.815100 0.775600 0.747700 0.566600 0.628800 0.680400 0.651900 0.691200 0.639400 0.727200 0.000000 0.569900 0.612500 0.620000 
m_nivalis  1.001300 0.771300 0.997800 1.037100 0.819200 0.792500 0.938600 0.950300 0.735700 0.795800 0.823700 0.932700 0.876600 0.917700 0.867200 0.806900 0.857600 0.818100 0.790200 0.609100 0.671300 0.722900 0.694400 0.733700 0.681900 0.769700 0.569900 0.000000 0.655000 0.662500 
c_lupus    0.980100 0.750100 0.976600 1.015900 0.798000 0.771300 0.917400 0.929100 0.714500 0.774600 0.802500 0.911500 0.855400 0.896500 0.846000 0.785700 0.836400 0.796900 0.769000 0.587900 0.650100 0.701700 0.673200 0.712500 0.660700 0.748500 0.612500 0.655000 0.000000 0.609900 
u_americanus0.987600 0.757600 0.984100 1.023400 0.805500 0.778800 0.924900 0.936600 0.722000 0.782100 0.810000 0.919000 0.862900 0.904000 0.853500 0.793200 0.843900 0.804400 0.776500 0.595400 0.657600 0.709200 0.680700 0.720000 0.668200 0.756000 0.620000 0.662500 0.609900 0.000000 

