20
g_gulo     0.000000 200.000000 258.000000 276.000000 304.000000 404.000000 404.000000 383.000000 414.000000 706.000000 706.000000 636.000000 634.000000 634.000000 587.000000 587.000000 514.000000 575.000000 575.000000 442.000000 
m_erminea  200.000000 0.000000 258.000000 276.000000 304.000000 404.000000 404.000000 383.000000 414.000000 706.000000 706.000000 636.000000 634.000000 634.000000 587.000000 587.000000 514.000000 575.000000 575.000000 442.000000 
n_vison    258.000000 258.000000 0.000000 218.000000 246.000000 346.000000 346.000000 325.000000 356.000000 648.000000 648.000000 578.000000 576.000000 576.000000 529.000000 529.000000 456.000000 517.000000 517.000000 384.000000 
m_nivalis  276.000000 276.000000 218.000000 0.000000 228.000000 328.000000 328.000000 307.000000 338.000000 630.000000 630.000000 560.000000 558.000000 558.000000 511.000000 511.000000 438.000000 499.000000 499.000000 366.000000 
m_american304.000000 304.000000 246.000000 228.000000 0.000000 300.000000 300.000000 279.000000 310.000000 602.000000 602.000000 532.000000 530.000000 530.000000 483.000000 483.000000 410.000000 471.000000 471.000000 338.000000 
lo_canaden404.000000 404.000000 346.000000 328.000000 300.000000 0.000000 200.000000 303.000000 334.000000 626.000000 626.000000 556.000000 554.000000 554.000000 507.000000 507.000000 434.000000 495.000000 495.000000 362.000000 
m_frenata  404.000000 404.000000 346.000000 328.000000 300.000000 200.000000 0.000000 303.000000 334.000000 626.000000 626.000000 556.000000 554.000000 554.000000 507.000000 507.000000 434.000000 495.000000 495.000000 362.000000 
m_pennanti383.000000 383.000000 325.000000 307.000000 279.000000 303.000000 303.000000 0.000000 231.000000 523.000000 523.000000 453.000000 451.000000 451.000000 404.000000 404.000000 331.000000 392.000000 392.000000 259.000000 
u_arctos   414.000000 414.000000 356.000000 338.000000 310.000000 334.000000 334.000000 231.000000 0.000000 492.000000 492.000000 422.000000 420.000000 420.000000 373.000000 373.000000 300.000000 361.000000 361.000000 228.000000 
l_pardalis706.000000 706.000000 648.000000 630.000000 602.000000 626.000000 626.000000 523.000000 492.000000 0.000000 200.000000 270.000000 464.000000 464.000000 581.000000 581.000000 508.000000 569.000000 569.000000 464.000000 
ly_canaden706.000000 706.000000 648.000000 630.000000 602.000000 626.000000 626.000000 523.000000 492.000000 200.000000 0.000000 270.000000 464.000000 464.000000 581.000000 581.000000 508.000000 569.000000 569.000000 464.000000 
p_onca     636.000000 636.000000 578.000000 560.000000 532.000000 556.000000 556.000000 453.000000 422.000000 270.000000 270.000000 0.000000 394.000000 394.000000 511.000000 511.000000 438.000000 499.000000 499.000000 394.000000 
c_lupus    634.000000 634.000000 576.000000 558.000000 530.000000 554.000000 554.000000 451.000000 420.000000 464.000000 464.000000 394.000000 0.000000 200.000000 509.000000 509.000000 436.000000 497.000000 497.000000 392.000000 
v_lagopus  634.000000 634.000000 576.000000 558.000000 530.000000 554.000000 554.000000 451.000000 420.000000 464.000000 464.000000 394.000000 200.000000 0.000000 509.000000 509.000000 436.000000 497.000000 497.000000 392.000000 
p_lotor    587.000000 587.000000 529.000000 511.000000 483.000000 507.000000 507.000000 404.000000 373.000000 581.000000 581.000000 511.000000 509.000000 509.000000 0.000000 200.000000 273.000000 404.000000 404.000000 345.000000 
b_astutus  587.000000 587.000000 529.000000 511.000000 483.000000 507.000000 507.000000 404.000000 373.000000 581.000000 581.000000 511.000000 509.000000 509.000000 200.000000 0.000000 273.000000 404.000000 404.000000 345.000000 
n_narica   514.000000 514.000000 456.000000 438.000000 410.000000 434.000000 434.000000 331.000000 300.000000 508.000000 508.000000 438.000000 436.000000 436.000000 273.000000 273.000000 0.000000 331.000000 331.000000 272.000000 
s_putorius575.000000 575.000000 517.000000 499.000000 471.000000 495.000000 495.000000 392.000000 361.000000 569.000000 569.000000 499.000000 497.000000 497.000000 404.000000 404.000000 331.000000 0.000000 200.000000 333.000000 
m_mephitis575.000000 575.000000 517.000000 499.000000 471.000000 495.000000 495.000000 392.000000 361.000000 569.000000 569.000000 499.000000 497.000000 497.000000 404.000000 404.000000 331.000000 200.000000 0.000000 333.000000 
t_taxus    442.000000 442.000000 384.000000 366.000000 338.000000 362.000000 362.000000 259.000000 228.000000 464.000000 464.000000 394.000000 392.000000 392.000000 345.000000 345.000000 272.000000 333.000000 333.000000 0.000000 

30
m_frenata  0.000000 4.900000 6.607300 7.746600 5.742300 7.392300 6.955500 6.609100 6.889700 7.182500 7.598800 6.330900 7.701400 8.082200 7.796500 7.296700 8.064600 7.640100 8.236600 7.909700 6.781100 6.951900 7.348400 9.065700 7.604900 9.229600 8.040400 9.087500 9.037500 9.566100 
p_onca     4.900000 0.000000 7.378700 8.518000 6.513700 8.163700 7.726900 7.380500 7.661100 7.953900 8.370200 7.102300 8.472800 8.853600 8.567900 8.068100 8.836000 8.411500 9.008000 8.681100 7.552500 7.723300 8.119800 9.837100 8.376300 10.001000 8.811800 9.858900 9.808900 10.337500 
l_rufus    6.607300 7.378700 0.000000 5.200100 4.980400 6.630400 6.434600 6.088200 6.368800 6.661600 7.077900 5.810000 7.180500 8.037500 7.751800 7.252000 8.019900 7.595400 8.191900 7.865000 6.736400 6.907200 7.303700 9.021000 7.560200 9.184900 7.995700 9.042800 8.992800 9.521400 
m_pennanti7.746600 8.518000 5.200100 0.000000 6.119700 7.769700 7.573900 7.227500 7.508100 7.800900 8.217200 6.949300 8.319800 9.176800 8.891100 8.391300 9.159200 8.734700 9.331200 9.004300 7.875700 8.046500 8.443000 10.160300 8.699500 10.324200 9.135000 10.182100 10.132100 10.660700 
c_latrans  5.742300 6.513700 4.980400 6.119700 0.000000 4.299800 5.569600 5.223200 5.503800 5.796600 6.212900 4.945000 6.315500 7.172500 6.886800 6.387000 7.154900 6.730400 7.326900 7.000000 5.871400 6.042200 6.438700 8.156000 6.695200 8.319900 7.130700 8.177800 8.127800 8.656400 
l_canadensis7.392300 8.163700 6.630400 7.769700 4.299800 0.000000 7.219600 6.873200 7.153800 7.446600 7.862900 6.595000 7.965500 8.822500 8.536800 8.037000 8.804900 8.380400 8.976900 8.650000 7.521400 7.692200 8.088700 9.806000 8.345200 9.969900 8.780700 9.827800 9.777800 10.306400 
l_canadensis6.955500 7.726900 6.434600 7.573900 5.569600 7.219600 0.000000 4.399800 6.192200 6.485000 6.901300 5.633400 7.003900 8.385700 8.100000 7.600200 8.368100 7.943600 8.540100 8.213200 7.084600 7.255400 7.651900 9.369200 7.908400 9.533100 8.343900 9.391000 9.341000 9.869600 
m_mephitis6.609100 7.380500 6.088200 7.227500 5.223200 6.873200 4.399800 0.000000 5.845800 6.138600 6.554900 5.287000 6.657500 8.039300 7.753600 7.253800 8.021700 7.597200 8.193700 7.866800 6.738200 6.909000 7.305500 9.022800 7.562000 9.186700 7.997500 9.044600 8.994600 9.523200 
m_erminea  6.889700 7.661100 6.368800 7.508100 5.503800 7.153800 6.192200 5.845800 0.000000 4.900000 6.087500 4.819600 6.489300 8.319900 8.034200 7.534400 8.302300 7.877800 8.474300 8.147400 7.018800 7.189600 7.586100 9.303400 7.842600 9.467300 8.278100 9.325200 9.275200 9.803800 
m_nivalis  7.182500 7.953900 6.661600 7.800900 5.796600 7.446600 6.485000 6.138600 4.900000 0.000000 6.380300 5.112400 6.782100 8.612700 8.327000 7.827200 8.595100 8.170600 8.767100 8.440200 7.311600 7.482400 7.878900 9.596200 8.135400 9.760100 8.570900 9.618000 9.568000 10.096600 
u_americanus7.598800 8.370200 7.077900 8.217200 6.212900 7.862900 6.901300 6.554900 6.087500 6.380300 0.000000 4.200100 7.198400 9.029000 8.743300 8.243500 9.011400 8.586900 9.183400 8.856500 7.727900 7.898700 8.295200 10.012500 8.551700 10.176400 8.987200 10.034300 9.984300 10.512900 
v_velox    6.330900 7.102300 5.810000 6.949300 4.945000 6.595000 5.633400 5.287000 4.819600 5.112400 4.200100 0.000000 5.930500 7.761100 7.475400 6.975600 7.743500 7.319000 7.915500 7.588600 6.460000 6.630800 7.027300 8.744600 7.283800 8.908500 7.719300 8.766400 8.716400 9.245000 
m_americana7.701400 8.472800 7.180500 8.319800 6.315500 7.965500 7.003900 6.657500 6.489300 6.782100 7.198400 5.930500 0.000000 9.131600 8.845900 8.346100 9.114000 8.689500 9.286000 8.959100 7.830500 8.001300 8.397800 10.115100 8.654300 10.279000 9.089800 10.136900 10.086900 10.615500 
a_lagopus  8.082200 8.853600 8.037500 9.176800 7.172500 8.822500 8.385700 8.039300 8.319900 8.612700 9.029000 7.761100 9.131600 0.000000 7.700100 8.397500 9.165400 8.740900 9.337400 9.010500 7.881900 8.052700 8.449200 10.166500 8.705700 10.330400 9.141200 10.188300 10.138300 10.666900 
b_astutus  7.796500 8.567900 7.751800 8.891100 6.886800 8.536800 8.100000 7.753600 8.034200 8.327000 8.743300 7.475400 8.845900 7.700100 0.000000 8.111800 8.879700 8.455200 9.051700 8.724800 7.596200 7.767000 8.163500 9.880800 8.420000 10.044700 8.855500 9.902600 9.852600 10.381200 
c_lupus    7.296700 8.068100 7.252000 8.391300 6.387000 8.037000 7.600200 7.253800 7.534400 7.827200 8.243500 6.975600 8.346100 8.397500 8.111800 0.000000 5.699900 7.892800 8.489300 8.225000 7.096400 7.267200 7.663700 9.381000 7.920200 9.544900 8.355700 9.402800 9.352800 9.881400 
c_leuconotus8.064600 8.836000 8.019900 9.159200 7.154900 8.804900 8.368100 8.021700 8.302300 8.595100 9.011400 7.743500 9.114000 9.165400 8.879700 5.699900 0.000000 8.660700 9.257200 8.992900 7.864300 8.035100 8.431600 10.148900 8.688100 10.312800 9.123600 10.170700 10.120700 10.649300 
g_gulo     7.640100 8.411500 7.595400 8.734700 6.730400 8.380400 7.943600 7.597200 7.877800 8.170600 8.586900 7.319000 8.689500 8.740900 8.455200 7.892800 8.660700 0.000000 6.099900 8.568400 7.439800 7.610600 8.007100 9.724400 8.263600 9.888300 8.699100 9.746200 9.696200 10.224800 
l_pardalis8.236600 9.008000 8.191900 9.331200 7.326900 8.976900 8.540100 8.193700 8.474300 8.767100 9.183400 7.915500 9.286000 9.337400 9.051700 8.489300 9.257200 6.099900 0.000000 9.164900 8.036300 8.207100 8.603600 10.320900 8.860100 10.484800 9.295600 10.342700 10.292700 10.821300 
m_vison    7.909700 8.681100 7.865000 9.004300 7.000000 8.650000 8.213200 7.866800 8.147400 8.440200 8.856500 7.588600 8.959100 9.010500 8.724800 8.225000 8.992900 8.568400 9.164900 0.000000 5.000000 7.795800 8.192300 9.909600 8.448800 10.073500 8.884300 9.931400 9.881400 10.410000 
u_littoralis6.781100 7.552500 6.736400 7.875700 5.871400 7.521400 7.084600 6.738200 7.018800 7.311600 7.727900 6.460000 7.830500 7.881900 7.596200 7.096400 7.864300 7.439800 8.036300 5.000000 0.000000 6.667200 7.063700 8.781000 7.320200 8.944900 7.755700 8.802800 8.752800 9.281400 
p_lotor    6.951900 7.723300 6.907200 8.046500 6.042200 7.692200 7.255400 6.909000 7.189600 7.482400 7.898700 6.630800 8.001300 8.052700 7.767000 7.267200 8.035100 7.610600 8.207100 7.795800 6.667200 0.000000 5.700100 8.612800 7.152000 8.776700 7.587500 8.634600 8.584600 9.113200 
p_concolor7.348400 8.119800 7.303700 8.443000 6.438700 8.088700 7.651900 7.305500 7.586100 7.878900 8.295200 7.027300 8.397800 8.449200 8.163500 7.663700 8.431600 8.007100 8.603600 8.192300 7.063700 5.700100 0.000000 9.009300 7.548500 9.173200 7.984000 9.031100 8.981100 9.509700 
s_putorius9.065700 9.837100 9.021000 10.160300 8.156000 9.806000 9.369200 9.022800 9.303400 9.596200 10.012500 8.744600 10.115100 10.166500 9.880800 9.381000 10.148900 9.724400 10.320900 9.909600 8.781000 8.612800 9.009300 0.000000 6.000000 10.427700 9.238500 10.285600 10.235600 10.764200 
s_pygmaea  7.604900 8.376300 7.560200 8.699500 6.695200 8.345200 7.908400 7.562000 7.842600 8.135400 8.551700 7.283800 8.654300 8.705700 8.420000 7.920200 8.688100 8.263600 8.860100 8.448800 7.320200 7.152000 7.548500 6.000000 0.000000 8.966900 7.777700 8.824800 8.774800 9.303400 
t_taxus    9.229600 10.001000 9.184900 10.324200 8.319900 9.969900 9.533100 9.186700 9.467300 9.760100 10.176400 8.908500 10.279000 10.330400 10.044700 9.544900 10.312800 9.888300 10.484800 10.073500 8.944900 8.776700 9.173200 10.427700 8.966900 0.000000 6.800000 10.251700 10.201700 10.730300 
u_arctos   8.040400 8.811800 7.995700 9.135000 7.130700 8.780700 8.343900 7.997500 8.278100 8.570900 8.987200 7.719300 9.089800 9.141200 8.855500 8.355700 9.123600 8.699100 9.295600 8.884300 7.755700 7.587500 7.984000 9.238500 7.777700 6.800000 0.000000 9.062500 9.012500 9.541100 
h_yaguarondi9.087500 9.858900 9.042800 10.182100 8.177800 9.827800 9.391000 9.044600 9.325200 9.618000 10.034300 8.766400 10.136900 10.188300 9.902600 9.402800 10.170700 9.746200 10.342700 9.931400 8.802800 8.634600 9.031100 10.285600 8.824800 10.251700 9.062500 0.000000 9.200200 10.025000 
n_narica   9.037500 9.808900 8.992800 10.132100 8.127800 9.777800 9.341000 8.994600 9.275200 9.568000 9.984300 8.716400 10.086900 10.138300 9.852600 9.352800 10.120700 9.696200 10.292700 9.881400 8.752800 8.584600 8.981100 10.235600 8.774800 10.201700 9.012500 9.200200 0.000000 9.975000 
v_vulpes   9.566100 10.337500 9.521400 10.660700 8.656400 10.306400 9.869600 9.523200 9.803800 10.096600 10.512900 9.245000 10.615500 10.666900 10.381200 9.881400 10.649300 10.224800 10.821300 10.410000 9.281400 9.113200 9.509700 10.764200 9.303400 10.730300 9.541100 10.025000 9.975000 0.000000 

