    9
u_american  0.000000  0.047230  0.124315  0.097724  0.144891  0.131111
  0.144891  0.137970  0.117578
u_arctos    0.047230  0.000000  0.097724  0.072046  0.117578  0.131111
  0.144891  0.137970  0.144891
g_gulo      0.124315  0.097724  0.000000  0.047230  0.173219  0.131111
  0.144891  0.117578  0.117578
m_pennanti  0.097724  0.072046  0.047230  0.000000  0.144891  0.091221
  0.104284  0.104284  0.104284
s_putorius  0.144891  0.117578  0.173219  0.144891  0.000000  0.131111
  0.117578  0.187784  0.210159
c_lupus     0.131111  0.131111  0.131111  0.091221  0.131111  0.000000
  0.011521  0.091221  0.144891
c_latrans   0.144891  0.144891  0.144891  0.104284  0.117578  0.011521
  0.000000  0.104284  0.158924
p_lotor     0.137970  0.137970  0.117578  0.104284  0.187784  0.091221
  0.104284  0.000000  0.137970
l_rufus     0.117578  0.144891  0.117578  0.104284  0.210159  0.144891
  0.158924  0.137970  0.000000
    9
u_american  0.000000  0.035131  0.110901  0.097724  0.187784  0.053356
  0.078383  0.137970  0.187784
u_arctos    0.035131  0.000000  0.072046  0.059533  0.144891  0.078383
  0.078383  0.137970  0.187784
g_gulo      0.110901  0.072046  0.000000  0.053356  0.210159  0.124315
  0.124315  0.137970  0.195171
m_pennanti  0.097724  0.059533  0.053356  0.000000  0.195171  0.104284
  0.104284  0.144891  0.202629
s_putorius  0.187784  0.144891  0.210159  0.195171  0.000000  0.166038
  0.137970  0.217762  0.281387
c_lupus     0.053356  0.078383  0.124315  0.104284  0.166038  0.000000
  0.023229  0.104284  0.180467
c_latrans   0.078383  0.078383  0.124315  0.104284  0.137970  0.023229
  0.000000  0.104284  0.210159
p_lotor     0.137970  0.137970  0.137970  0.144891  0.217762  0.104284
  0.104284  0.000000  0.217762
l_rufus     0.187784  0.187784  0.195171  0.202629  0.281387  0.180467
  0.210159  0.217762  0.000000
    9
u_american  0.000000  0.023229  0.072046  0.059533  0.144891  0.084774
  0.104284  0.151875  0.124315
u_arctos    0.023229  0.000000  0.072046  0.059533  0.144891  0.110901
  0.117578  0.166038  0.137970
g_gulo      0.072046  0.072046  0.000000  0.017351  0.166038  0.104284
  0.110901  0.137970  0.117578
m_pennanti  0.059533  0.059533  0.017351  0.000000  0.151875  0.084774
  0.091221  0.131111  0.110901
s_putorius  0.144891  0.144891  0.166038  0.151875  0.000000  0.158924
  0.137970  0.166038  0.180467
c_lupus     0.084774  0.110901  0.104284  0.084774  0.158924  0.000000
  0.017351  0.104284  0.158924
c_latrans   0.104284  0.117578  0.110901  0.091221  0.137970  0.017351
  0.000000  0.110901  0.180467
p_lotor     0.151875  0.166038  0.137970  0.131111  0.166038  0.104284
  0.110901  0.000000  0.158924
l_rufus     0.124315  0.137970  0.117578  0.110901  0.180467  0.158924
  0.180467  0.158924  0.000000
    9
u_american  0.000000  0.023229  0.078383  0.078383  0.097724  0.104284
  0.110901  0.180467  0.158924
u_arctos    0.023229  0.000000  0.078383  0.078383  0.097724  0.104284
  0.110901  0.180467  0.187784
g_gulo      0.078383  0.078383  0.000000  0.035131  0.137970  0.091221
  0.097724  0.137970  0.137970
m_pennanti  0.078383  0.078383  0.035131  0.000000  0.137970  0.084774
  0.091221  0.151875  0.151875
s_putorius  0.097724  0.097724  0.137970  0.137970  0.000000  0.110901
  0.104284  0.195171  0.210159
c_lupus     0.104284  0.104284  0.091221  0.084774  0.110901  0.000000
  0.005737  0.117578  0.131111
c_latrans   0.110901  0.110901  0.097724  0.091221  0.104284  0.005737
  0.000000  0.124315  0.137970
p_lotor     0.180467  0.180467  0.137970  0.151875  0.195171  0.117578
  0.124315  0.000000  0.144891
l_rufus     0.158924  0.187784  0.137970  0.151875  0.210159  0.131111
  0.137970  0.144891  0.000000
    9
u_american  0.000000  0.017351  0.065763  0.065763  0.173219  0.078383
  0.104284  0.131111  0.187784
u_arctos    0.017351  0.000000  0.047230  0.047230  0.151875  0.097724
  0.124315  0.151875  0.166038
g_gulo      0.065763  0.047230  0.000000  0.017351  0.195171  0.124315
  0.151875  0.144891  0.144891
m_pennanti  0.065763  0.047230  0.017351  0.000000  0.195171  0.124315
  0.151875  0.166038  0.166038
s_putorius  0.173219  0.151875  0.195171  0.195171  0.000000  0.180467
  0.151875  0.273149  0.273149
c_lupus     0.078383  0.097724  0.124315  0.124315  0.180467  0.000000
  0.023229  0.144891  0.173219
c_latrans   0.104284  0.124315  0.151875  0.151875  0.151875  0.023229
  0.000000  0.173219  0.202629
p_lotor     0.131111  0.151875  0.144891  0.166038  0.273149  0.144891
  0.173219  0.000000  0.225440
l_rufus     0.187784  0.166038  0.144891  0.166038  0.273149  0.173219
  0.202629  0.225440  0.000000
    9
u_american  0.000000  0.029156  0.110901  0.117578  0.144891  0.151875
  0.173219  0.180467  0.144891
u_arctos    0.029156  0.000000  0.104284  0.110901  0.137970  0.173219
  0.166038  0.173219  0.180467
g_gulo      0.110901  0.104284  0.000000  0.029156  0.144891  0.151875
  0.144891  0.151875  0.187784
m_pennanti  0.117578  0.110901  0.029156  0.000000  0.151875  0.158924
  0.151875  0.158924  0.195171
s_putorius  0.144891  0.137970  0.144891  0.151875  0.000000  0.097724
  0.078383  0.180467  0.256924
c_lupus     0.151875  0.173219  0.151875  0.158924  0.097724  0.000000
  0.017351  0.151875  0.180467
c_latrans   0.173219  0.166038  0.144891  0.151875  0.078383  0.017351
  0.000000  0.144891  0.202629
p_lotor     0.180467  0.173219  0.151875  0.158924  0.180467  0.151875
  0.144891  0.000000  0.210159
l_rufus     0.144891  0.180467  0.187784  0.195171  0.256924  0.180467
  0.202629  0.210159  0.000000
    9
u_american  0.000000  0.023229  0.078383  0.078383  0.131111  0.065763
  0.072046  0.137970  0.158924
u_arctos    0.023229  0.000000  0.078383  0.078383  0.131111  0.078383
  0.084774  0.151875  0.173219
g_gulo      0.078383  0.078383  0.000000  0.023229  0.166038  0.084774
  0.091221  0.124315  0.137970
m_pennanti  0.078383  0.078383  0.023229  0.000000  0.166038  0.084774
  0.091221  0.151875  0.166038
s_putorius  0.131111  0.131111  0.166038  0.166038  0.000000  0.131111
  0.124315  0.202629  0.202629
c_lupus     0.065763  0.078383  0.084774  0.084774  0.131111  0.000000
  0.005737  0.124315  0.131111
c_latrans   0.072046  0.084774  0.091221  0.091221  0.124315  0.005737
  0.000000  0.131111  0.137970
p_lotor     0.137970  0.151875  0.124315  0.151875  0.202629  0.124315
  0.131111  0.000000  0.187784
l_rufus     0.158924  0.173219  0.137970  0.166038  0.202629  0.131111
  0.137970  0.187784  0.000000
    9
u_american  0.000000  0.011521  0.059533  0.059533  0.110901  0.097724
  0.104284  0.137970  0.117578
u_arctos    0.011521  0.000000  0.047230  0.047230  0.097724  0.097724
  0.091221  0.124315  0.131111
g_gulo      0.059533  0.047230  0.000000  0.035131  0.110901  0.097724
  0.091221  0.110901  0.131111
m_pennanti  0.059533  0.047230  0.035131  0.000000  0.110901  0.084774
  0.078383  0.110901  0.131111
s_putorius  0.110901  0.097724  0.110901  0.110901  0.000000  0.110901
  0.104284  0.151875  0.195171
c_lupus     0.097724  0.097724  0.097724  0.084774  0.110901  0.000000
  0.005737  0.091221  0.084774
c_latrans   0.104284  0.091221  0.091221  0.078383  0.104284  0.005737
  0.000000  0.084774  0.091221
p_lotor     0.137970  0.124315  0.110901  0.110901  0.151875  0.091221
  0.084774  0.000000  0.158924
l_rufus     0.117578  0.131111  0.131111  0.131111  0.195171  0.084774
  0.091221  0.158924  0.000000
    9
u_american  0.000000  0.041155  0.078383  0.078383  0.166038  0.084774
  0.104284  0.166038  0.151875
u_arctos    0.041155  0.000000  0.059533  0.059533  0.144891  0.131111
  0.137970  0.202629  0.144891
g_gulo      0.078383  0.059533  0.000000  0.011521  0.144891  0.131111
  0.137970  0.180467  0.124315
m_pennanti  0.078383  0.059533  0.011521  0.000000  0.144891  0.131111
  0.137970  0.195171  0.137970
s_putorius  0.166038  0.144891  0.144891  0.144891  0.000000  0.151875
  0.131111  0.233194  0.210159
c_lupus     0.084774  0.131111  0.131111  0.131111  0.151875  0.000000
  0.017351  0.151875  0.202629
c_latrans   0.104284  0.137970  0.137970  0.137970  0.131111  0.017351
  0.000000  0.158924  0.225440
p_lotor     0.166038  0.202629  0.180467  0.195171  0.233194  0.151875
  0.158924  0.000000  0.217762
l_rufus     0.151875  0.144891  0.124315  0.137970  0.210159  0.202629
  0.225440  0.217762  0.000000
    9
u_american  0.000000  0.023229  0.059533  0.047230  0.131111  0.078383
  0.078383  0.180467  0.124315
u_arctos    0.023229  0.000000  0.047230  0.035131  0.117578  0.065763
  0.065763  0.166038  0.151875
g_gulo      0.059533  0.047230  0.000000  0.023229  0.158924  0.078383
  0.078383  0.166038  0.144891
m_pennanti  0.047230  0.035131  0.023229  0.000000  0.144891  0.065763
  0.065763  0.166038  0.144891
s_putorius  0.131111  0.117578  0.158924  0.144891  0.000000  0.137970
  0.137970  0.166038  0.180467
c_lupus     0.078383  0.065763  0.078383  0.065763  0.137970  0.000000
 -0.000000  0.131111  0.144891
c_latrans   0.078383  0.065763  0.078383  0.065763  0.137970 -0.000000
  0.000000  0.131111  0.144891
p_lotor     0.180467  0.166038  0.166038  0.166038  0.166038  0.131111
  0.131111  0.000000  0.166038
l_rufus     0.124315  0.151875  0.144891  0.144891  0.180467  0.144891
  0.144891  0.166038  0.000000
    9
u_american  0.000000  0.053356  0.097724  0.072046  0.131111  0.059533
  0.072046  0.131111  0.173219
u_arctos    0.053356  0.000000  0.078383  0.053356  0.110901  0.078383
  0.065763  0.124315  0.225440
g_gulo      0.097724  0.078383  0.000000  0.029156  0.158924  0.097724
  0.084774  0.131111  0.202629
m_pennanti  0.072046  0.053356  0.029156  0.000000  0.131111  0.072046
  0.059533  0.110901  0.180467
s_putorius  0.131111  0.110901  0.158924  0.131111  0.000000  0.104284
  0.091221  0.173219  0.281387
c_lupus     0.059533  0.078383  0.097724  0.072046  0.104284  0.000000
  0.011521  0.124315  0.202629
c_latrans   0.072046  0.065763  0.084774  0.059533  0.091221  0.011521
  0.000000  0.110901  0.217762
p_lotor     0.131111  0.124315  0.131111  0.110901  0.173219  0.124315
  0.110901  0.000000  0.241025
l_rufus     0.173219  0.225440  0.202629  0.180467  0.281387  0.202629
  0.217762  0.241025  0.000000
    9
u_american  0.000000  0.023229  0.091221  0.072046  0.202629  0.059533
  0.078383  0.180467  0.151875
u_arctos    0.023229  0.000000  0.078383  0.059533  0.187784  0.084774
  0.091221  0.195171  0.151875
g_gulo      0.091221  0.078383  0.000000  0.035131  0.233194  0.097724
  0.104284  0.180467  0.124315
m_pennanti  0.072046  0.059533  0.035131  0.000000  0.210159  0.072046
  0.078383  0.180467  0.124315
s_putorius  0.202629  0.187784  0.233194  0.210159  0.000000  0.202629
  0.180467  0.273149  0.241025
c_lupus     0.059533  0.084774  0.097724  0.072046  0.202629  0.000000
  0.017351  0.144891  0.144891
c_latrans   0.078383  0.091221  0.104284  0.078383  0.180467  0.017351
  0.000000  0.151875  0.166038
p_lotor     0.180467  0.195171  0.180467  0.180467  0.273149  0.144891
  0.151875  0.000000  0.195171
l_rufus     0.151875  0.151875  0.124315  0.124315  0.241025  0.144891
  0.166038  0.195171  0.000000
    9
u_american  0.000000  0.023229  0.053356  0.053356  0.097724  0.065763
  0.072046  0.124315  0.084774
u_arctos    0.023229  0.000000  0.053356  0.053356  0.097724  0.078383
  0.084774  0.137970  0.097724
g_gulo      0.053356  0.053356  0.000000  0.011521  0.104284  0.059533
  0.065763  0.110901  0.072046
m_pennanti  0.053356  0.053356  0.011521  0.000000  0.104284  0.059533
  0.065763  0.124315  0.084774
s_putorius  0.097724  0.097724  0.104284  0.104284  0.000000  0.124315
  0.117578  0.151875  0.158924
c_lupus     0.065763  0.078383  0.059533  0.059533  0.124315  0.000000
  0.005737  0.097724  0.091221
c_latrans   0.072046  0.084774  0.065763  0.065763  0.117578  0.005737
  0.000000  0.104284  0.097724
p_lotor     0.124315  0.137970  0.110901  0.124315  0.151875  0.097724
  0.104284  0.000000  0.151875
l_rufus     0.084774  0.097724  0.072046  0.084774  0.158924  0.091221
  0.097724  0.151875  0.000000
    9
u_american  0.000000  0.017351  0.131111  0.110901  0.166038  0.131111
  0.144891  0.187784  0.180467
u_arctos    0.017351  0.000000  0.110901  0.091221  0.144891  0.137970
  0.137970  0.180467  0.187784
g_gulo      0.131111  0.110901  0.000000  0.029156  0.233194  0.180467
  0.180467  0.180467  0.144891
m_pennanti  0.110901  0.091221  0.029156  0.000000  0.210159  0.144891
  0.144891  0.158924  0.124315
s_putorius  0.166038  0.144891  0.233194  0.210159  0.000000  0.166038
  0.151875  0.264995  0.273149
c_lupus     0.131111  0.137970  0.180467  0.144891  0.166038  0.000000
  0.011521  0.180467  0.210159
c_latrans   0.144891  0.137970  0.180467  0.144891  0.151875  0.011521
  0.000000  0.180467  0.225440
p_lotor     0.187784  0.180467  0.180467  0.158924  0.264995  0.180467
  0.180467  0.000000  0.217762
l_rufus     0.180467  0.187784  0.144891  0.124315  0.273149  0.210159
  0.225440  0.217762  0.000000
    9
u_american  0.000000  0.023229  0.110901  0.104284  0.104284  0.117578
  0.137970  0.248935  0.195171
u_arctos    0.023229  0.000000  0.084774  0.078383  0.078383  0.104284
  0.110901  0.217762  0.225440
g_gulo      0.110901  0.084774  0.000000  0.023229  0.117578  0.078383
  0.084774  0.144891  0.151875
m_pennanti  0.104284  0.078383  0.023229  0.000000  0.110901  0.072046
  0.078383  0.173219  0.180467
s_putorius  0.104284  0.078383  0.117578  0.110901  0.000000  0.124315
  0.104284  0.248935  0.281387
c_lupus     0.117578  0.104284  0.078383  0.072046  0.124315  0.000000
  0.017351  0.158924  0.158924
c_latrans   0.137970  0.110901  0.084774  0.078383  0.104284  0.017351
  0.000000  0.166038  0.180467
p_lotor     0.248935  0.217762  0.144891  0.173219  0.248935  0.158924
  0.166038  0.000000  0.202629
l_rufus     0.195171  0.225440  0.151875  0.180467  0.281387  0.158924
  0.180467  0.202629  0.000000
    9
u_american  0.000000  0.023229  0.065763  0.072046  0.131111  0.097724
  0.117578  0.117578  0.137970
u_arctos    0.023229  0.000000  0.053356  0.059533  0.117578  0.097724
  0.104284  0.104284  0.166038
g_gulo      0.065763  0.053356  0.000000  0.011521  0.144891  0.110901
  0.117578  0.110901  0.166038
m_pennanti  0.072046  0.059533  0.011521  0.000000  0.151875  0.110901
  0.117578  0.110901  0.166038
s_putorius  0.131111  0.117578  0.144891  0.151875  0.000000  0.104284
  0.084774  0.144891  0.248935
c_lupus     0.097724  0.097724  0.110901  0.110901  0.104284  0.000000
  0.017351  0.097724  0.151875
c_latrans   0.117578  0.104284  0.117578  0.117578  0.084774  0.017351
  0.000000  0.104284  0.173219
p_lotor     0.117578  0.104284  0.110901  0.110901  0.144891  0.097724
  0.104284  0.000000  0.187784
l_rufus     0.137970  0.166038  0.166038  0.166038  0.248935  0.151875
  0.173219  0.187784  0.000000
    9
u_american  0.000000  0.035131  0.151875  0.124315  0.144891  0.091221
  0.110901  0.158924  0.166038
u_arctos    0.035131  0.000000  0.151875  0.124315  0.144891  0.117578
  0.110901  0.158924  0.210159
g_gulo      0.151875  0.151875  0.000000  0.059533  0.225440  0.151875
  0.144891  0.124315  0.158924
m_pennanti  0.124315  0.124315  0.059533  0.000000  0.195171  0.117578
  0.110901  0.137970  0.173219
s_putorius  0.144891  0.144891  0.225440  0.195171  0.000000  0.137970
  0.117578  0.217762  0.273149
c_lupus     0.091221  0.117578  0.151875  0.117578  0.137970  0.000000
  0.017351  0.144891  0.131111
c_latrans   0.110901  0.110901  0.144891  0.110901  0.117578  0.017351
  0.000000  0.137970  0.151875
p_lotor     0.158924  0.158924  0.124315  0.137970  0.217762  0.144891
  0.137970  0.000000  0.144891
l_rufus     0.166038  0.210159  0.158924  0.173219  0.273149  0.131111
  0.151875  0.144891  0.000000
    9
u_american  0.000000  0.035131  0.110901  0.104284  0.173219  0.084774
  0.097724  0.158924  0.124315
u_arctos    0.035131  0.000000  0.072046  0.065763  0.131111  0.084774
  0.072046  0.131111  0.151875
g_gulo      0.110901  0.072046  0.000000  0.011521  0.187784  0.110901
  0.097724  0.131111  0.124315
m_pennanti  0.104284  0.065763  0.011521  0.000000  0.180467  0.104284
  0.091221  0.131111  0.124315
s_putorius  0.173219  0.131111  0.187784  0.180467  0.000000  0.131111
  0.117578  0.166038  0.241025
c_lupus     0.084774  0.084774  0.110901  0.104284  0.131111  0.000000
  0.011521  0.124315  0.144891
c_latrans   0.097724  0.072046  0.097724  0.091221  0.117578  0.011521
  0.000000  0.110901  0.158924
p_lotor     0.158924  0.131111  0.131111  0.131111  0.166038  0.124315
  0.110901  0.000000  0.180467
l_rufus     0.124315  0.151875  0.124315  0.124315  0.241025  0.144891
  0.158924  0.180467  0.000000
    9
u_american  0.000000  0.047230  0.053356  0.053356  0.180467  0.065763
  0.091221  0.104284  0.144891
u_arctos    0.047230  0.000000  0.041155  0.041155  0.166038  0.117578
  0.117578  0.131111  0.158924
g_gulo      0.053356  0.041155  0.000000  0.011521  0.144891  0.084774
  0.084774  0.084774  0.137970
m_pennanti  0.053356  0.041155  0.011521  0.000000  0.144891  0.084774
  0.084774  0.097724  0.151875
s_putorius  0.180467  0.166038  0.144891  0.144891  0.000000  0.195171
  0.166038  0.187784  0.248935
c_lupus     0.065763  0.117578  0.084774  0.084774  0.195171  0.000000
  0.023229  0.131111  0.137970
c_latrans   0.091221  0.117578  0.084774  0.084774  0.166038  0.023229
  0.000000  0.131111  0.166038
p_lotor     0.104284  0.131111  0.084774  0.097724  0.187784  0.131111
  0.131111  0.000000  0.187784
l_rufus     0.144891  0.158924  0.137970  0.151875  0.248935  0.137970
  0.166038  0.187784  0.000000
    9
u_american  0.000000  0.011521  0.104284  0.097724  0.180467  0.072046
  0.084774  0.173219  0.202629
u_arctos    0.011521  0.000000  0.091221  0.084774  0.166038  0.084774
  0.097724  0.187784  0.187784
g_gulo      0.104284  0.091221  0.000000  0.041155  0.241025  0.151875
  0.166038  0.195171  0.173219
m_pennanti  0.097724  0.084774  0.041155  0.000000  0.233194  0.137970
  0.151875  0.202629  0.180467
s_putorius  0.180467  0.166038  0.241025  0.233194  0.000000  0.173219
  0.158924  0.289711  0.323898
c_lupus     0.072046  0.084774  0.151875  0.137970  0.173219  0.000000
  0.011521  0.151875  0.180467
c_latrans   0.084774  0.097724  0.166038  0.151875  0.158924  0.011521
  0.000000  0.166038  0.195171
p_lotor     0.173219  0.187784  0.195171  0.202629  0.289711  0.151875
  0.166038  0.000000  0.241025
l_rufus     0.202629  0.187784  0.173219  0.180467  0.323898  0.180467
  0.195171  0.241025  0.000000
    9
u_american  0.000000  0.023229  0.117578  0.104284  0.151875  0.104284
  0.124315  0.158924  0.131111
u_arctos    0.023229  0.000000  0.091221  0.078383  0.124315  0.104284
  0.097724  0.131111  0.158924
g_gulo      0.117578  0.091221  0.000000  0.029156  0.210159  0.117578
  0.110901  0.110901  0.110901
m_pennanti  0.104284  0.078383  0.029156  0.000000  0.195171  0.097724
  0.091221  0.117578  0.117578
s_putorius  0.151875  0.124315  0.210159  0.195171  0.000000  0.166038
  0.144891  0.248935  0.273149
c_lupus     0.104284  0.104284  0.117578  0.097724  0.166038  0.000000
  0.017351  0.117578  0.110901
c_latrans   0.124315  0.097724  0.110901  0.091221  0.144891  0.017351
  0.000000  0.110901  0.131111
p_lotor     0.158924  0.131111  0.110901  0.117578  0.248935  0.117578
  0.110901  0.000000  0.124315
l_rufus     0.131111  0.158924  0.110901  0.117578  0.273149  0.110901
  0.131111  0.124315  0.000000
    9
u_american  0.000000  0.011521  0.041155  0.047230  0.110901  0.059533
  0.065763  0.124315  0.110901
u_arctos    0.011521  0.000000  0.053356  0.059533  0.124315  0.072046
  0.078383  0.137970  0.124315
g_gulo      0.041155  0.053356  0.000000  0.017351  0.137970  0.072046
  0.078383  0.117578  0.084774
m_pennanti  0.047230  0.059533  0.017351  0.000000  0.144891  0.072046
  0.078383  0.124315  0.091221
s_putorius  0.110901  0.124315  0.137970  0.144891  0.000000  0.131111
  0.124315  0.187784  0.180467
c_lupus     0.059533  0.072046  0.072046  0.072046  0.131111  0.000000
  0.005737  0.137970  0.124315
c_latrans   0.065763  0.078383  0.078383  0.078383  0.124315  0.005737
  0.000000  0.144891  0.131111
p_lotor     0.124315  0.137970  0.117578  0.124315  0.187784  0.137970
  0.144891  0.000000  0.117578
l_rufus     0.110901  0.124315  0.084774  0.091221  0.180467  0.124315
  0.131111  0.117578  0.000000
    9
u_american  0.000000  0.053356  0.078383  0.091221  0.166038  0.084774
  0.104284  0.110901  0.131111
u_arctos    0.053356  0.000000  0.059533  0.072046  0.144891  0.117578
  0.110901  0.117578  0.166038
g_gulo      0.078383  0.059533  0.000000  0.011521  0.144891  0.078383
  0.072046  0.091221  0.137970
m_pennanti  0.091221  0.072046  0.011521  0.000000  0.158924  0.091221
  0.084774  0.104284  0.151875
s_putorius  0.166038  0.144891  0.144891  0.158924  0.000000  0.158924
  0.137970  0.158924  0.225440
c_lupus     0.084774  0.117578  0.078383  0.091221  0.158924  0.000000
  0.017351  0.072046  0.110901
c_latrans   0.104284  0.110901  0.072046  0.084774  0.137970  0.017351
  0.000000  0.065763  0.131111
p_lotor     0.110901  0.117578  0.091221  0.104284  0.158924  0.072046
  0.065763  0.000000  0.173219
l_rufus     0.131111  0.166038  0.137970  0.151875  0.225440  0.110901
  0.131111  0.173219  0.000000
    9
u_american  0.000000  0.029156  0.084774  0.072046  0.117578  0.072046
  0.072046  0.097724  0.144891
u_arctos    0.029156  0.000000  0.091221  0.078383  0.124315  0.104284
  0.104284  0.131111  0.151875
g_gulo      0.084774  0.091221  0.000000  0.029156  0.151875  0.104284
  0.104284  0.110901  0.117578
m_pennanti  0.072046  0.078383  0.029156  0.000000  0.137970  0.084774
  0.084774  0.104284  0.110901
s_putorius  0.117578  0.124315  0.151875  0.137970  0.000000  0.110901
  0.110901  0.144891  0.180467
c_lupus     0.072046  0.104284  0.104284  0.084774  0.110901  0.000000
 -0.000000  0.097724  0.137970
c_latrans   0.072046  0.104284  0.104284  0.084774  0.110901 -0.000000
  0.000000  0.097724  0.137970
p_lotor     0.097724  0.131111  0.110901  0.104284  0.144891  0.097724
  0.097724  0.000000  0.151875
l_rufus     0.144891  0.151875  0.117578  0.110901  0.180467  0.137970
  0.137970  0.151875  0.000000
    9
u_american  0.000000  0.017351  0.110901  0.091221  0.173219  0.124315
  0.151875  0.225440  0.187784
u_arctos    0.017351  0.000000  0.104284  0.084774  0.166038  0.144891
  0.158924  0.233194  0.195171
g_gulo      0.110901  0.104284  0.000000  0.041155  0.195171  0.158924
  0.173219  0.217762  0.202629
m_pennanti  0.091221  0.084774  0.041155  0.000000  0.173219  0.117578
  0.131111  0.195171  0.180467
s_putorius  0.173219  0.166038  0.195171  0.173219  0.000000  0.180467
  0.151875  0.264995  0.298122
c_lupus     0.124315  0.144891  0.158924  0.117578  0.180467  0.000000
  0.023229  0.144891  0.180467
c_latrans   0.151875  0.158924  0.173219  0.131111  0.151875  0.023229
  0.000000  0.158924  0.210159
p_lotor     0.225440  0.233194  0.217762  0.195171  0.264995  0.144891
  0.158924  0.000000  0.241025
l_rufus     0.187784  0.195171  0.202629  0.180467  0.298122  0.180467
  0.210159  0.241025  0.000000
    9
u_american  0.000000  0.017351  0.104284  0.091221  0.137970  0.097724
  0.110901  0.144891  0.166038
u_arctos    0.017351  0.000000  0.097724  0.084774  0.131111  0.104284
  0.104284  0.137970  0.187784
g_gulo      0.104284  0.097724  0.000000  0.059533  0.180467  0.124315
  0.124315  0.110901  0.144891
m_pennanti  0.091221  0.084774  0.059533  0.000000  0.166038  0.091221
  0.091221  0.110901  0.144891
s_putorius  0.137970  0.131111  0.180467  0.166038  0.000000  0.131111
  0.117578  0.180467  0.233194
c_lupus     0.097724  0.104284  0.124315  0.091221  0.131111  0.000000
  0.011521  0.078383  0.137970
c_latrans   0.110901  0.104284  0.124315  0.091221  0.117578  0.011521
  0.000000  0.078383  0.151875
p_lotor     0.144891  0.137970  0.110901  0.110901  0.180467  0.078383
  0.078383  0.000000  0.144891
l_rufus     0.166038  0.187784  0.144891  0.144891  0.233194  0.137970
  0.151875  0.144891  0.000000
    9
u_american  0.000000  0.023229  0.078383  0.072046  0.151875  0.059533
  0.097724  0.137970  0.110901
u_arctos    0.023229  0.000000  0.053356  0.047230  0.124315  0.084774
  0.097724  0.137970  0.110901
g_gulo      0.078383  0.053356  0.000000  0.029156  0.144891  0.104284
  0.117578  0.158924  0.144891
m_pennanti  0.072046  0.047230  0.029156  0.000000  0.137970  0.084774
  0.097724  0.137970  0.124315
s_putorius  0.151875  0.124315  0.144891  0.137970  0.000000  0.158924
  0.117578  0.225440  0.225440
c_lupus     0.059533  0.084774  0.104284  0.084774  0.158924  0.000000
  0.035131  0.110901  0.110901
c_latrans   0.097724  0.097724  0.117578  0.097724  0.117578  0.035131
  0.000000  0.124315  0.151875
p_lotor     0.137970  0.137970  0.158924  0.137970  0.225440  0.110901
  0.124315  0.000000  0.173219
l_rufus     0.110901  0.110901  0.144891  0.124315  0.225440  0.110901
  0.151875  0.173219  0.000000
    9
u_american  0.000000  0.041155  0.137970  0.110901  0.131111  0.097724
  0.104284  0.173219  0.166038
u_arctos    0.041155  0.000000  0.117578  0.091221  0.110901  0.117578
  0.124315  0.195171  0.173219
g_gulo      0.137970  0.117578  0.000000  0.029156  0.117578  0.124315
  0.131111  0.173219  0.187784
m_pennanti  0.110901  0.091221  0.029156  0.000000  0.091221  0.097724
  0.104284  0.151875  0.166038
s_putorius  0.131111  0.110901  0.117578  0.091221  0.000000  0.078383
  0.072046  0.144891  0.195171
c_lupus     0.097724  0.117578  0.124315  0.097724  0.078383  0.000000
  0.005737  0.124315  0.217762
c_latrans   0.104284  0.124315  0.131111  0.104284  0.072046  0.005737
  0.000000  0.131111  0.225440
p_lotor     0.173219  0.195171  0.173219  0.151875  0.144891  0.124315
  0.131111  0.000000  0.217762
l_rufus     0.166038  0.173219  0.187784  0.166038  0.195171  0.217762
  0.225440  0.217762  0.000000
    9
u_american  0.000000  0.017351  0.059533  0.047230  0.104284  0.041155
  0.053356  0.097724  0.110901
u_arctos    0.017351  0.000000  0.053356  0.041155  0.097724  0.059533
  0.059533  0.104284  0.117578
g_gulo      0.059533  0.053356  0.000000  0.011521  0.131111  0.091221
  0.091221  0.104284  0.084774
m_pennanti  0.047230  0.041155  0.011521  0.000000  0.117578  0.078383
  0.078383  0.104284  0.084774
s_putorius  0.104284  0.097724  0.131111  0.117578  0.000000  0.091221
  0.078383  0.110901  0.158924
c_lupus     0.041155  0.059533  0.091221  0.078383  0.091221  0.000000
  0.011521  0.059533  0.110901
c_latrans   0.053356  0.059533  0.091221  0.078383  0.078383  0.011521
  0.000000  0.059533  0.124315
p_lotor     0.097724  0.104284  0.104284  0.104284  0.110901  0.059533
  0.059533  0.000000  0.131111
l_rufus     0.110901  0.117578  0.084774  0.084774  0.158924  0.110901
  0.124315  0.131111  0.000000
    9
u_american  0.000000  0.029156  0.072046  0.065763  0.117578  0.047230
  0.065763  0.151875  0.144891
u_arctos    0.029156  0.000000  0.053356  0.047230  0.097724  0.053356
  0.059533  0.144891  0.166038
g_gulo      0.072046  0.053356  0.000000  0.023229  0.144891  0.084774
  0.091221  0.117578  0.124315
m_pennanti  0.065763  0.047230  0.023229  0.000000  0.137970  0.078383
  0.084774  0.144891  0.151875
s_putorius  0.117578  0.097724  0.144891  0.137970  0.000000  0.131111
  0.110901  0.195171  0.210159
c_lupus     0.047230  0.053356  0.084774  0.078383  0.131111  0.000000
  0.017351  0.124315  0.144891
c_latrans   0.065763  0.059533  0.091221  0.084774  0.110901  0.017351
  0.000000  0.131111  0.166038
p_lotor     0.151875  0.144891  0.117578  0.144891  0.195171  0.124315
  0.131111  0.000000  0.137970
l_rufus     0.144891  0.166038  0.124315  0.151875  0.210159  0.144891
  0.166038  0.137970  0.000000
    9
u_american  0.000000  0.017351  0.072046  0.065763  0.144891  0.084774
  0.097724  0.151875  0.131111
u_arctos    0.017351  0.000000  0.065763  0.059533  0.137970  0.091221
  0.091221  0.144891  0.151875
g_gulo      0.072046  0.065763  0.000000  0.035131  0.137970  0.091221
  0.091221  0.104284  0.131111
m_pennanti  0.065763  0.059533  0.035131  0.000000  0.131111  0.078383
  0.078383  0.117578  0.144891
s_putorius  0.144891  0.137970  0.137970  0.131111  0.000000  0.117578
  0.104284  0.180467  0.210159
c_lupus     0.084774  0.091221  0.091221  0.078383  0.117578  0.000000
  0.011521  0.131111  0.131111
c_latrans   0.097724  0.091221  0.091221  0.078383  0.104284  0.011521
  0.000000  0.131111  0.144891
p_lotor     0.151875  0.144891  0.104284  0.117578  0.180467  0.131111
  0.131111  0.000000  0.166038
l_rufus     0.131111  0.151875  0.131111  0.144891  0.210159  0.131111
  0.144891  0.166038  0.000000
    9
u_american  0.000000  0.017351  0.072046  0.047230  0.144891  0.084774
  0.097724  0.144891  0.166038
u_arctos    0.017351  0.000000  0.065763  0.041155  0.137970  0.091221
  0.091221  0.137970  0.187784
g_gulo      0.072046  0.065763  0.000000  0.041155  0.166038  0.117578
  0.117578  0.124315  0.173219
m_pennanti  0.047230  0.041155  0.041155  0.000000  0.137970  0.084774
  0.084774  0.131111  0.180467
s_putorius  0.144891  0.137970  0.166038  0.137970  0.000000  0.110901
  0.097724  0.180467  0.256924
c_lupus     0.084774  0.091221  0.117578  0.084774  0.110901  0.000000
  0.011521  0.124315  0.187784
c_latrans   0.097724  0.091221  0.117578  0.084774  0.097724  0.011521
  0.000000  0.124315  0.202629
p_lotor     0.144891  0.137970  0.124315  0.131111  0.180467  0.124315
  0.124315  0.000000  0.217762
l_rufus     0.166038  0.187784  0.173219  0.180467  0.256924  0.187784
  0.202629  0.217762  0.000000
    9
u_american  0.000000  0.017351  0.117578  0.117578  0.187784  0.091221
  0.110901  0.158924  0.144891
u_arctos    0.017351  0.000000  0.097724  0.097724  0.166038  0.110901
  0.104284  0.151875  0.151875
g_gulo      0.117578  0.097724  0.000000  0.023229  0.217762  0.144891
  0.137970  0.158924  0.151875
m_pennanti  0.117578  0.097724  0.023229  0.000000  0.217762  0.137970
  0.131111  0.158924  0.151875
s_putorius  0.187784  0.166038  0.217762  0.217762  0.000000  0.195171
  0.173219  0.233194  0.298122
c_lupus     0.091221  0.110901  0.144891  0.137970  0.195171  0.000000
  0.017351  0.124315  0.173219
c_latrans   0.110901  0.104284  0.137970  0.131111  0.173219  0.017351
  0.000000  0.117578  0.195171
p_lotor     0.158924  0.151875  0.158924  0.158924  0.233194  0.124315
  0.117578  0.000000  0.210159
l_rufus     0.144891  0.151875  0.151875  0.151875  0.298122  0.173219
  0.195171  0.210159  0.000000
    9
u_american  0.000000  0.035131  0.084774  0.078383  0.124315  0.035131
  0.053356  0.131111  0.104284
u_arctos    0.035131  0.000000  0.059533  0.053356  0.097724  0.059533
  0.041155  0.117578  0.131111
g_gulo      0.084774  0.059533  0.000000  0.035131  0.117578  0.065763
  0.047230  0.104284  0.110901
m_pennanti  0.078383  0.053356  0.035131  0.000000  0.110901  0.053356
  0.035131  0.104284  0.110901
s_putorius  0.124315  0.097724  0.117578  0.110901  0.000000  0.104284
  0.084774  0.166038  0.173219
c_lupus     0.035131  0.059533  0.065763  0.053356  0.104284  0.000000
  0.017351  0.104284  0.091221
c_latrans   0.053356  0.041155  0.047230  0.035131  0.084774  0.017351
  0.000000  0.084774  0.110901
p_lotor     0.131111  0.117578  0.104284  0.104284  0.166038  0.104284
  0.084774  0.000000  0.144891
l_rufus     0.104284  0.131111  0.110901  0.110901  0.173219  0.091221
  0.110901  0.144891  0.000000
    9
u_american  0.000000  0.023229  0.053356  0.053356  0.144891  0.072046
  0.078383  0.158924  0.124315
u_arctos    0.023229  0.000000  0.053356  0.053356  0.144891  0.084774
  0.078383  0.158924  0.151875
g_gulo      0.053356  0.053356  0.000000  0.023229  0.158924  0.084774
  0.078383  0.144891  0.124315
m_pennanti  0.053356  0.053356  0.023229  0.000000  0.158924  0.065763
  0.059533  0.131111  0.110901
s_putorius  0.144891  0.144891  0.158924  0.158924  0.000000  0.180467
  0.173219  0.225440  0.217762
c_lupus     0.072046  0.084774  0.084774  0.065763  0.180467  0.000000
  0.005737  0.124315  0.110901
c_latrans   0.078383  0.078383  0.078383  0.059533  0.173219  0.005737
  0.000000  0.117578  0.117578
p_lotor     0.158924  0.158924  0.144891  0.131111  0.225440  0.124315
  0.117578  0.000000  0.166038
l_rufus     0.124315  0.151875  0.124315  0.110901  0.217762  0.110901
  0.117578  0.166038  0.000000
    9
u_american  0.000000  0.029156  0.065763  0.053356  0.151875  0.091221
  0.110901  0.202629  0.173219
u_arctos    0.029156  0.000000  0.047230  0.035131  0.131111  0.110901
  0.117578  0.210159  0.180467
g_gulo      0.065763  0.047230  0.000000  0.023229  0.137970  0.104284
  0.110901  0.173219  0.158924
m_pennanti  0.053356  0.035131  0.023229  0.000000  0.124315  0.084774
  0.091221  0.173219  0.158924
s_putorius  0.151875  0.131111  0.137970  0.124315  0.000000  0.166038
  0.144891  0.273149  0.225440
c_lupus     0.091221  0.110901  0.104284  0.084774  0.166038  0.000000
  0.017351  0.202629  0.166038
c_latrans   0.110901  0.117578  0.110901  0.091221  0.144891  0.017351
  0.000000  0.210159  0.187784
p_lotor     0.202629  0.210159  0.173219  0.173219  0.273149  0.202629
  0.210159  0.000000  0.256924
l_rufus     0.173219  0.180467  0.158924  0.158924  0.225440  0.166038
  0.187784  0.256924  0.000000
    9
u_american  0.000000  0.011521  0.078383  0.072046  0.091221  0.072046
  0.072046  0.180467  0.151875
u_arctos    0.011521  0.000000  0.065763  0.059533  0.078383  0.059533
  0.059533  0.166038  0.166038
g_gulo      0.078383  0.065763  0.000000  0.035131  0.131111  0.084774
  0.084774  0.166038  0.151875
m_pennanti  0.072046  0.059533  0.035131  0.000000  0.124315  0.072046
  0.072046  0.195171  0.180467
s_putorius  0.091221  0.078383  0.131111  0.124315  0.000000  0.097724
  0.097724  0.180467  0.210159
c_lupus     0.072046  0.059533  0.084774  0.072046  0.097724  0.000000
 -0.000000  0.117578  0.158924
c_latrans   0.072046  0.059533  0.084774  0.072046  0.097724 -0.000000
  0.000000  0.117578  0.158924
p_lotor     0.180467  0.166038  0.166038  0.195171  0.180467  0.117578
  0.117578  0.000000  0.166038
l_rufus     0.151875  0.166038  0.151875  0.180467  0.210159  0.158924
  0.158924  0.166038  0.000000
    9
u_american  0.000000  0.011521  0.091221  0.091221  0.151875  0.104284
  0.117578  0.166038  0.187784
u_arctos    0.011521  0.000000  0.078383  0.078383  0.137970  0.117578
  0.104284  0.151875  0.202629
g_gulo      0.091221  0.078383  0.000000  0.053356  0.217762  0.137970
  0.124315  0.131111  0.158924
m_pennanti  0.091221  0.078383  0.053356  0.000000  0.217762  0.137970
  0.124315  0.151875  0.180467
s_putorius  0.151875  0.137970  0.217762  0.217762  0.000000  0.173219
  0.158924  0.202629  0.281387
c_lupus     0.104284  0.117578  0.137970  0.137970  0.173219  0.000000
  0.011521  0.144891  0.131111
c_latrans   0.117578  0.104284  0.124315  0.124315  0.158924  0.011521
  0.000000  0.131111  0.144891
p_lotor     0.166038  0.151875  0.131111  0.151875  0.202629  0.144891
  0.131111  0.000000  0.180467
l_rufus     0.187784  0.202629  0.158924  0.180467  0.281387  0.131111
  0.144891  0.180467  0.000000
    9
u_american  0.000000  0.035131  0.097724  0.084774  0.137970  0.072046
  0.084774  0.137970  0.137970
u_arctos    0.035131  0.000000  0.072046  0.059533  0.110901  0.110901
  0.097724  0.151875  0.137970
g_gulo      0.097724  0.072046  0.000000  0.011521  0.151875  0.110901
  0.097724  0.151875  0.131111
m_pennanti  0.084774  0.059533  0.011521  0.000000  0.137970  0.097724
  0.084774  0.137970  0.117578
s_putorius  0.137970  0.110901  0.151875  0.137970  0.000000  0.131111
  0.117578  0.173219  0.195171
c_lupus     0.072046  0.110901  0.110901  0.097724  0.131111  0.000000
  0.011521  0.104284  0.110901
c_latrans   0.084774  0.097724  0.097724  0.084774  0.117578  0.011521
  0.000000  0.091221  0.124315
p_lotor     0.137970  0.151875  0.151875  0.137970  0.173219  0.104284
  0.091221  0.000000  0.166038
l_rufus     0.137970  0.137970  0.131111  0.117578  0.195171  0.110901
  0.124315  0.166038  0.000000
    9
u_american  0.000000  0.023229  0.084774  0.072046  0.097724  0.072046
  0.084774  0.104284  0.137970
u_arctos    0.023229  0.000000  0.097724  0.084774  0.110901  0.084774
  0.097724  0.117578  0.166038
g_gulo      0.084774  0.097724  0.000000  0.047230  0.144891  0.091221
  0.104284  0.078383  0.097724
m_pennanti  0.072046  0.084774  0.047230  0.000000  0.131111  0.072046
  0.084774  0.091221  0.110901
s_putorius  0.097724  0.110901  0.144891  0.131111  0.000000  0.097724
  0.084774  0.151875  0.187784
c_lupus     0.072046  0.084774  0.091221  0.072046  0.097724  0.000000
  0.011521  0.097724  0.104284
c_latrans   0.084774  0.097724  0.104284  0.084774  0.084774  0.011521
  0.000000  0.110901  0.117578
p_lotor     0.104284  0.117578  0.078383  0.091221  0.151875  0.097724
  0.110901  0.000000  0.110901
l_rufus     0.137970  0.166038  0.097724  0.110901  0.187784  0.104284
  0.117578  0.110901  0.000000
    9
u_american  0.000000  0.011521  0.072046  0.065763  0.144891  0.084774
  0.104284  0.180467  0.117578
u_arctos    0.011521  0.000000  0.059533  0.053356  0.131111  0.084774
  0.104284  0.180467  0.117578
g_gulo      0.072046  0.059533  0.000000  0.041155  0.131111  0.084774
  0.104284  0.124315  0.078383
m_pennanti  0.065763  0.053356  0.041155  0.000000  0.124315  0.065763
  0.084774  0.144891  0.097724
s_putorius  0.144891  0.131111  0.131111  0.124315  0.000000  0.097724
  0.078383  0.195171  0.173219
c_lupus     0.084774  0.084774  0.084774  0.065763  0.097724  0.000000
  0.017351  0.104284  0.131111
c_latrans   0.104284  0.104284  0.104284  0.084774  0.078383  0.017351
  0.000000  0.124315  0.151875
p_lotor     0.180467  0.180467  0.124315  0.144891  0.195171  0.104284
  0.124315  0.000000  0.144891
l_rufus     0.117578  0.117578  0.078383  0.097724  0.173219  0.131111
  0.151875  0.144891  0.000000
    9
u_american  0.000000  0.011521  0.053356  0.053356  0.131111  0.084774
  0.091221  0.137970  0.124315
u_arctos    0.011521  0.000000  0.041155  0.041155  0.117578  0.097724
  0.104284  0.151875  0.110901
g_gulo      0.053356  0.041155  0.000000  0.017351  0.158924  0.097724
  0.104284  0.144891  0.084774
m_pennanti  0.053356  0.041155  0.017351  0.000000  0.158924  0.091221
  0.097724  0.151875  0.091221
s_putorius  0.131111  0.117578  0.158924  0.158924  0.000000  0.158924
  0.151875  0.248935  0.202629
c_lupus     0.084774  0.097724  0.097724  0.091221  0.158924  0.000000
  0.005737  0.137970  0.117578
c_latrans   0.091221  0.104284  0.104284  0.097724  0.151875  0.005737
  0.000000  0.144891  0.124315
p_lotor     0.137970  0.151875  0.144891  0.151875  0.248935  0.137970
  0.144891  0.000000  0.166038
l_rufus     0.124315  0.110901  0.084774  0.091221  0.202629  0.117578
  0.124315  0.166038  0.000000
    9
u_american  0.000000  0.023229  0.072046  0.065763  0.110901  0.065763
  0.078383  0.110901  0.151875
u_arctos    0.023229  0.000000  0.047230  0.041155  0.084774  0.065763
  0.053356  0.084774  0.180467
g_gulo      0.072046  0.047230  0.000000  0.017351  0.104284  0.084774
  0.072046  0.078383  0.187784
m_pennanti  0.065763  0.041155  0.017351  0.000000  0.097724  0.072046
  0.059533  0.084774  0.195171
s_putorius  0.110901  0.084774  0.104284  0.097724  0.000000  0.078383
  0.065763  0.110901  0.202629
c_lupus     0.065763  0.065763  0.084774  0.072046  0.078383  0.000000
  0.011521  0.078383  0.151875
c_latrans   0.078383  0.053356  0.072046  0.059533  0.065763  0.011521
  0.000000  0.065763  0.166038
p_lotor     0.110901  0.084774  0.078383  0.084774  0.110901  0.078383
  0.065763  0.000000  0.166038
l_rufus     0.151875  0.180467  0.187784  0.195171  0.202629  0.151875
  0.166038  0.166038  0.000000
    9
u_american  0.000000  0.029156  0.078383  0.065763  0.217762  0.110901
  0.151875  0.131111  0.166038
u_arctos    0.029156  0.000000  0.072046  0.059533  0.210159  0.144891
  0.158924  0.137970  0.187784
g_gulo      0.078383  0.072046  0.000000  0.023229  0.225440  0.144891
  0.158924  0.124315  0.187784
m_pennanti  0.065763  0.059533  0.023229  0.000000  0.210159  0.117578
  0.131111  0.110901  0.173219
s_putorius  0.217762  0.210159  0.225440  0.210159  0.000000  0.202629
  0.158924  0.241025  0.315214
c_lupus     0.110901  0.144891  0.144891  0.117578  0.202629  0.000000
  0.035131  0.097724  0.144891
c_latrans   0.151875  0.158924  0.158924  0.131111  0.158924  0.035131
  0.000000  0.110901  0.187784
p_lotor     0.131111  0.137970  0.124315  0.110901  0.241025  0.097724
  0.110901  0.000000  0.195171
l_rufus     0.166038  0.187784  0.187784  0.173219  0.315214  0.144891
  0.187784  0.195171  0.000000
    9
u_american  0.000000  0.023229  0.151875  0.131111  0.131111  0.117578
  0.124315  0.217762  0.180467
u_arctos    0.023229  0.000000  0.124315  0.104284  0.104284  0.117578
  0.124315  0.217762  0.180467
g_gulo      0.151875  0.124315  0.000000  0.041155  0.195171  0.124315
  0.131111  0.158924  0.104284
m_pennanti  0.131111  0.104284  0.041155  0.000000  0.173219  0.097724
  0.104284  0.180467  0.124315
s_putorius  0.131111  0.104284  0.195171  0.173219  0.000000  0.158924
  0.151875  0.256924  0.241025
c_lupus     0.117578  0.117578  0.124315  0.097724  0.158924  0.000000
  0.005737  0.158924  0.144891
c_latrans   0.124315  0.124315  0.131111  0.104284  0.151875  0.005737
  0.000000  0.166038  0.151875
p_lotor     0.217762  0.217762  0.158924  0.180467  0.256924  0.158924
  0.166038  0.000000  0.158924
l_rufus     0.180467  0.180467  0.104284  0.124315  0.241025  0.144891
  0.151875  0.158924  0.000000
    9
u_american  0.000000  0.047230  0.097724  0.091221  0.166038  0.091221
  0.117578  0.180467  0.117578
u_arctos    0.047230  0.000000  0.072046  0.065763  0.137970  0.117578
  0.104284  0.166038  0.158924
g_gulo      0.097724  0.072046  0.000000  0.029156  0.173219  0.137970
  0.124315  0.166038  0.131111
m_pennanti  0.091221  0.065763  0.029156  0.000000  0.166038  0.124315
  0.110901  0.173219  0.137970
s_putorius  0.166038  0.137970  0.173219  0.166038  0.000000  0.131111
  0.104284  0.195171  0.233194
c_lupus     0.091221  0.117578  0.137970  0.124315  0.131111  0.000000
  0.023229  0.158924  0.131111
c_latrans   0.117578  0.104284  0.124315  0.110901  0.104284  0.023229
  0.000000  0.144891  0.158924
p_lotor     0.180467  0.166038  0.166038  0.173219  0.195171  0.158924
  0.144891  0.000000  0.202629
l_rufus     0.117578  0.158924  0.131111  0.137970  0.233194  0.131111
  0.158924  0.202629  0.000000
    9
u_american  0.000000  0.011521  0.091221  0.091221  0.072046  0.065763
  0.072046  0.117578  0.124315
u_arctos    0.011521  0.000000  0.091221  0.091221  0.072046  0.078383
  0.072046  0.117578  0.137970
g_gulo      0.091221  0.091221  0.000000  0.041155  0.117578  0.097724
  0.091221  0.117578  0.131111
m_pennanti  0.091221  0.091221  0.041155  0.000000  0.117578  0.084774
  0.078383  0.110901  0.124315
s_putorius  0.072046  0.072046  0.117578  0.117578  0.000000  0.059533
  0.053356  0.124315  0.144891
c_lupus     0.065763  0.078383  0.097724  0.084774  0.059533  0.000000
  0.005737  0.097724  0.104284
c_latrans   0.072046  0.072046  0.091221  0.078383  0.053356  0.005737
  0.000000  0.091221  0.110901
p_lotor     0.117578  0.117578  0.117578  0.110901  0.124315  0.097724
  0.091221  0.000000  0.137970
l_rufus     0.124315  0.137970  0.131111  0.124315  0.144891  0.104284
  0.110901  0.137970  0.000000
    9
u_american  0.000000  0.017351  0.065763  0.053356  0.104284  0.053356
  0.078383  0.124315  0.110901
u_arctos    0.017351  0.000000  0.072046  0.059533  0.110901  0.072046
  0.084774  0.131111  0.131111
g_gulo      0.065763  0.072046  0.000000  0.035131  0.124315  0.072046
  0.084774  0.110901  0.124315
m_pennanti  0.053356  0.059533  0.035131  0.000000  0.110901  0.047230
  0.059533  0.097724  0.110901
s_putorius  0.104284  0.110901  0.124315  0.110901  0.000000  0.110901
  0.084774  0.151875  0.158924
c_lupus     0.053356  0.072046  0.072046  0.047230  0.110901  0.000000
  0.023229  0.084774  0.104284
c_latrans   0.078383  0.084774  0.084774  0.059533  0.084774  0.023229
  0.000000  0.097724  0.131111
p_lotor     0.124315  0.131111  0.110901  0.097724  0.151875  0.084774
  0.097724  0.000000  0.124315
l_rufus     0.110901  0.131111  0.124315  0.110901  0.158924  0.104284
  0.131111  0.124315  0.000000
    9
u_american  0.000000  0.005737  0.091221  0.072046  0.110901  0.059533
  0.059533  0.137970  0.144891
u_arctos    0.005737  0.000000  0.097724  0.078383  0.117578  0.065763
  0.065763  0.144891  0.151875
g_gulo      0.091221  0.097724  0.000000  0.053356  0.202629  0.117578
  0.117578  0.110901  0.091221
m_pennanti  0.072046  0.078383  0.053356  0.000000  0.180467  0.084774
  0.084774  0.131111  0.110901
s_putorius  0.110901  0.117578  0.202629  0.180467  0.000000  0.131111
  0.131111  0.225440  0.256924
c_lupus     0.059533  0.065763  0.117578  0.084774  0.131111  0.000000
 -0.000000  0.131111  0.117578
c_latrans   0.059533  0.065763  0.117578  0.084774  0.131111 -0.000000
  0.000000  0.131111  0.117578
p_lotor     0.137970  0.144891  0.110901  0.131111  0.225440  0.131111
  0.131111  0.000000  0.097724
l_rufus     0.144891  0.151875  0.091221  0.110901  0.256924  0.117578
  0.117578  0.097724  0.000000
    9
u_american  0.000000  0.035131  0.110901  0.084774  0.151875  0.097724
  0.110901  0.144891  0.195171
u_arctos    0.035131  0.000000  0.097724  0.072046  0.137970  0.137970
  0.137970  0.173219  0.195171
g_gulo      0.110901  0.097724  0.000000  0.035131  0.173219  0.144891
  0.144891  0.144891  0.158924
m_pennanti  0.084774  0.072046  0.035131  0.000000  0.144891  0.110901
  0.110901  0.144891  0.158924
s_putorius  0.151875  0.137970  0.173219  0.144891  0.000000  0.137970
  0.124315  0.195171  0.233194
c_lupus     0.097724  0.137970  0.144891  0.110901  0.137970  0.000000
  0.011521  0.097724  0.195171
c_latrans   0.110901  0.137970  0.144891  0.110901  0.124315  0.011521
  0.000000  0.097724  0.210159
p_lotor     0.144891  0.173219  0.144891  0.144891  0.195171  0.097724
  0.097724  0.000000  0.195171
l_rufus     0.195171  0.195171  0.158924  0.158924  0.233194  0.195171
  0.210159  0.195171  0.000000
    9
u_american  0.000000  0.029156  0.084774  0.078383  0.137970  0.078383
  0.091221  0.124315  0.097724
u_arctos    0.029156  0.000000  0.065763  0.059533  0.117578  0.072046
  0.084774  0.117578  0.117578
g_gulo      0.084774  0.065763  0.000000  0.011521  0.158924  0.084774
  0.097724  0.110901  0.084774
m_pennanti  0.078383  0.059533  0.011521  0.000000  0.151875  0.072046
  0.084774  0.110901  0.084774
s_putorius  0.137970  0.117578  0.158924  0.151875  0.000000  0.131111
  0.117578  0.195171  0.225440
c_lupus     0.078383  0.072046  0.084774  0.072046  0.131111  0.000000
  0.011521  0.091221  0.117578
c_latrans   0.091221  0.084774  0.097724  0.084774  0.117578  0.011521
  0.000000  0.104284  0.131111
p_lotor     0.124315  0.117578  0.110901  0.110901  0.195171  0.091221
  0.104284  0.000000  0.117578
l_rufus     0.097724  0.117578  0.084774  0.084774  0.225440  0.117578
  0.131111  0.117578  0.000000
    9
u_american  0.000000  0.011521  0.072046  0.072046  0.084774  0.065763
  0.065763  0.166038  0.110901
u_arctos    0.011521  0.000000  0.084774  0.084774  0.097724  0.078383
  0.078383  0.180467  0.124315
g_gulo      0.072046  0.084774  0.000000  0.035131  0.131111  0.084774
  0.084774  0.110901  0.065763
m_pennanti  0.072046  0.084774  0.035131  0.000000  0.131111  0.078383
  0.078383  0.137970  0.091221
s_putorius  0.084774  0.097724  0.131111  0.131111  0.000000  0.072046
  0.072046  0.158924  0.166038
c_lupus     0.065763  0.078383  0.084774  0.078383  0.072046  0.000000
 -0.000000  0.110901  0.117578
c_latrans   0.065763  0.078383  0.084774  0.078383  0.072046 -0.000000
  0.000000  0.110901  0.117578
p_lotor     0.166038  0.180467  0.110901  0.137970  0.158924  0.110901
  0.110901  0.000000  0.110901
l_rufus     0.110901  0.124315  0.065763  0.091221  0.166038  0.117578
  0.117578  0.110901  0.000000
    9
u_american  0.000000  0.029156  0.084774  0.084774  0.144891  0.091221
  0.104284  0.124315  0.104284
u_arctos    0.029156  0.000000  0.053356  0.053356  0.110901  0.110901
  0.097724  0.117578  0.110901
g_gulo      0.084774  0.053356  0.000000  0.041155  0.158924  0.117578
  0.104284  0.104284  0.084774
m_pennanti  0.084774  0.053356  0.041155  0.000000  0.158924  0.104284
  0.091221  0.110901  0.091221
s_putorius  0.144891  0.110901  0.158924  0.158924  0.000000  0.151875
  0.137970  0.180467  0.187784
c_lupus     0.091221  0.110901  0.117578  0.104284  0.151875  0.000000
  0.011521  0.097724  0.110901
c_latrans   0.104284  0.097724  0.104284  0.091221  0.137970  0.011521
  0.000000  0.084774  0.124315
p_lotor     0.124315  0.117578  0.104284  0.110901  0.180467  0.097724
  0.084774  0.000000  0.131111
l_rufus     0.104284  0.110901  0.084774  0.091221  0.187784  0.110901
  0.124315  0.131111  0.000000
    9
u_american  0.000000  0.017351  0.084774  0.078383  0.144891  0.117578
  0.137970  0.151875  0.187784
u_arctos    0.017351  0.000000  0.065763  0.059533  0.124315  0.124315
  0.144891  0.158924  0.180467
g_gulo      0.084774  0.065763  0.000000  0.035131  0.173219  0.144891
  0.166038  0.158924  0.158924
m_pennanti  0.078383  0.059533  0.035131  0.000000  0.166038  0.137970
  0.158924  0.173219  0.173219
s_putorius  0.144891  0.124315  0.173219  0.166038  0.000000  0.137970
  0.117578  0.187784  0.202629
c_lupus     0.117578  0.124315  0.144891  0.137970  0.137970  0.000000
  0.017351  0.166038  0.187784
c_latrans   0.137970  0.144891  0.166038  0.158924  0.117578  0.017351
  0.000000  0.187784  0.210159
p_lotor     0.151875  0.158924  0.158924  0.173219  0.187784  0.166038
  0.187784  0.000000  0.202629
l_rufus     0.187784  0.180467  0.158924  0.173219  0.202629  0.187784
  0.210159  0.202629  0.000000
    9
u_american  0.000000  0.023229  0.078383  0.091221  0.110901  0.059533
  0.065763  0.124315  0.137970
u_arctos    0.023229  0.000000  0.053356  0.065763  0.084774  0.072046
  0.065763  0.124315  0.137970
g_gulo      0.078383  0.053356  0.000000  0.041155  0.137970  0.097724
  0.091221  0.158924  0.144891
m_pennanti  0.091221  0.065763  0.041155  0.000000  0.151875  0.104284
  0.097724  0.166038  0.151875
s_putorius  0.110901  0.084774  0.137970  0.151875  0.000000  0.124315
  0.117578  0.202629  0.187784
c_lupus     0.059533  0.072046  0.097724  0.104284  0.124315  0.000000
  0.005737  0.124315  0.110901
c_latrans   0.065763  0.065763  0.091221  0.097724  0.117578  0.005737
  0.000000  0.117578  0.117578
p_lotor     0.124315  0.124315  0.158924  0.166038  0.202629  0.124315
  0.117578  0.000000  0.225440
l_rufus     0.137970  0.137970  0.144891  0.151875  0.187784  0.110901
  0.117578  0.225440  0.000000
    9
u_american  0.000000  0.011521  0.084774  0.078383  0.091221  0.053356
  0.059533  0.137970  0.104284
u_arctos    0.011521  0.000000  0.072046  0.065763  0.078383  0.053356
  0.059533  0.137970  0.104284
g_gulo      0.084774  0.072046  0.000000  0.072046  0.124315  0.097724
  0.104284  0.117578  0.072046
m_pennanti  0.078383  0.065763  0.072046  0.000000  0.117578  0.072046
  0.078383  0.131111  0.084774
s_putorius  0.091221  0.078383  0.124315  0.117578  0.000000  0.078383
  0.072046  0.166038  0.151875
c_lupus     0.053356  0.053356  0.097724  0.072046  0.078383  0.000000
  0.005737  0.104284  0.110901
c_latrans   0.059533  0.059533  0.104284  0.078383  0.072046  0.005737
  0.000000  0.110901  0.117578
p_lotor     0.137970  0.137970  0.117578  0.131111  0.166038  0.104284
  0.110901  0.000000  0.110901
l_rufus     0.104284  0.104284  0.072046  0.084774  0.151875  0.110901
  0.117578  0.110901  0.000000
    9
u_american  0.000000  0.035131  0.091221  0.091221  0.137970  0.065763
  0.097724  0.158924  0.173219
u_arctos    0.035131  0.000000  0.065763  0.065763  0.110901  0.091221
  0.097724  0.158924  0.187784
g_gulo      0.091221  0.065763  0.000000  0.011521  0.151875  0.091221
  0.097724  0.124315  0.131111
m_pennanti  0.091221  0.065763  0.011521  0.000000  0.151875  0.084774
  0.091221  0.124315  0.131111
s_putorius  0.137970  0.110901  0.151875  0.151875  0.000000  0.137970
  0.104284  0.195171  0.233194
c_lupus     0.065763  0.091221  0.091221  0.084774  0.137970  0.000000
  0.029156  0.137970  0.180467
c_latrans   0.097724  0.097724  0.097724  0.091221  0.104284  0.029156
  0.000000  0.144891  0.217762
p_lotor     0.158924  0.158924  0.124315  0.124315  0.195171  0.137970
  0.144891  0.000000  0.173219
l_rufus     0.173219  0.187784  0.131111  0.131111  0.233194  0.180467
  0.217762  0.173219  0.000000
    9
u_american  0.000000  0.023229  0.104284  0.091221  0.097724  0.078383
  0.097724  0.144891  0.117578
u_arctos    0.023229  0.000000  0.091221  0.078383  0.084774  0.091221
  0.084774  0.131111  0.144891
g_gulo      0.104284  0.091221  0.000000  0.023229  0.144891  0.124315
  0.117578  0.110901  0.110901
m_pennanti  0.091221  0.078383  0.023229  0.000000  0.131111  0.110901
  0.104284  0.137970  0.137970
s_putorius  0.097724  0.084774  0.144891  0.131111  0.000000  0.104284
  0.084774  0.151875  0.187784
c_lupus     0.078383  0.091221  0.124315  0.110901  0.104284  0.000000
  0.017351  0.131111  0.137970
c_latrans   0.097724  0.084774  0.117578  0.104284  0.084774  0.017351
  0.000000  0.124315  0.158924
p_lotor     0.144891  0.131111  0.110901  0.137970  0.151875  0.131111
  0.124315  0.000000  0.144891
l_rufus     0.117578  0.144891  0.110901  0.137970  0.187784  0.137970
  0.158924  0.144891  0.000000
    9
u_american  0.000000  0.011521  0.091221  0.084774  0.097724  0.065763
  0.078383  0.097724  0.124315
u_arctos    0.011521  0.000000  0.078383  0.072046  0.084774  0.078383
  0.091221  0.110901  0.110901
g_gulo      0.091221  0.078383  0.000000  0.023229  0.137970  0.091221
  0.104284  0.110901  0.104284
m_pennanti  0.084774  0.072046  0.023229  0.000000  0.131111  0.078383
  0.091221  0.110901  0.104284
s_putorius  0.097724  0.084774  0.137970  0.131111  0.000000  0.117578
  0.104284  0.131111  0.151875
c_lupus     0.065763  0.078383  0.091221  0.078383  0.117578  0.000000
  0.011521  0.091221  0.091221
c_latrans   0.078383  0.091221  0.104284  0.091221  0.104284  0.011521
  0.000000  0.104284  0.104284
p_lotor     0.097724  0.110901  0.110901  0.110901  0.131111  0.091221
  0.104284  0.000000  0.117578
l_rufus     0.124315  0.110901  0.104284  0.104284  0.151875  0.091221
  0.104284  0.117578  0.000000
    9
u_american  0.000000  0.035131  0.151875  0.144891  0.151875  0.097724
  0.097724  0.151875  0.158924
u_arctos    0.035131  0.000000  0.110901  0.104284  0.110901  0.084774
  0.084774  0.137970  0.173219
g_gulo      0.151875  0.110901  0.000000  0.065763  0.187784  0.144891
  0.144891  0.104284  0.110901
m_pennanti  0.144891  0.104284  0.065763  0.000000  0.180467  0.117578
  0.117578  0.137970  0.144891
s_putorius  0.151875  0.110901  0.187784  0.180467  0.000000  0.124315
  0.124315  0.187784  0.241025
c_lupus     0.097724  0.084774  0.144891  0.117578  0.124315  0.000000
 -0.000000  0.131111  0.158924
c_latrans   0.097724  0.084774  0.144891  0.117578  0.124315 -0.000000
  0.000000  0.131111  0.158924
p_lotor     0.151875  0.137970  0.104284  0.137970  0.187784  0.131111
  0.131111  0.000000  0.151875
l_rufus     0.158924  0.173219  0.110901  0.144891  0.241025  0.158924
  0.158924  0.151875  0.000000
    9
u_american  0.000000  0.023229  0.091221  0.078383  0.131111  0.065763
  0.078383  0.137970  0.097724
u_arctos    0.023229  0.000000  0.065763  0.053356  0.104284  0.078383
  0.065763  0.124315  0.110901
g_gulo      0.091221  0.065763  0.000000  0.029156  0.151875  0.110901
  0.097724  0.104284  0.104284
m_pennanti  0.078383  0.053356  0.029156  0.000000  0.137970  0.097724
  0.084774  0.124315  0.124315
s_putorius  0.131111  0.104284  0.151875  0.137970  0.000000  0.144891
  0.131111  0.195171  0.210159
c_lupus     0.065763  0.078383  0.110901  0.097724  0.144891  0.000000
  0.011521  0.110901  0.131111
c_latrans   0.078383  0.065763  0.097724  0.084774  0.131111  0.011521
  0.000000  0.097724  0.144891
p_lotor     0.137970  0.124315  0.104284  0.124315  0.195171  0.110901
  0.097724  0.000000  0.131111
l_rufus     0.097724  0.110901  0.104284  0.124315  0.210159  0.131111
  0.144891  0.131111  0.000000
    9
u_american  0.000000  0.029156  0.053356  0.047230  0.173219  0.110901
  0.124315  0.131111  0.151875
u_arctos    0.029156  0.000000  0.047230  0.041155  0.166038  0.131111
  0.144891  0.151875  0.158924
g_gulo      0.053356  0.047230  0.000000  0.029156  0.166038  0.117578
  0.131111  0.110901  0.117578
m_pennanti  0.047230  0.041155  0.029156  0.000000  0.158924  0.097724
  0.110901  0.117578  0.124315
s_putorius  0.173219  0.166038  0.166038  0.158924  0.000000  0.131111
  0.117578  0.225440  0.241025
c_lupus     0.110901  0.131111  0.117578  0.097724  0.131111  0.000000
  0.011521  0.124315  0.151875
c_latrans   0.124315  0.144891  0.131111  0.110901  0.117578  0.011521
  0.000000  0.137970  0.166038
p_lotor     0.131111  0.151875  0.110901  0.117578  0.225440  0.124315
  0.137970  0.000000  0.187784
l_rufus     0.151875  0.158924  0.117578  0.124315  0.241025  0.151875
  0.166038  0.187784  0.000000
    9
u_american  0.000000  0.029156  0.104284  0.091221  0.151875  0.078383
  0.091221  0.131111  0.151875
u_arctos    0.029156  0.000000  0.072046  0.059533  0.117578  0.084774
  0.072046  0.110901  0.173219
g_gulo      0.104284  0.072046  0.000000  0.035131  0.187784  0.124315
  0.110901  0.084774  0.117578
m_pennanti  0.091221  0.059533  0.035131  0.000000  0.173219  0.110901
  0.097724  0.124315  0.158924
s_putorius  0.151875  0.117578  0.187784  0.173219  0.000000  0.144891
  0.131111  0.187784  0.233194
c_lupus     0.078383  0.084774  0.124315  0.110901  0.144891  0.000000
  0.011521  0.131111  0.151875
c_latrans   0.091221  0.072046  0.110901  0.097724  0.131111  0.011521
  0.000000  0.117578  0.166038
p_lotor     0.131111  0.110901  0.084774  0.124315  0.187784  0.131111
  0.117578  0.000000  0.137970
l_rufus     0.151875  0.173219  0.117578  0.158924  0.233194  0.151875
  0.166038  0.137970  0.000000
    9
u_american  0.000000  0.023229  0.097724  0.104284  0.144891  0.110901
  0.124315  0.187784  0.225440
u_arctos    0.023229  0.000000  0.084774  0.091221  0.131111  0.137970
  0.124315  0.187784  0.241025
g_gulo      0.097724  0.084774  0.000000  0.047230  0.187784  0.151875
  0.137970  0.151875  0.180467
m_pennanti  0.104284  0.091221  0.047230  0.000000  0.195171  0.144891
  0.131111  0.180467  0.210159
s_putorius  0.144891  0.131111  0.187784  0.195171  0.000000  0.180467
  0.166038  0.256924  0.273149
c_lupus     0.110901  0.137970  0.151875  0.144891  0.180467  0.000000
  0.011521  0.173219  0.144891
c_latrans   0.124315  0.124315  0.137970  0.131111  0.166038  0.011521
  0.000000  0.158924  0.158924
p_lotor     0.187784  0.187784  0.151875  0.180467  0.256924  0.173219
  0.158924  0.000000  0.202629
l_rufus     0.225440  0.241025  0.180467  0.210159  0.273149  0.144891
  0.158924  0.202629  0.000000
    9
u_american  0.000000  0.035131  0.110901  0.104284  0.124315  0.097724
  0.117578  0.151875  0.131111
u_arctos    0.035131  0.000000  0.084774  0.078383  0.097724  0.124315
  0.104284  0.137970  0.158924
g_gulo      0.110901  0.084774  0.000000  0.017351  0.151875  0.124315
  0.104284  0.117578  0.117578
m_pennanti  0.104284  0.078383  0.017351  0.000000  0.144891  0.117578
  0.097724  0.124315  0.124315
s_putorius  0.124315  0.097724  0.151875  0.144891  0.000000  0.151875
  0.131111  0.144891  0.202629
c_lupus     0.097724  0.124315  0.124315  0.117578  0.151875  0.000000
  0.017351  0.124315  0.131111
c_latrans   0.117578  0.104284  0.104284  0.097724  0.131111  0.017351
  0.000000  0.104284  0.151875
p_lotor     0.151875  0.137970  0.117578  0.124315  0.144891  0.124315
  0.104284  0.000000  0.158924
l_rufus     0.131111  0.158924  0.117578  0.124315  0.202629  0.131111
  0.151875  0.158924  0.000000
    9
u_american  0.000000  0.047230  0.104284  0.117578  0.166038  0.091221
  0.104284  0.173219  0.166038
u_arctos    0.047230  0.000000  0.065763  0.078383  0.124315  0.117578
  0.117578  0.187784  0.166038
g_gulo      0.104284  0.065763  0.000000  0.029156  0.144891  0.110901
  0.110901  0.173219  0.144891
m_pennanti  0.117578  0.078383  0.029156  0.000000  0.158924  0.110901
  0.110901  0.180467  0.151875
s_putorius  0.166038  0.124315  0.144891  0.158924  0.000000  0.151875
  0.137970  0.202629  0.241025
c_lupus     0.091221  0.117578  0.110901  0.110901  0.151875  0.000000
  0.011521  0.131111  0.173219
c_latrans   0.104284  0.117578  0.110901  0.110901  0.137970  0.011521
  0.000000  0.131111  0.187784
p_lotor     0.173219  0.187784  0.173219  0.180467  0.202629  0.131111
  0.131111  0.000000  0.233194
l_rufus     0.166038  0.166038  0.144891  0.151875  0.241025  0.173219
  0.187784  0.233194  0.000000
    9
u_american  0.000000  0.017351  0.059533  0.059533  0.173219  0.065763
  0.065763  0.131111  0.097724
u_arctos    0.017351  0.000000  0.053356  0.053356  0.166038  0.072046
  0.072046  0.137970  0.104284
g_gulo      0.059533  0.053356  0.000000  0.035131  0.202629  0.091221
  0.091221  0.117578  0.078383
m_pennanti  0.059533  0.053356  0.035131  0.000000  0.202629  0.078383
  0.078383  0.131111  0.091221
s_putorius  0.173219  0.166038  0.202629  0.202629  0.000000  0.180467
  0.180467  0.233194  0.202629
c_lupus     0.065763  0.072046  0.091221  0.078383  0.180467  0.000000
 -0.000000  0.117578  0.117578
c_latrans   0.065763  0.072046  0.091221  0.078383  0.180467 -0.000000
  0.000000  0.117578  0.117578
p_lotor     0.131111  0.137970  0.117578  0.131111  0.233194  0.117578
  0.117578  0.000000  0.110901
l_rufus     0.097724  0.104284  0.078383  0.091221  0.202629  0.117578
  0.117578  0.110901  0.000000
    9
u_american  0.000000  0.017351  0.084774  0.084774  0.166038  0.091221
  0.104284  0.166038  0.124315
u_arctos    0.017351  0.000000  0.065763  0.065763  0.144891  0.084774
  0.084774  0.144891  0.144891
g_gulo      0.084774  0.065763  0.000000  0.035131  0.187784  0.097724
  0.097724  0.124315  0.131111
m_pennanti  0.084774  0.065763  0.035131  0.000000  0.187784  0.091221
  0.091221  0.137970  0.144891
s_putorius  0.166038  0.144891  0.187784  0.187784  0.000000  0.173219
  0.158924  0.210159  0.248935
c_lupus     0.091221  0.084774  0.097724  0.091221  0.173219  0.000000
  0.011521  0.131111  0.144891
c_latrans   0.104284  0.084774  0.097724  0.091221  0.158924  0.011521
  0.000000  0.131111  0.158924
p_lotor     0.166038  0.144891  0.124315  0.137970  0.210159  0.131111
  0.131111  0.000000  0.187784
l_rufus     0.124315  0.144891  0.131111  0.144891  0.248935  0.144891
  0.158924  0.187784  0.000000
    9
u_american  0.000000  0.029156  0.072046  0.072046  0.195171  0.091221
  0.104284  0.110901  0.144891
u_arctos    0.029156  0.000000  0.065763  0.065763  0.187784  0.097724
  0.110901  0.117578  0.166038
g_gulo      0.072046  0.065763  0.000000  0.029156  0.241025  0.104284
  0.117578  0.124315  0.144891
m_pennanti  0.072046  0.065763  0.029156  0.000000  0.241025  0.104284
  0.117578  0.131111  0.151875
s_putorius  0.195171  0.187784  0.241025  0.241025  0.000000  0.173219
  0.158924  0.264995  0.273149
c_lupus     0.091221  0.097724  0.104284  0.104284  0.173219  0.000000
  0.011521  0.151875  0.137970
c_latrans   0.104284  0.110901  0.117578  0.117578  0.158924  0.011521
  0.000000  0.166038  0.151875
p_lotor     0.110901  0.117578  0.124315  0.131111  0.264995  0.151875
  0.166038  0.000000  0.180467
l_rufus     0.144891  0.166038  0.144891  0.151875  0.273149  0.137970
  0.151875  0.180467  0.000000
    9
u_american  0.000000  0.035131  0.137970  0.124315  0.137970  0.110901
  0.124315  0.173219  0.137970
u_arctos    0.035131  0.000000  0.137970  0.124315  0.137970  0.137970
  0.151875  0.202629  0.151875
g_gulo      0.137970  0.137970  0.000000  0.041155  0.166038  0.124315
  0.137970  0.166038  0.144891
m_pennanti  0.124315  0.124315  0.041155  0.000000  0.151875  0.097724
  0.110901  0.144891  0.124315
s_putorius  0.137970  0.137970  0.166038  0.151875  0.000000  0.144891
  0.131111  0.210159  0.217762
c_lupus     0.110901  0.137970  0.124315  0.097724  0.144891  0.000000
  0.011521  0.110901  0.151875
c_latrans   0.124315  0.151875  0.137970  0.110901  0.131111  0.011521
  0.000000  0.124315  0.166038
p_lotor     0.173219  0.202629  0.166038  0.144891  0.210159  0.110901
  0.124315  0.000000  0.166038
l_rufus     0.137970  0.151875  0.144891  0.124315  0.217762  0.151875
  0.166038  0.166038  0.000000
    9
u_american  0.000000  0.011521  0.091221  0.072046  0.110901  0.084774
  0.091221  0.117578  0.151875
u_arctos    0.011521  0.000000  0.091221  0.072046  0.110901  0.084774
  0.091221  0.117578  0.166038
g_gulo      0.091221  0.091221  0.000000  0.041155  0.137970  0.097724
  0.104284  0.097724  0.144891
m_pennanti  0.072046  0.072046  0.041155  0.000000  0.117578  0.072046
  0.078383  0.091221  0.137970
s_putorius  0.110901  0.110901  0.137970  0.117578  0.000000  0.104284
  0.097724  0.151875  0.187784
c_lupus     0.084774  0.084774  0.097724  0.072046  0.104284  0.000000
  0.005737  0.104284  0.124315
c_latrans   0.091221  0.091221  0.104284  0.078383  0.097724  0.005737
  0.000000  0.110901  0.131111
p_lotor     0.117578  0.117578  0.097724  0.091221  0.151875  0.104284
  0.110901  0.000000  0.144891
l_rufus     0.151875  0.166038  0.144891  0.137970  0.187784  0.124315
  0.131111  0.144891  0.000000
    9
u_american  0.000000  0.017351  0.053356  0.041155  0.137970  0.091221
  0.104284  0.151875  0.110901
u_arctos    0.017351  0.000000  0.047230  0.035131  0.131111  0.110901
  0.097724  0.144891  0.131111
g_gulo      0.053356  0.047230  0.000000  0.011521  0.173219  0.110901
  0.097724  0.144891  0.117578
m_pennanti  0.041155  0.035131  0.011521  0.000000  0.158924  0.097724
  0.084774  0.131111  0.104284
s_putorius  0.137970  0.131111  0.173219  0.158924  0.000000  0.131111
  0.117578  0.166038  0.195171
c_lupus     0.091221  0.110901  0.110901  0.097724  0.131111  0.000000
  0.011521  0.124315  0.104284
c_latrans   0.104284  0.097724  0.097724  0.084774  0.117578  0.011521
  0.000000  0.110901  0.117578
p_lotor     0.151875  0.144891  0.144891  0.131111  0.166038  0.124315
  0.110901  0.000000  0.124315
l_rufus     0.110901  0.131111  0.117578  0.104284  0.195171  0.104284
  0.117578  0.124315  0.000000
    9
u_american  0.000000  0.017351  0.053356  0.065763  0.117578  0.084774
  0.097724  0.158924  0.124315
u_arctos    0.017351  0.000000  0.059533  0.072046  0.124315  0.104284
  0.104284  0.166038  0.144891
g_gulo      0.053356  0.059533  0.000000  0.023229  0.151875  0.091221
  0.091221  0.158924  0.104284
m_pennanti  0.065763  0.072046  0.023229  0.000000  0.166038  0.091221
  0.091221  0.158924  0.104284
s_putorius  0.117578  0.124315  0.151875  0.166038  0.000000  0.137970
  0.124315  0.195171  0.202629
c_lupus     0.084774  0.104284  0.091221  0.091221  0.137970  0.000000
  0.011521  0.124315  0.117578
c_latrans   0.097724  0.104284  0.091221  0.091221  0.124315  0.011521
  0.000000  0.124315  0.131111
p_lotor     0.158924  0.166038  0.158924  0.158924  0.195171  0.124315
  0.124315  0.000000  0.202629
l_rufus     0.124315  0.144891  0.104284  0.104284  0.202629  0.117578
  0.131111  0.202629  0.000000
    9
u_american  0.000000  0.029156  0.072046  0.059533  0.158924  0.059533
  0.084774  0.097724  0.151875
u_arctos    0.029156  0.000000  0.065763  0.053356  0.151875  0.091221
  0.104284  0.117578  0.158924
g_gulo      0.072046  0.065763  0.000000  0.011521  0.173219  0.110901
  0.124315  0.110901  0.137970
m_pennanti  0.059533  0.053356  0.011521  0.000000  0.158924  0.097724
  0.110901  0.110901  0.137970
s_putorius  0.158924  0.151875  0.173219  0.158924  0.000000  0.144891
  0.117578  0.195171  0.241025
c_lupus     0.059533  0.091221  0.110901  0.097724  0.144891  0.000000
  0.023229  0.097724  0.144891
c_latrans   0.084774  0.104284  0.124315  0.110901  0.117578  0.023229
  0.000000  0.110901  0.173219
p_lotor     0.097724  0.117578  0.110901  0.110901  0.195171  0.097724
  0.110901  0.000000  0.166038
l_rufus     0.151875  0.158924  0.137970  0.137970  0.241025  0.144891
  0.173219  0.166038  0.000000
    9
u_american  0.000000  0.017351  0.065763  0.065763  0.097724  0.041155
  0.053356  0.084774  0.117578
u_arctos    0.017351  0.000000  0.047230  0.047230  0.078383  0.059533
  0.059533  0.091221  0.110901
g_gulo      0.065763  0.047230  0.000000  0.011521  0.131111  0.097724
  0.097724  0.117578  0.110901
m_pennanti  0.065763  0.047230  0.011521  0.000000  0.131111  0.097724
  0.097724  0.117578  0.110901
s_putorius  0.097724  0.078383  0.131111  0.131111  0.000000  0.104284
  0.091221  0.137970  0.158924
c_lupus     0.041155  0.059533  0.097724  0.097724  0.104284  0.000000
  0.011521  0.065763  0.131111
c_latrans   0.053356  0.059533  0.097724  0.097724  0.091221  0.011521
  0.000000  0.065763  0.144891
p_lotor     0.084774  0.091221  0.117578  0.117578  0.137970  0.065763
  0.065763  0.000000  0.158924
l_rufus     0.117578  0.110901  0.110901  0.110901  0.158924  0.131111
  0.144891  0.158924  0.000000
    9
u_american  0.000000  0.041155  0.124315  0.104284  0.202629  0.117578
  0.158924  0.210159  0.124315
u_arctos    0.041155  0.000000  0.091221  0.072046  0.166038  0.137970
  0.124315  0.173219  0.173219
g_gulo      0.124315  0.091221  0.000000  0.047230  0.195171  0.151875
  0.137970  0.124315  0.144891
m_pennanti  0.104284  0.072046  0.047230  0.000000  0.173219  0.124315
  0.110901  0.137970  0.158924
s_putorius  0.202629  0.166038  0.195171  0.173219  0.000000  0.166038
  0.124315  0.210159  0.289711
c_lupus     0.117578  0.137970  0.151875  0.124315  0.166038  0.000000
  0.035131  0.158924  0.137970
c_latrans   0.158924  0.124315  0.137970  0.110901  0.124315  0.035131
  0.000000  0.144891  0.180467
p_lotor     0.210159  0.173219  0.124315  0.137970  0.210159  0.158924
  0.144891  0.000000  0.180467
l_rufus     0.124315  0.173219  0.144891  0.158924  0.289711  0.137970
  0.180467  0.180467  0.000000
    9
u_american  0.000000  0.011521  0.097724  0.084774  0.104284  0.059533
  0.065763  0.137970  0.187784
u_arctos    0.011521  0.000000  0.084774  0.072046  0.091221  0.059533
  0.053356  0.124315  0.202629
g_gulo      0.097724  0.084774  0.000000  0.023229  0.158924  0.097724
  0.091221  0.124315  0.166038
m_pennanti  0.084774  0.072046  0.023229  0.000000  0.144891  0.084774
  0.078383  0.137970  0.180467
s_putorius  0.104284  0.091221  0.158924  0.144891  0.000000  0.091221
  0.084774  0.151875  0.233194
c_lupus     0.059533  0.059533  0.097724  0.084774  0.091221  0.000000
  0.005737  0.097724  0.166038
c_latrans   0.065763  0.053356  0.091221  0.078383  0.084774  0.005737
  0.000000  0.091221  0.173219
p_lotor     0.137970  0.124315  0.124315  0.137970  0.151875  0.097724
  0.091221  0.000000  0.173219
l_rufus     0.187784  0.202629  0.166038  0.180467  0.233194  0.166038
  0.173219  0.173219  0.000000
    9
u_american  0.000000  0.041155  0.097724  0.091221  0.124315  0.059533
  0.065763  0.110901  0.202629
u_arctos    0.041155  0.000000  0.078383  0.072046  0.104284  0.091221
  0.084774  0.131111  0.210159
g_gulo      0.097724  0.078383  0.000000  0.047230  0.137970  0.110901
  0.104284  0.097724  0.180467
m_pennanti  0.091221  0.072046  0.047230  0.000000  0.131111  0.104284
  0.097724  0.137970  0.225440
s_putorius  0.124315  0.104284  0.137970  0.131111  0.000000  0.124315
  0.117578  0.173219  0.256924
c_lupus     0.059533  0.091221  0.110901  0.104284  0.124315  0.000000
  0.005737  0.097724  0.202629
c_latrans   0.065763  0.084774  0.104284  0.097724  0.117578  0.005737
  0.000000  0.091221  0.210159
p_lotor     0.110901  0.131111  0.097724  0.137970  0.173219  0.097724
  0.091221  0.000000  0.195171
l_rufus     0.202629  0.210159  0.180467  0.225440  0.256924  0.202629
  0.210159  0.195171  0.000000
    9
u_american  0.000000  0.017351  0.078383  0.072046  0.166038  0.059533
  0.072046  0.151875  0.173219
u_arctos    0.017351  0.000000  0.059533  0.053356  0.144891  0.065763
  0.078383  0.158924  0.166038
g_gulo      0.078383  0.059533  0.000000  0.035131  0.195171  0.084774
  0.097724  0.137970  0.131111
m_pennanti  0.072046  0.053356  0.035131  0.000000  0.187784  0.072046
  0.084774  0.151875  0.144891
s_putorius  0.166038  0.144891  0.195171  0.187784  0.000000  0.151875
  0.137970  0.202629  0.233194
c_lupus     0.059533  0.065763  0.084774  0.072046  0.151875  0.000000
  0.011521  0.117578  0.144891
c_latrans   0.072046  0.078383  0.097724  0.084774  0.137970  0.011521
  0.000000  0.131111  0.158924
p_lotor     0.151875  0.158924  0.137970  0.151875  0.202629  0.117578
  0.131111  0.000000  0.137970
l_rufus     0.173219  0.166038  0.131111  0.144891  0.233194  0.144891
  0.158924  0.137970  0.000000
    9
u_american  0.000000  0.023229  0.078383  0.065763  0.110901  0.059533
  0.072046  0.110901  0.097724
u_arctos    0.023229  0.000000  0.078383  0.065763  0.110901  0.084774
  0.084774  0.124315  0.110901
g_gulo      0.078383  0.078383  0.000000  0.029156  0.144891  0.104284
  0.104284  0.117578  0.097724
m_pennanti  0.065763  0.065763  0.029156  0.000000  0.131111  0.091221
  0.091221  0.124315  0.104284
s_putorius  0.110901  0.110901  0.144891  0.131111  0.000000  0.110901
  0.097724  0.137970  0.166038
c_lupus     0.059533  0.084774  0.104284  0.091221  0.110901  0.000000
  0.011521  0.097724  0.097724
c_latrans   0.072046  0.084774  0.104284  0.091221  0.097724  0.011521
  0.000000  0.097724  0.110901
p_lotor     0.110901  0.124315  0.117578  0.124315  0.137970  0.097724
  0.097724  0.000000  0.131111
l_rufus     0.097724  0.110901  0.097724  0.104284  0.166038  0.097724
  0.110901  0.131111  0.000000
    9
u_american  0.000000  0.023229  0.078383  0.078383  0.131111  0.117578
  0.144891  0.144891  0.110901
u_arctos    0.023229  0.000000  0.078383  0.078383  0.131111  0.131111
  0.144891  0.144891  0.137970
g_gulo      0.078383  0.078383  0.000000  0.017351  0.144891  0.091221
  0.104284  0.104284  0.104284
m_pennanti  0.078383  0.078383  0.017351  0.000000  0.144891  0.084774
  0.097724  0.110901  0.110901
s_putorius  0.131111  0.131111  0.144891  0.144891  0.000000  0.180467
  0.151875  0.202629  0.202629
c_lupus     0.117578  0.131111  0.091221  0.084774  0.180467  0.000000
  0.023229  0.131111  0.104284
c_latrans   0.144891  0.144891  0.104284  0.097724  0.151875  0.023229
  0.000000  0.144891  0.131111
p_lotor     0.144891  0.144891  0.104284  0.110901  0.202629  0.131111
  0.144891  0.000000  0.151875
l_rufus     0.110901  0.137970  0.104284  0.110901  0.202629  0.104284
  0.131111  0.151875  0.000000
    9
u_american  0.000000  0.029156  0.124315  0.097724  0.131111  0.065763
  0.084774  0.158924  0.166038
u_arctos    0.029156  0.000000  0.117578  0.091221  0.124315  0.097724
  0.091221  0.166038  0.187784
g_gulo      0.124315  0.117578  0.000000  0.059533  0.173219  0.117578
  0.110901  0.131111  0.173219
m_pennanti  0.097724  0.091221  0.059533  0.000000  0.144891  0.078383
  0.072046  0.144891  0.187784
s_putorius  0.131111  0.124315  0.173219  0.144891  0.000000  0.117578
  0.097724  0.195171  0.233194
c_lupus     0.065763  0.097724  0.117578  0.078383  0.117578  0.000000
  0.017351  0.131111  0.166038
c_latrans   0.084774  0.091221  0.110901  0.072046  0.097724  0.017351
  0.000000  0.124315  0.187784
p_lotor     0.158924  0.166038  0.131111  0.144891  0.195171  0.131111
  0.124315  0.000000  0.173219
l_rufus     0.166038  0.187784  0.173219  0.187784  0.233194  0.166038
  0.187784  0.173219  0.000000
    9
u_american  0.000000  0.023229  0.104284  0.078383  0.137970  0.072046
  0.110901  0.151875  0.144891
u_arctos    0.023229  0.000000  0.091221  0.065763  0.124315  0.097724
  0.110901  0.151875  0.158924
g_gulo      0.104284  0.091221  0.000000  0.029156  0.187784  0.104284
  0.117578  0.131111  0.117578
m_pennanti  0.078383  0.065763  0.029156  0.000000  0.158924  0.078383
  0.091221  0.124315  0.110901
s_putorius  0.137970  0.124315  0.187784  0.158924  0.000000  0.166038
  0.124315  0.180467  0.202629
c_lupus     0.072046  0.097724  0.104284  0.078383  0.166038  0.000000
  0.035131  0.117578  0.084774
c_latrans   0.110901  0.110901  0.117578  0.091221  0.124315  0.035131
  0.000000  0.131111  0.124315
p_lotor     0.151875  0.151875  0.131111  0.124315  0.180467  0.117578
  0.131111  0.000000  0.131111
l_rufus     0.144891  0.158924  0.117578  0.110901  0.202629  0.084774
  0.124315  0.131111  0.000000
    9
u_american  0.000000  0.023229  0.072046  0.072046  0.144891  0.072046
  0.084774  0.151875  0.144891
u_arctos    0.023229  0.000000  0.047230  0.047230  0.117578  0.084774
  0.072046  0.137970  0.158924
g_gulo      0.072046  0.047230  0.000000  0.011521  0.144891  0.097724
  0.084774  0.144891  0.144891
m_pennanti  0.072046  0.047230  0.011521  0.000000  0.144891  0.097724
  0.084774  0.144891  0.144891
s_putorius  0.144891  0.117578  0.144891  0.144891  0.000000  0.137970
  0.124315  0.217762  0.233194
c_lupus     0.072046  0.084774  0.097724  0.097724  0.137970  0.000000
  0.011521  0.110901  0.110901
c_latrans   0.084774  0.072046  0.084774  0.084774  0.124315  0.011521
  0.000000  0.097724  0.124315
p_lotor     0.151875  0.137970  0.144891  0.144891  0.217762  0.110901
  0.097724  0.000000  0.195171
l_rufus     0.144891  0.158924  0.144891  0.144891  0.233194  0.110901
  0.124315  0.195171  0.000000
    9
u_american  0.000000  0.017351  0.097724  0.091221  0.151875  0.084774
  0.084774  0.173219  0.202629
u_arctos    0.017351  0.000000  0.091221  0.084774  0.144891  0.091221
  0.091221  0.180467  0.210159
g_gulo      0.097724  0.091221  0.000000  0.023229  0.241025  0.110901
  0.110901  0.151875  0.131111
m_pennanti  0.091221  0.084774  0.023229  0.000000  0.233194  0.104284
  0.104284  0.180467  0.158924
s_putorius  0.151875  0.144891  0.241025  0.233194  0.000000  0.195171
  0.195171  0.264995  0.289711
c_lupus     0.084774  0.091221  0.110901  0.104284  0.195171  0.000000
 -0.000000  0.144891  0.195171
c_latrans   0.084774  0.091221  0.110901  0.104284  0.195171 -0.000000
  0.000000  0.144891  0.195171
p_lotor     0.173219  0.180467  0.151875  0.180467  0.264995  0.144891
  0.144891  0.000000  0.210159
l_rufus     0.202629  0.210159  0.131111  0.158924  0.289711  0.195171
  0.195171  0.210159  0.000000
    9
u_american  0.000000  0.023229  0.041155  0.065763  0.137970  0.072046
  0.084774  0.158924  0.091221
u_arctos    0.023229  0.000000  0.041155  0.065763  0.137970  0.084774
  0.084774  0.158924  0.117578
g_gulo      0.041155  0.041155  0.000000  0.035131  0.137970  0.072046
  0.072046  0.124315  0.091221
m_pennanti  0.065763  0.065763  0.035131  0.000000  0.166038  0.091221
  0.091221  0.151875  0.117578
s_putorius  0.137970  0.137970  0.137970  0.166038  0.000000  0.124315
  0.110901  0.180467  0.195171
c_lupus     0.072046  0.084774  0.072046  0.091221  0.124315  0.000000
  0.011521  0.124315  0.097724
c_latrans   0.084774  0.084774  0.072046  0.091221  0.110901  0.011521
  0.000000  0.124315  0.110901
p_lotor     0.158924  0.158924  0.124315  0.151875  0.180467  0.124315
  0.124315  0.000000  0.166038
l_rufus     0.091221  0.117578  0.091221  0.117578  0.195171  0.097724
  0.110901  0.166038  0.000000
    9
u_american  0.000000  0.017351  0.084774  0.078383  0.124315  0.072046
  0.084774  0.202629  0.202629
u_arctos    0.017351  0.000000  0.091221  0.084774  0.131111  0.091221
  0.091221  0.210159  0.225440
g_gulo      0.084774  0.091221  0.000000  0.047230  0.173219  0.104284
  0.104284  0.158924  0.166038
m_pennanti  0.078383  0.084774  0.047230  0.000000  0.166038  0.091221
  0.091221  0.202629  0.210159
s_putorius  0.124315  0.131111  0.173219  0.166038  0.000000  0.137970
  0.124315  0.210159  0.273149
c_lupus     0.072046  0.091221  0.104284  0.091221  0.137970  0.000000
  0.011521  0.173219  0.202629
c_latrans   0.084774  0.091221  0.104284  0.091221  0.124315  0.011521
  0.000000  0.173219  0.217762
p_lotor     0.202629  0.210159  0.158924  0.202629  0.210159  0.173219
  0.173219  0.000000  0.241025
l_rufus     0.202629  0.225440  0.166038  0.210159  0.273149  0.202629
  0.217762  0.241025  0.000000
    9
u_american  0.000000  0.029156  0.059533  0.059533  0.131111  0.065763
  0.072046  0.110901  0.144891
u_arctos    0.029156  0.000000  0.053356  0.053356  0.124315  0.097724
  0.091221  0.131111  0.151875
g_gulo      0.059533  0.053356  0.000000  0.023229  0.117578  0.078383
  0.072046  0.078383  0.104284
m_pennanti  0.059533  0.053356  0.023229  0.000000  0.117578  0.078383
  0.072046  0.104284  0.131111
s_putorius  0.131111  0.124315  0.117578  0.117578  0.000000  0.131111
  0.124315  0.180467  0.195171
c_lupus     0.065763  0.097724  0.078383  0.078383  0.131111  0.000000
  0.005737  0.097724  0.097724
c_latrans   0.072046  0.091221  0.072046  0.072046  0.124315  0.005737
  0.000000  0.091221  0.104284
p_lotor     0.110901  0.131111  0.078383  0.104284  0.180467  0.097724
  0.091221  0.000000  0.137970
l_rufus     0.144891  0.151875  0.104284  0.131111  0.195171  0.097724
  0.104284  0.137970  0.000000
    9
u_american  0.000000  0.023229  0.072046  0.047230  0.097724  0.065763
  0.072046  0.097724  0.091221
u_arctos    0.023229  0.000000  0.084774  0.059533  0.110901  0.091221
  0.097724  0.124315  0.104284
g_gulo      0.072046  0.084774  0.000000  0.047230  0.144891  0.124315
  0.131111  0.117578  0.097724
m_pennanti  0.047230  0.059533  0.047230  0.000000  0.117578  0.091221
  0.097724  0.117578  0.097724
s_putorius  0.097724  0.110901  0.144891  0.117578  0.000000  0.110901
  0.104284  0.144891  0.144891
c_lupus     0.065763  0.091221  0.124315  0.091221  0.110901  0.000000
  0.005737  0.124315  0.110901
c_latrans   0.072046  0.097724  0.131111  0.097724  0.104284  0.005737
  0.000000  0.131111  0.117578
p_lotor     0.097724  0.124315  0.117578  0.117578  0.144891  0.124315
  0.131111  0.000000  0.097724
l_rufus     0.091221  0.104284  0.097724  0.097724  0.144891  0.110901
  0.117578  0.097724  0.000000
    9
u_american  0.000000  0.017351  0.065763  0.059533  0.173219  0.091221
  0.117578  0.144891  0.158924
u_arctos    0.017351  0.000000  0.047230  0.041155  0.151875  0.084774
  0.097724  0.124315  0.180467
g_gulo      0.065763  0.047230  0.000000  0.017351  0.187784  0.104284
  0.117578  0.110901  0.151875
m_pennanti  0.059533  0.041155  0.017351  0.000000  0.180467  0.091221
  0.104284  0.117578  0.158924
s_putorius  0.173219  0.151875  0.187784  0.180467  0.000000  0.180467
  0.151875  0.273149  0.298122
c_lupus     0.091221  0.084774  0.104284  0.091221  0.180467  0.000000
  0.023229  0.131111  0.137970
c_latrans   0.117578  0.097724  0.117578  0.104284  0.151875  0.023229
  0.000000  0.144891  0.166038
p_lotor     0.144891  0.124315  0.110901  0.117578  0.273149  0.131111
  0.144891  0.000000  0.180467
l_rufus     0.158924  0.180467  0.151875  0.158924  0.298122  0.137970
  0.166038  0.180467  0.000000
    9
u_american  0.000000  0.011521  0.072046  0.065763  0.137970  0.091221
  0.104284  0.110901  0.151875
u_arctos    0.011521  0.000000  0.059533  0.053356  0.124315  0.104284
  0.091221  0.097724  0.166038
g_gulo      0.072046  0.059533  0.000000  0.041155  0.180467  0.144891
  0.131111  0.091221  0.137970
m_pennanti  0.065763  0.053356  0.041155  0.000000  0.173219  0.137970
  0.124315  0.124315  0.173219
s_putorius  0.137970  0.124315  0.180467  0.173219  0.000000  0.166038
  0.151875  0.173219  0.217762
c_lupus     0.091221  0.104284  0.144891  0.137970  0.166038  0.000000
  0.011521  0.144891  0.137970
c_latrans   0.104284  0.091221  0.131111  0.124315  0.151875  0.011521
  0.000000  0.131111  0.151875
p_lotor     0.110901  0.097724  0.091221  0.124315  0.173219  0.144891
  0.131111  0.000000  0.166038
l_rufus     0.151875  0.166038  0.137970  0.173219  0.217762  0.137970
  0.151875  0.166038  0.000000
    9
u_american  0.000000  0.017351  0.072046  0.065763  0.144891  0.104284
  0.124315  0.173219  0.131111
u_arctos    0.017351  0.000000  0.065763  0.059533  0.137970  0.124315
  0.131111  0.180467  0.137970
g_gulo      0.072046  0.065763  0.000000  0.041155  0.180467  0.137970
  0.144891  0.158924  0.110901
m_pennanti  0.065763  0.059533  0.041155  0.000000  0.173219  0.124315
  0.131111  0.180467  0.131111
s_putorius  0.144891  0.137970  0.180467  0.173219  0.000000  0.187784
  0.166038  0.241025  0.217762
c_lupus     0.104284  0.124315  0.137970  0.124315  0.187784  0.000000
  0.017351  0.117578  0.117578
c_latrans   0.124315  0.131111  0.144891  0.131111  0.166038  0.017351
  0.000000  0.124315  0.137970
p_lotor     0.173219  0.180467  0.158924  0.180467  0.241025  0.117578
  0.124315  0.000000  0.151875
l_rufus     0.131111  0.137970  0.110901  0.131111  0.217762  0.117578
  0.137970  0.151875  0.000000
    9
u_american  0.000000  0.011521  0.059533  0.053356  0.144891  0.059533
  0.065763  0.110901  0.131111
u_arctos    0.011521  0.000000  0.047230  0.041155  0.131111  0.059533
  0.065763  0.110901  0.131111
g_gulo      0.059533  0.047230  0.000000  0.011521  0.173219  0.084774
  0.091221  0.117578  0.124315
m_pennanti  0.053356  0.041155  0.011521  0.000000  0.166038  0.078383
  0.084774  0.117578  0.124315
s_putorius  0.144891  0.131111  0.173219  0.166038  0.000000  0.124315
  0.117578  0.166038  0.210159
c_lupus     0.059533  0.059533  0.084774  0.078383  0.124315  0.000000
  0.005737  0.078383  0.124315
c_latrans   0.065763  0.065763  0.091221  0.084774  0.117578  0.005737
  0.000000  0.084774  0.131111
p_lotor     0.110901  0.110901  0.117578  0.117578  0.166038  0.078383
  0.084774  0.000000  0.158924
l_rufus     0.131111  0.131111  0.124315  0.124315  0.210159  0.124315
  0.131111  0.158924  0.000000
    9
u_american  0.000000  0.023229  0.084774  0.078383  0.158924  0.117578
  0.124315  0.166038  0.151875
u_arctos    0.023229  0.000000  0.059533  0.053356  0.131111  0.104284
  0.110901  0.151875  0.166038
g_gulo      0.084774  0.059533  0.000000  0.029156  0.158924  0.078383
  0.084774  0.110901  0.137970
m_pennanti  0.078383  0.053356  0.029156  0.000000  0.151875  0.059533
  0.065763  0.117578  0.144891
s_putorius  0.158924  0.131111  0.158924  0.151875  0.000000  0.158924
  0.151875  0.233194  0.281387
c_lupus     0.117578  0.104284  0.078383  0.059533  0.158924  0.000000
  0.005737  0.117578  0.166038
c_latrans   0.124315  0.110901  0.084774  0.065763  0.151875  0.005737
  0.000000  0.124315  0.173219
p_lotor     0.166038  0.151875  0.110901  0.117578  0.233194  0.117578
  0.124315  0.000000  0.180467
l_rufus     0.151875  0.166038  0.137970  0.144891  0.281387  0.166038
  0.173219  0.180467  0.000000
    9
u_american  0.000000  0.011521  0.035131  0.035131  0.144891  0.091221
  0.097724  0.131111  0.158924
u_arctos    0.011521  0.000000  0.035131  0.035131  0.144891  0.091221
  0.097724  0.131111  0.173219
g_gulo      0.035131  0.035131  0.000000  0.005737  0.131111  0.065763
  0.072046  0.091221  0.144891
m_pennanti  0.035131  0.035131  0.005737  0.000000  0.131111  0.065763
  0.072046  0.097724  0.151875
s_putorius  0.144891  0.144891  0.131111  0.131111  0.000000  0.117578
  0.110901  0.158924  0.233194
c_lupus     0.091221  0.091221  0.065763  0.065763  0.117578  0.000000
  0.005737  0.084774  0.158924
c_latrans   0.097724  0.097724  0.072046  0.072046  0.110901  0.005737
  0.000000  0.091221  0.166038
p_lotor     0.131111  0.131111  0.091221  0.097724  0.158924  0.084774
  0.091221  0.000000  0.195171
l_rufus     0.158924  0.173219  0.144891  0.151875  0.233194  0.158924
  0.166038  0.195171  0.000000
    9
u_american  0.000000  0.029156  0.078383  0.072046  0.144891  0.078383
  0.091221  0.144891  0.151875
u_arctos    0.029156  0.000000  0.072046  0.065763  0.137970  0.072046
  0.084774  0.137970  0.187784
g_gulo      0.078383  0.072046  0.000000  0.029156  0.166038  0.097724
  0.110901  0.131111  0.158924
m_pennanti  0.072046  0.065763  0.029156  0.000000  0.158924  0.078383
  0.091221  0.124315  0.151875
s_putorius  0.144891  0.137970  0.166038  0.158924  0.000000  0.144891
  0.131111  0.187784  0.233194
c_lupus     0.078383  0.072046  0.097724  0.078383  0.144891  0.000000
  0.011521  0.110901  0.158924
c_latrans   0.091221  0.084774  0.110901  0.091221  0.131111  0.011521
  0.000000  0.124315  0.173219
p_lotor     0.144891  0.137970  0.131111  0.124315  0.187784  0.110901
  0.124315  0.000000  0.158924
l_rufus     0.151875  0.187784  0.158924  0.151875  0.233194  0.158924
  0.173219  0.158924  0.000000
    9
u_american  0.000000  0.053356  0.117578  0.110901  0.173219  0.078383
  0.104284  0.117578  0.151875
u_arctos    0.053356  0.000000  0.084774  0.078383  0.137970  0.124315
  0.110901  0.124315  0.173219
g_gulo      0.117578  0.084774  0.000000  0.023229  0.166038  0.110901
  0.097724  0.117578  0.144891
m_pennanti  0.110901  0.078383  0.023229  0.000000  0.158924  0.091221
  0.078383  0.104284  0.131111
s_putorius  0.173219  0.137970  0.166038  0.158924  0.000000  0.144891
  0.117578  0.180467  0.202629
c_lupus     0.078383  0.124315  0.110901  0.091221  0.144891  0.000000
  0.023229  0.091221  0.131111
c_latrans   0.104284  0.110901  0.097724  0.078383  0.117578  0.023229
  0.000000  0.078383  0.158924
p_lotor     0.117578  0.124315  0.117578  0.104284  0.180467  0.091221
  0.078383  0.000000  0.180467
l_rufus     0.151875  0.173219  0.144891  0.131111  0.202629  0.131111
  0.158924  0.180467  0.000000
    9
u_american  0.000000 -0.000000  0.065763  0.059533  0.137970  0.053356
  0.053356  0.131111  0.158924
u_arctos   -0.000000  0.000000  0.065763  0.059533  0.137970  0.053356
  0.053356  0.131111  0.158924
g_gulo      0.065763  0.065763  0.000000  0.041155  0.195171  0.078383
  0.078383  0.117578  0.110901
m_pennanti  0.059533  0.059533  0.041155  0.000000  0.187784  0.053356
  0.053356  0.124315  0.117578
s_putorius  0.137970  0.137970  0.195171  0.187784  0.000000  0.137970
  0.137970  0.217762  0.241025
c_lupus     0.053356  0.053356  0.078383  0.053356  0.137970  0.000000
 -0.000000  0.124315  0.137970
c_latrans   0.053356  0.053356  0.078383  0.053356  0.137970 -0.000000
  0.000000  0.124315  0.137970
p_lotor     0.131111  0.131111  0.117578  0.124315  0.217762  0.124315
  0.124315  0.000000  0.151875
l_rufus     0.158924  0.158924  0.110901  0.117578  0.241025  0.137970
  0.137970  0.151875  0.000000
    9
u_american  0.000000  0.023229  0.059533  0.072046  0.137970  0.078383
  0.097724  0.137970  0.144891
u_arctos    0.023229  0.000000  0.047230  0.059533  0.124315  0.091221
  0.097724  0.137970  0.158924
g_gulo      0.059533  0.047230  0.000000  0.029156  0.124315  0.091221
  0.097724  0.124315  0.137970
m_pennanti  0.072046  0.059533  0.029156  0.000000  0.137970  0.091221
  0.097724  0.131111  0.144891
s_putorius  0.137970  0.124315  0.124315  0.137970  0.000000  0.117578
  0.097724  0.173219  0.202629
c_lupus     0.078383  0.091221  0.091221  0.091221  0.117578  0.000000
  0.017351  0.097724  0.131111
c_latrans   0.097724  0.097724  0.097724  0.097724  0.097724  0.017351
  0.000000  0.104284  0.151875
p_lotor     0.137970  0.137970  0.124315  0.131111  0.173219  0.097724
  0.104284  0.000000  0.151875
l_rufus     0.144891  0.158924  0.137970  0.144891  0.202629  0.131111
  0.151875  0.151875  0.000000
    9
u_american  0.000000  0.029156  0.097724  0.072046  0.173219  0.091221
  0.110901  0.137970  0.158924
u_arctos    0.029156  0.000000  0.065763  0.041155  0.137970  0.110901
  0.104284  0.131111  0.166038
g_gulo      0.097724  0.065763  0.000000  0.035131  0.173219  0.144891
  0.137970  0.137970  0.187784
m_pennanti  0.072046  0.041155  0.035131  0.000000  0.144891  0.104284
  0.097724  0.124315  0.173219
s_putorius  0.173219  0.137970  0.173219  0.144891  0.000000  0.131111
  0.110901  0.137970  0.217762
c_lupus     0.091221  0.110901  0.144891  0.104284  0.131111  0.000000
  0.017351  0.091221  0.137970
c_latrans   0.110901  0.104284  0.137970  0.097724  0.110901  0.017351
  0.000000  0.084774  0.158924
p_lotor     0.137970  0.131111  0.137970  0.124315  0.137970  0.091221
  0.084774  0.000000  0.180467
l_rufus     0.158924  0.166038  0.187784  0.173219  0.217762  0.137970
  0.158924  0.180467  0.000000
