9
m_pennanti0.000000 200.000000 374.000000 374.000000 471.000000 471.000000 371.000000 393.000000 393.000000 
g_gulo     200.000000 0.000000 374.000000 374.000000 471.000000 471.000000 371.000000 393.000000 393.000000 
l_rufus    374.000000 374.000000 0.000000 200.000000 387.000000 387.000000 287.000000 377.000000 377.000000 
p_lotor    374.000000 374.000000 200.000000 0.000000 387.000000 387.000000 287.000000 377.000000 377.000000 
c_latrans  471.000000 471.000000 387.000000 387.000000 0.000000 200.000000 300.000000 474.000000 474.000000 
c_lupus    471.000000 471.000000 387.000000 387.000000 200.000000 0.000000 300.000000 474.000000 474.000000 
s_putorius371.000000 371.000000 287.000000 287.000000 300.000000 300.000000 0.000000 374.000000 374.000000 
u_american393.000000 393.000000 377.000000 377.000000 474.000000 474.000000 374.000000 0.000000 200.000000 
u_arctos   393.000000 393.000000 377.000000 377.000000 474.000000 474.000000 374.000000 200.000000 0.000000 

30
b_astutus  0.000000 0.649200 0.701400 0.869100 0.819200 0.800400 0.745900 0.854300 0.783700 0.801400 0.805300 0.845500 0.811300 0.958900 0.776300 0.897400 0.814900 0.925300 0.715800 0.952600 0.920900 0.937600 0.952300 0.870700 0.963700 0.999800 0.923400 1.013000 1.034100 1.018600 
ly_canaden0.649200 0.000000 0.671600 0.839300 0.789400 0.770600 0.716100 0.824500 0.753900 0.771600 0.775500 0.815700 0.781500 0.929100 0.746500 0.867600 0.785100 0.895500 0.686000 0.922800 0.891100 0.907800 0.922500 0.840900 0.933900 0.970000 0.893600 0.983200 1.004300 0.988800 
c_latrans  0.701400 0.671600 0.000000 0.274900 0.577600 0.558800 0.504300 0.612700 0.542100 0.559800 0.563700 0.687900 0.653700 0.801300 0.618700 0.739800 0.657300 0.767700 0.558200 0.795000 0.763300 0.780000 0.794700 0.713100 0.806100 0.842200 0.765800 0.855400 0.876500 0.861000 
m_pennanti0.869100 0.839300 0.274900 0.000000 0.745300 0.726500 0.672000 0.780400 0.709800 0.727500 0.731400 0.855600 0.821400 0.969000 0.786400 0.907500 0.825000 0.935400 0.725900 0.962700 0.931000 0.947700 0.962400 0.880800 0.973800 1.009900 0.933500 1.023100 1.044200 1.028700 
lo_canaden0.819200 0.789400 0.577600 0.745300 0.000000 0.473600 0.555100 0.663500 0.592900 0.638800 0.642700 0.805700 0.771500 0.919100 0.736500 0.857600 0.775100 0.885500 0.676000 0.912800 0.881100 0.897800 0.912500 0.830900 0.923900 0.960000 0.883600 0.973200 0.994300 0.978800 
m_nivalis  0.800400 0.770600 0.558800 0.726500 0.473600 0.000000 0.536300 0.644700 0.574100 0.620000 0.623900 0.786900 0.752700 0.900300 0.717700 0.838800 0.756300 0.866700 0.657200 0.894000 0.862300 0.879000 0.893700 0.812100 0.905100 0.941200 0.864800 0.954400 0.975500 0.960000 
m_mephitis0.745900 0.716100 0.504300 0.672000 0.555100 0.536300 0.000000 0.356600 0.472400 0.565500 0.569400 0.732400 0.698200 0.845800 0.663200 0.784300 0.701800 0.812200 0.602700 0.839500 0.807800 0.824500 0.839200 0.757600 0.850600 0.886700 0.810300 0.899900 0.921000 0.905500 
p_onca     0.854300 0.824500 0.612700 0.780400 0.663500 0.644700 0.356600 0.000000 0.580800 0.673900 0.677800 0.840800 0.806600 0.954200 0.771600 0.892700 0.810200 0.920600 0.711100 0.947900 0.916200 0.932900 0.947600 0.866000 0.959000 0.995100 0.918700 1.008300 1.029400 1.013900 
m_frenata  0.783700 0.753900 0.542100 0.709800 0.592900 0.574100 0.472400 0.580800 0.000000 0.603300 0.607200 0.770200 0.736000 0.883600 0.701000 0.822100 0.739600 0.850000 0.640500 0.877300 0.845600 0.862300 0.877000 0.795400 0.888400 0.924500 0.848100 0.937700 0.958800 0.943300 
l_rufus    0.801400 0.771600 0.559800 0.727500 0.638800 0.620000 0.565500 0.673900 0.603300 0.000000 0.496900 0.787900 0.753700 0.901300 0.718700 0.839800 0.757300 0.867700 0.658200 0.895000 0.863300 0.880000 0.894700 0.813100 0.906100 0.942200 0.865800 0.955400 0.976500 0.961000 
m_erminea  0.805300 0.775500 0.563700 0.731400 0.642700 0.623900 0.569400 0.677800 0.607200 0.496900 0.000000 0.791800 0.757600 0.905200 0.722600 0.843700 0.761200 0.871600 0.662100 0.898900 0.867200 0.883900 0.898600 0.817000 0.910000 0.946100 0.869700 0.959300 0.980400 0.964900 
p_lotor    0.845500 0.815700 0.687900 0.855600 0.805700 0.786900 0.732400 0.840800 0.770200 0.787900 0.791800 0.000000 0.473600 0.877400 0.694800 0.883300 0.800800 0.911200 0.701700 0.938500 0.906800 0.923500 0.938200 0.856600 0.949600 0.985700 0.909300 0.998900 1.020000 1.004500 
p_concolor0.811300 0.781500 0.653700 0.821400 0.771500 0.752700 0.698200 0.806600 0.736000 0.753700 0.757600 0.473600 0.000000 0.843200 0.660600 0.849100 0.766600 0.877000 0.667500 0.904300 0.872600 0.889300 0.904000 0.822400 0.915400 0.951500 0.875100 0.964700 0.985800 0.970300 
s_putorius0.958900 0.929100 0.801300 0.969000 0.919100 0.900300 0.845800 0.954200 0.883600 0.901300 0.905200 0.877400 0.843200 0.000000 0.479600 0.996700 0.914200 1.024600 0.815100 1.051900 1.020200 1.036900 1.051600 0.970000 1.063000 1.099100 1.022700 1.112300 1.133400 1.117900 
s_pygmaea  0.776300 0.746500 0.618700 0.786400 0.736500 0.717700 0.663200 0.771600 0.701000 0.718700 0.722600 0.694800 0.660600 0.479600 0.000000 0.814100 0.731600 0.842000 0.632500 0.869300 0.837600 0.854300 0.869000 0.787400 0.880400 0.916500 0.840100 0.929700 0.950800 0.935300 
m_americana0.897400 0.867600 0.739800 0.907500 0.857600 0.838800 0.784300 0.892700 0.822100 0.839800 0.843700 0.883300 0.849100 0.996700 0.814100 0.000000 0.666500 0.920100 0.710600 0.947400 0.915700 0.932400 0.947100 0.865500 0.958500 0.994600 0.918200 1.007800 1.028900 1.013400 
u_littoralis0.814900 0.785100 0.657300 0.825000 0.775100 0.756300 0.701800 0.810200 0.739600 0.757300 0.761200 0.800800 0.766600 0.914200 0.731600 0.666500 0.000000 0.837600 0.628100 0.864900 0.833200 0.849900 0.864600 0.783000 0.876000 0.912100 0.835700 0.925300 0.946400 0.930900 
m_vison    0.925300 0.895500 0.767700 0.935400 0.885500 0.866700 0.812200 0.920600 0.850000 0.867700 0.871600 0.911200 0.877000 1.024600 0.842000 0.920100 0.837600 0.000000 0.368300 0.800700 0.906600 0.960300 0.975000 0.893400 0.986400 1.022500 0.946100 1.035700 1.056800 1.041300 
v_velox    0.715800 0.686000 0.558200 0.725900 0.676000 0.657200 0.602700 0.711100 0.640500 0.658200 0.662100 0.701700 0.667500 0.815100 0.632500 0.710600 0.628100 0.368300 0.000000 0.591200 0.697100 0.750800 0.765500 0.683900 0.776900 0.813000 0.736600 0.826200 0.847300 0.831800 
u_americanus0.952600 0.922800 0.795000 0.962700 0.912800 0.894000 0.839500 0.947900 0.877300 0.895000 0.898900 0.938500 0.904300 1.051900 0.869300 0.947400 0.864900 0.800700 0.591200 0.000000 0.933900 0.987600 1.002300 0.920700 1.013700 1.049800 0.973400 1.063000 1.084100 1.068600 
g_gulo     0.920900 0.891100 0.763300 0.931000 0.881100 0.862300 0.807800 0.916200 0.845600 0.863300 0.867200 0.906800 0.872600 1.020200 0.837600 0.915700 0.833200 0.906600 0.697100 0.933900 0.000000 0.955900 0.970600 0.889000 0.982000 1.018100 0.941700 1.031300 1.052400 1.036900 
a_lagopus  0.937600 0.907800 0.780000 0.947700 0.897800 0.879000 0.824500 0.932900 0.862300 0.880000 0.883900 0.923500 0.889300 1.036900 0.854300 0.932400 0.849900 0.960300 0.750800 0.987600 0.955900 0.000000 0.737100 0.808700 0.901700 0.994400 0.918000 1.007600 1.028700 1.013200 
c_leuconotus0.952300 0.922500 0.794700 0.962400 0.912500 0.893700 0.839200 0.947600 0.877000 0.894700 0.898600 0.938200 0.904000 1.051600 0.869000 0.947100 0.864600 0.975000 0.765500 1.002300 0.970600 0.737100 0.000000 0.823400 0.916400 1.009100 0.932700 1.022300 1.043400 1.027900 
c_lupus    0.870700 0.840900 0.713100 0.880800 0.830900 0.812100 0.757600 0.866000 0.795400 0.813100 0.817000 0.856600 0.822400 0.970000 0.787400 0.865500 0.783000 0.893400 0.683900 0.920700 0.889000 0.808700 0.823400 0.000000 0.655000 0.927500 0.851100 0.940700 0.961800 0.946300 
l_pardalis0.963700 0.933900 0.806100 0.973800 0.923900 0.905100 0.850600 0.959000 0.888400 0.906100 0.910000 0.949600 0.915400 1.063000 0.880400 0.958500 0.876000 0.986400 0.776900 1.013700 0.982000 0.901700 0.916400 0.655000 0.000000 1.020500 0.944100 1.033700 1.054800 1.039300 
t_taxus    0.999800 0.970000 0.842200 1.009900 0.960000 0.941200 0.886700 0.995100 0.924500 0.942200 0.946100 0.985700 0.951500 1.099100 0.916500 0.994600 0.912100 1.022500 0.813000 1.049800 1.018100 0.994400 1.009100 0.927500 1.020500 0.000000 0.713400 1.016600 1.037700 1.022200 
u_arctos   0.923400 0.893600 0.765800 0.933500 0.883600 0.864800 0.810300 0.918700 0.848100 0.865800 0.869700 0.909300 0.875100 1.022700 0.840100 0.918200 0.835700 0.946100 0.736600 0.973400 0.941700 0.918000 0.932700 0.851100 0.944100 0.713400 0.000000 0.940200 0.961300 0.945800 
h_yaguarondi1.013000 0.983200 0.855400 1.023100 0.973200 0.954400 0.899900 1.008300 0.937700 0.955400 0.959300 0.998900 0.964700 1.112300 0.929700 1.007800 0.925300 1.035700 0.826200 1.063000 1.031300 1.007600 1.022300 0.940700 1.033700 1.016600 0.940200 0.000000 1.000100 0.989400 
v_vulpes   1.034100 1.004300 0.876500 1.044200 0.994300 0.975500 0.921000 1.029400 0.958800 0.976500 0.980400 1.020000 0.985800 1.133400 0.950800 1.028900 0.946400 1.056800 0.847300 1.084100 1.052400 1.028700 1.043400 0.961800 1.054800 1.037700 0.961300 1.000100 0.000000 1.010500 
n_narica   1.018600 0.988800 0.861000 1.028700 0.978800 0.960000 0.905500 1.013900 0.943300 0.961000 0.964900 1.004500 0.970300 1.117900 0.935300 1.013400 0.930900 1.041300 0.831800 1.068600 1.036900 1.013200 1.027900 0.946300 1.039300 1.022200 0.945800 0.989400 1.010500 0.000000 

