18
m_american0.000000 200.000000 241.000000 342.000000 342.000000 312.000000 616.000000 616.000000 517.000000 657.000000 657.000000 568.000000 534.000000 534.000000 484.000000 484.000000 363.000000 317.000000 
n_vison    200.000000 0.000000 241.000000 342.000000 342.000000 312.000000 616.000000 616.000000 517.000000 657.000000 657.000000 568.000000 534.000000 534.000000 484.000000 484.000000 363.000000 317.000000 
t_taxus    241.000000 241.000000 0.000000 301.000000 301.000000 271.000000 575.000000 575.000000 476.000000 616.000000 616.000000 527.000000 493.000000 493.000000 443.000000 443.000000 322.000000 276.000000 
m_pennanti342.000000 342.000000 301.000000 0.000000 200.000000 230.000000 608.000000 608.000000 509.000000 649.000000 649.000000 560.000000 526.000000 526.000000 476.000000 476.000000 355.000000 309.000000 
m_nivalis  342.000000 342.000000 301.000000 200.000000 0.000000 230.000000 608.000000 608.000000 509.000000 649.000000 649.000000 560.000000 526.000000 526.000000 476.000000 476.000000 355.000000 309.000000 
g_gulo     312.000000 312.000000 271.000000 230.000000 230.000000 0.000000 578.000000 578.000000 479.000000 619.000000 619.000000 530.000000 496.000000 496.000000 446.000000 446.000000 325.000000 279.000000 
c_latrans  616.000000 616.000000 575.000000 608.000000 608.000000 578.000000 0.000000 200.000000 299.000000 623.000000 623.000000 534.000000 500.000000 500.000000 528.000000 528.000000 453.000000 499.000000 
c_lupus    616.000000 616.000000 575.000000 608.000000 608.000000 578.000000 200.000000 0.000000 299.000000 623.000000 623.000000 534.000000 500.000000 500.000000 528.000000 528.000000 453.000000 499.000000 
v_lagopus  517.000000 517.000000 476.000000 509.000000 509.000000 479.000000 299.000000 299.000000 0.000000 524.000000 524.000000 435.000000 401.000000 401.000000 429.000000 429.000000 354.000000 400.000000 
l_rufus    657.000000 657.000000 616.000000 649.000000 649.000000 619.000000 623.000000 623.000000 524.000000 0.000000 200.000000 289.000000 451.000000 451.000000 569.000000 569.000000 494.000000 540.000000 
ly_canaden657.000000 657.000000 616.000000 649.000000 649.000000 619.000000 623.000000 623.000000 524.000000 200.000000 0.000000 289.000000 451.000000 451.000000 569.000000 569.000000 494.000000 540.000000 
p_concolor568.000000 568.000000 527.000000 560.000000 560.000000 530.000000 534.000000 534.000000 435.000000 289.000000 289.000000 0.000000 362.000000 362.000000 480.000000 480.000000 405.000000 451.000000 
m_mephitis534.000000 534.000000 493.000000 526.000000 526.000000 496.000000 500.000000 500.000000 401.000000 451.000000 451.000000 362.000000 0.000000 200.000000 446.000000 446.000000 371.000000 417.000000 
s_putorius534.000000 534.000000 493.000000 526.000000 526.000000 496.000000 500.000000 500.000000 401.000000 451.000000 451.000000 362.000000 200.000000 0.000000 446.000000 446.000000 371.000000 417.000000 
u_american484.000000 484.000000 443.000000 476.000000 476.000000 446.000000 528.000000 528.000000 429.000000 569.000000 569.000000 480.000000 446.000000 446.000000 0.000000 200.000000 321.000000 367.000000 
u_arctos   484.000000 484.000000 443.000000 476.000000 476.000000 446.000000 528.000000 528.000000 429.000000 569.000000 569.000000 480.000000 446.000000 446.000000 200.000000 0.000000 321.000000 367.000000 
p_lotor    363.000000 363.000000 322.000000 355.000000 355.000000 325.000000 453.000000 453.000000 354.000000 494.000000 494.000000 405.000000 371.000000 371.000000 321.000000 321.000000 0.000000 246.000000 
lo_canaden317.000000 317.000000 276.000000 309.000000 309.000000 279.000000 499.000000 499.000000 400.000000 540.000000 540.000000 451.000000 417.000000 417.000000 367.000000 367.000000 246.000000 0.000000 

30
a_lagopus  0.000000 8.596400 9.791900 9.783600 9.793600 10.004500 9.187500 7.861100 10.396600 8.536900 10.280800 9.861200 9.034100 9.093300 9.214400 9.551000 9.584500 9.555300 9.131300 9.349700 8.980000 9.634700 9.248300 10.011000 9.633000 10.061100 8.674200 10.717400 8.207000 10.844000 
b_astutus  8.596400 0.000000 9.754300 9.746000 9.756000 9.966900 9.149900 7.823500 10.359000 8.499300 10.243200 9.823600 8.996500 9.055700 9.176800 9.513400 9.546900 9.517700 9.093700 9.312100 8.942400 9.597100 9.210700 9.973400 9.595400 10.023500 8.636600 10.679800 8.169400 10.806400 
h_yaguarondi9.791900 9.754300 0.000000 9.532100 9.811100 10.022000 9.530800 8.204400 10.739900 8.880200 10.624100 10.204500 9.377400 9.436600 9.557700 9.894300 9.927800 9.898600 9.474600 9.693000 9.323300 9.978000 9.591600 10.354300 9.976300 10.404400 9.017500 11.060700 8.550300 11.187300 
n_narica   9.783600 9.746000 9.532100 0.000000 9.802800 10.013700 9.522500 8.196100 10.731600 8.871900 10.615800 10.196200 9.369100 9.428300 9.549400 9.886000 9.919500 9.890300 9.466300 9.684700 9.315000 9.969700 9.583300 10.346000 9.968000 10.396100 9.009200 11.052400 8.542000 11.179000 
s_putorius9.793600 9.756000 9.811100 9.802800 0.000000 9.999900 9.532500 8.206100 10.741600 8.881900 10.625800 10.206200 9.379100 9.438300 9.559400 9.896000 9.929500 9.900300 9.476300 9.694700 9.325000 9.979700 9.593300 10.356000 9.978000 10.406100 9.019200 11.062400 8.552000 11.189000 
v_vulpes   10.004500 9.966900 10.022000 10.013700 9.999900 0.000000 9.743400 8.417000 10.952500 9.092800 10.836700 10.417100 9.590000 9.649200 9.770300 10.106900 10.140400 10.111200 9.687200 9.905600 9.535900 10.190600 9.804200 10.566900 10.188900 10.617000 9.230100 11.273300 8.762900 11.399900 
p_onca     9.187500 9.149900 9.530800 9.522500 9.532500 9.743400 0.000000 7.300200 9.835700 7.976000 9.719900 9.300300 8.473200 8.532400 8.653500 8.990100 9.023600 8.994400 8.570400 8.788800 8.419100 9.073800 8.687400 9.450100 9.072100 9.500200 8.113300 10.156500 7.646100 10.283100 
c_latrans  7.861100 7.823500 8.204400 8.196100 8.206100 8.417000 7.300200 0.000000 5.087700 4.892400 6.636300 7.037300 6.210200 6.269400 6.390500 6.727100 6.760600 6.731400 6.307400 6.525800 6.156100 6.810800 6.424400 7.187100 6.809100 7.237200 5.850300 7.893500 5.383100 8.020100 
c_leuconotus10.396600 10.359000 10.739900 10.731600 10.741600 10.952500 9.835700 5.087700 0.000000 7.427900 9.171800 9.572800 8.745700 8.804900 8.926000 9.262600 9.296100 9.266900 8.842900 9.061300 8.691600 9.346300 8.959900 9.722600 9.344600 9.772700 8.385800 10.429000 7.918600 10.555600 
c_lupus    8.536900 8.499300 8.880200 8.871900 8.881900 9.092800 7.976000 4.892400 7.427900 0.000000 4.386100 7.713100 6.886000 6.945200 7.066300 7.402900 7.436400 7.407200 6.983200 7.201600 6.831900 7.486600 7.100200 7.862900 7.484900 7.913000 6.526100 8.569300 6.058900 8.695900 
l_pardalis10.280800 10.243200 10.624100 10.615800 10.625800 10.836700 9.719900 6.636300 9.171800 4.386100 0.000000 9.457000 8.629900 8.689100 8.810200 9.146800 9.180300 9.151100 8.727100 8.945500 8.575800 9.230500 8.844100 9.606800 9.228800 9.656900 8.270000 10.313200 7.802800 10.439800 
m_pennanti9.861200 9.823600 10.204500 10.196200 10.206200 10.417100 9.300300 7.037300 9.572800 7.713100 9.457000 0.000000 7.251300 7.330500 7.451600 7.788200 7.821700 7.792500 7.368500 7.586900 7.217200 7.871900 7.485500 9.176800 8.798800 9.226900 7.840000 9.883200 7.372800 10.009800 
p_lotor    9.034100 8.996500 9.377400 9.369100 9.379100 9.590000 8.473200 6.210200 8.745700 6.886000 8.629900 7.251300 0.000000 6.503400 6.624500 6.961100 6.994600 6.965400 6.541400 6.759800 6.390100 7.044800 6.658400 8.349700 7.971700 8.399800 7.012900 9.056100 6.545700 9.182700 
l_canadensis9.093300 9.055700 9.436600 9.428300 9.438300 9.649200 8.532400 6.269400 8.804900 6.945200 8.689100 7.330500 6.503400 0.000000 4.210500 6.238500 6.272000 6.793800 6.369800 6.588200 6.218500 6.873200 6.486800 8.408900 8.030900 8.459000 7.072100 9.115300 6.604900 9.241900 
m_mephitis9.214400 9.176800 9.557700 9.549400 9.559400 9.770300 8.653500 6.390500 8.926000 7.066300 8.810200 7.451600 6.624500 4.210500 0.000000 6.359600 6.393100 6.914900 6.490900 6.709300 6.339600 6.994300 6.607900 8.530000 8.152000 8.580100 7.193200 9.236400 6.726000 9.363000 
g_gulo     9.551000 9.513400 9.894300 9.886000 9.896000 10.106900 8.990100 6.727100 9.262600 7.402900 9.146800 7.788200 6.961100 6.238500 6.359600 0.000000 5.964700 7.251500 6.827500 7.045900 6.676200 7.330900 6.944500 8.866600 8.488600 8.916700 7.529800 9.573000 7.062600 9.699600 
l_rufus    9.584500 9.546900 9.927800 9.919500 9.929500 10.140400 9.023600 6.760600 9.296100 7.436400 9.180300 7.821700 6.994600 6.272000 6.393100 5.964700 0.000000 7.285000 6.861000 7.079400 6.709700 7.364400 6.978000 8.900100 8.522100 8.950200 7.563300 9.606500 7.096100 9.733100 
l_canadensis9.555300 9.517700 9.898600 9.890300 9.900300 10.111200 8.994400 6.731400 9.266900 7.407200 9.151100 7.792500 6.965400 6.793800 6.914900 7.251500 7.285000 0.000000 6.081800 6.896000 6.526300 7.181000 6.794600 8.870900 8.492900 8.921000 7.534100 9.577300 7.066900 9.703900 
m_frenata  9.131300 9.093700 9.474600 9.466300 9.476300 9.687200 8.570400 6.307400 8.842900 6.983200 8.727100 7.368500 6.541400 6.369800 6.490900 6.827500 6.861000 6.081800 0.000000 6.472000 6.102300 6.757000 6.370600 8.446900 8.068900 8.497000 7.110100 9.153300 6.642900 9.279900 
m_erminea  9.349700 9.312100 9.693000 9.684700 9.694700 9.905600 8.788800 6.525800 9.061300 7.201600 8.945500 7.586900 6.759800 6.588200 6.709300 7.045900 7.079400 6.896000 6.472000 0.000000 4.152100 6.401400 6.015000 8.665300 8.287300 8.715400 7.328500 9.371700 6.861300 9.498300 
m_nivalis  8.980000 8.942400 9.323300 9.315000 9.325000 9.535900 8.419100 6.156100 8.691600 6.831900 8.575800 7.217200 6.390100 6.218500 6.339600 6.676200 6.709700 6.526300 6.102300 4.152100 0.000000 6.031700 5.645300 8.295600 7.917600 8.345700 6.958800 9.002000 6.491600 9.128600 
m_americana9.634700 9.597100 9.978000 9.969700 9.979700 10.190600 9.073800 6.810800 9.346300 7.486600 9.230500 7.871900 7.044800 6.873200 6.994300 7.330900 7.364400 7.181000 6.757000 6.401400 6.031700 0.000000 5.321800 8.950300 8.572300 9.000400 7.613500 9.656700 7.146300 9.783300 
u_littoralis9.248300 9.210700 9.591600 9.583300 9.593300 9.804200 8.687400 6.424400 8.959900 7.100200 8.844100 7.485500 6.658400 6.486800 6.607900 6.944500 6.978000 6.794600 6.370600 6.015000 5.645300 5.321800 0.000000 8.563900 8.185900 8.614000 7.227100 9.270300 6.759900 9.396900 
p_concolor10.011000 9.973400 10.354300 10.346000 10.356000 10.566900 9.450100 7.187100 9.722600 7.862900 9.606800 9.176800 8.349700 8.408900 8.530000 8.866600 8.900100 8.870900 8.446900 8.665300 8.295600 8.950300 8.563900 0.000000 6.374200 9.368100 7.981200 10.024400 7.514000 10.151000 
s_pygmaea  9.633000 9.595400 9.976300 9.968000 9.978000 10.188900 9.072100 6.809100 9.344600 7.484900 9.228800 8.798800 7.971700 8.030900 8.152000 8.488600 8.522100 8.492900 8.068900 8.287300 7.917600 8.572300 8.185900 6.374200 0.000000 8.990100 7.603200 9.646400 7.136000 9.773000 
m_vison    10.061100 10.023500 10.404400 10.396100 10.406100 10.617000 9.500200 7.237200 9.772700 7.913000 9.656900 9.226900 8.399800 8.459000 8.580100 8.916700 8.950200 8.921000 8.497000 8.715400 8.345700 9.000400 8.614000 9.368100 8.990100 0.000000 4.269100 9.187500 6.677100 9.314100 
u_americanus8.674200 8.636600 9.017500 9.009200 9.019200 9.230100 8.113300 5.850300 8.385800 6.526100 8.270000 7.840000 7.012900 7.072100 7.193200 7.529800 7.563300 7.534100 7.110100 7.328500 6.958800 7.613500 7.227100 7.981200 7.603200 4.269100 0.000000 7.800600 5.290200 7.927200 
u_arctos   10.717400 10.679800 11.060700 11.052400 11.062400 11.273300 10.156500 7.893500 10.429000 8.569300 10.313200 9.883200 9.056100 9.115300 9.236400 9.573000 9.606500 9.577300 9.153300 9.371700 9.002000 9.656700 9.270300 10.024400 9.646400 9.187500 7.800600 0.000000 4.268400 9.560200 
v_velox    8.207000 8.169400 8.550300 8.542000 8.552000 8.762900 7.646100 5.383100 7.918600 6.058900 7.802800 7.372800 6.545700 6.604900 6.726000 7.062600 7.096100 7.066900 6.642900 6.861300 6.491600 7.146300 6.759900 7.514000 7.136000 6.677100 5.290200 4.268400 0.000000 7.049800 
t_taxus    10.844000 10.806400 11.187300 11.179000 11.189000 11.399900 10.283100 8.020100 10.555600 8.695900 10.439800 10.009800 9.182700 9.241900 9.363000 9.699600 9.733100 9.703900 9.279900 9.498300 9.128600 9.783300 9.396900 10.151000 9.773000 9.314100 7.927200 9.560200 7.049800 0.000000 

