20
g_gulo     0.000000 200.000000 258.000000 276.000000 304.000000 404.000000 404.000000 383.000000 414.000000 706.000000 706.000000 636.000000 634.000000 634.000000 587.000000 587.000000 514.000000 575.000000 575.000000 442.000000 
m_erminea  200.000000 0.000000 258.000000 276.000000 304.000000 404.000000 404.000000 383.000000 414.000000 706.000000 706.000000 636.000000 634.000000 634.000000 587.000000 587.000000 514.000000 575.000000 575.000000 442.000000 
n_vison    258.000000 258.000000 0.000000 218.000000 246.000000 346.000000 346.000000 325.000000 356.000000 648.000000 648.000000 578.000000 576.000000 576.000000 529.000000 529.000000 456.000000 517.000000 517.000000 384.000000 
m_nivalis  276.000000 276.000000 218.000000 0.000000 228.000000 328.000000 328.000000 307.000000 338.000000 630.000000 630.000000 560.000000 558.000000 558.000000 511.000000 511.000000 438.000000 499.000000 499.000000 366.000000 
m_american304.000000 304.000000 246.000000 228.000000 0.000000 300.000000 300.000000 279.000000 310.000000 602.000000 602.000000 532.000000 530.000000 530.000000 483.000000 483.000000 410.000000 471.000000 471.000000 338.000000 
lo_canaden404.000000 404.000000 346.000000 328.000000 300.000000 0.000000 200.000000 303.000000 334.000000 626.000000 626.000000 556.000000 554.000000 554.000000 507.000000 507.000000 434.000000 495.000000 495.000000 362.000000 
m_frenata  404.000000 404.000000 346.000000 328.000000 300.000000 200.000000 0.000000 303.000000 334.000000 626.000000 626.000000 556.000000 554.000000 554.000000 507.000000 507.000000 434.000000 495.000000 495.000000 362.000000 
m_pennanti383.000000 383.000000 325.000000 307.000000 279.000000 303.000000 303.000000 0.000000 231.000000 523.000000 523.000000 453.000000 451.000000 451.000000 404.000000 404.000000 331.000000 392.000000 392.000000 259.000000 
u_arctos   414.000000 414.000000 356.000000 338.000000 310.000000 334.000000 334.000000 231.000000 0.000000 492.000000 492.000000 422.000000 420.000000 420.000000 373.000000 373.000000 300.000000 361.000000 361.000000 228.000000 
l_pardalis706.000000 706.000000 648.000000 630.000000 602.000000 626.000000 626.000000 523.000000 492.000000 0.000000 200.000000 270.000000 464.000000 464.000000 581.000000 581.000000 508.000000 569.000000 569.000000 464.000000 
ly_canaden706.000000 706.000000 648.000000 630.000000 602.000000 626.000000 626.000000 523.000000 492.000000 200.000000 0.000000 270.000000 464.000000 464.000000 581.000000 581.000000 508.000000 569.000000 569.000000 464.000000 
p_onca     636.000000 636.000000 578.000000 560.000000 532.000000 556.000000 556.000000 453.000000 422.000000 270.000000 270.000000 0.000000 394.000000 394.000000 511.000000 511.000000 438.000000 499.000000 499.000000 394.000000 
c_lupus    634.000000 634.000000 576.000000 558.000000 530.000000 554.000000 554.000000 451.000000 420.000000 464.000000 464.000000 394.000000 0.000000 200.000000 509.000000 509.000000 436.000000 497.000000 497.000000 392.000000 
v_lagopus  634.000000 634.000000 576.000000 558.000000 530.000000 554.000000 554.000000 451.000000 420.000000 464.000000 464.000000 394.000000 200.000000 0.000000 509.000000 509.000000 436.000000 497.000000 497.000000 392.000000 
p_lotor    587.000000 587.000000 529.000000 511.000000 483.000000 507.000000 507.000000 404.000000 373.000000 581.000000 581.000000 511.000000 509.000000 509.000000 0.000000 200.000000 273.000000 404.000000 404.000000 345.000000 
b_astutus  587.000000 587.000000 529.000000 511.000000 483.000000 507.000000 507.000000 404.000000 373.000000 581.000000 581.000000 511.000000 509.000000 509.000000 200.000000 0.000000 273.000000 404.000000 404.000000 345.000000 
n_narica   514.000000 514.000000 456.000000 438.000000 410.000000 434.000000 434.000000 331.000000 300.000000 508.000000 508.000000 438.000000 436.000000 436.000000 273.000000 273.000000 0.000000 331.000000 331.000000 272.000000 
s_putorius575.000000 575.000000 517.000000 499.000000 471.000000 495.000000 495.000000 392.000000 361.000000 569.000000 569.000000 499.000000 497.000000 497.000000 404.000000 404.000000 331.000000 0.000000 200.000000 333.000000 
m_mephitis575.000000 575.000000 517.000000 499.000000 471.000000 495.000000 495.000000 392.000000 361.000000 569.000000 569.000000 499.000000 497.000000 497.000000 404.000000 404.000000 331.000000 200.000000 0.000000 333.000000 
t_taxus    442.000000 442.000000 384.000000 366.000000 338.000000 362.000000 362.000000 259.000000 228.000000 464.000000 464.000000 394.000000 392.000000 392.000000 345.000000 345.000000 272.000000 333.000000 333.000000 0.000000 

30
m_vison    0.000000 0.321400 0.661800 0.862500 0.888700 0.978900 0.982200 1.031700 1.018500 1.013300 1.004500 1.036200 1.056200 0.999400 0.787500 0.786900 0.821100 0.803800 0.854000 0.841200 0.877300 0.892800 0.793200 0.904900 0.841100 0.834300 0.866400 0.691200 0.982400 0.858400 
v_velox    0.321400 0.000000 0.467400 0.668100 0.694300 0.784500 0.787800 0.837300 0.824100 0.818900 0.810100 0.841800 0.861800 0.805000 0.593100 0.592500 0.626700 0.609400 0.659600 0.646800 0.682900 0.698400 0.598800 0.710500 0.646700 0.639900 0.672000 0.496800 0.788000 0.664000 
u_americanus0.661800 0.467400 0.000000 0.842900 0.869100 0.959300 0.962600 1.012100 0.998900 0.993700 0.984900 1.016600 1.036600 0.979800 0.767900 0.767300 0.801500 0.784200 0.834400 0.821600 0.857700 0.873200 0.773600 0.885300 0.821500 0.814700 0.846800 0.671600 0.962800 0.838800 
g_gulo     0.862500 0.668100 0.842900 0.000000 0.855400 0.945600 0.948900 0.998400 0.985200 0.980000 0.971200 1.002900 1.022900 0.966100 0.754200 0.753600 0.787800 0.770500 0.820700 0.807900 0.844000 0.859500 0.759900 0.871600 0.807800 0.801000 0.833100 0.657900 0.949100 0.825100 
c_lupus    0.888700 0.694300 0.869100 0.855400 0.000000 0.684000 0.892500 0.942000 0.928800 0.923600 0.914800 0.946500 0.966500 0.941500 0.729600 0.770800 0.805000 0.787700 0.837900 0.825100 0.861200 0.876700 0.777100 0.888800 0.825000 0.818200 0.850300 0.675100 0.966300 0.842300 
c_leuconotus0.978900 0.784500 0.959300 0.945600 0.684000 0.000000 0.982700 1.032200 1.019000 1.013800 1.005000 1.036700 1.056700 1.031700 0.819800 0.861000 0.895200 0.877900 0.928100 0.915300 0.951400 0.966900 0.867300 0.979000 0.915200 0.908400 0.940500 0.765300 1.056500 0.932500 
b_astutus  0.982200 0.787800 0.962600 0.948900 0.892500 0.982700 0.000000 0.911900 0.940500 0.950900 0.942100 0.973800 0.993800 1.035000 0.823100 0.864300 0.898500 0.881200 0.931400 0.918600 0.954700 0.970200 0.870600 0.982300 0.918500 0.911700 0.943800 0.768600 1.059800 0.935800 
h_yaguarondi1.031700 0.837300 1.012100 0.998400 0.942000 1.032200 0.911900 0.000000 0.990000 1.000400 0.991600 1.023300 1.043300 1.084500 0.872600 0.913800 0.948000 0.930700 0.980900 0.968100 1.004200 1.019700 0.920100 1.031800 0.968000 0.961200 0.993300 0.818100 1.109300 0.985300 
a_lagopus  1.018500 0.824100 0.998900 0.985200 0.928800 1.019000 0.940500 0.990000 0.000000 0.987200 0.978400 1.010100 1.030100 1.071300 0.859400 0.900600 0.934800 0.917500 0.967700 0.954900 0.991000 1.006500 0.906900 1.018600 0.954800 0.948000 0.980100 0.804900 1.096100 0.972100 
s_putorius1.013300 0.818900 0.993700 0.980000 0.923600 1.013800 0.950900 1.000400 0.987200 0.000000 0.888800 0.987100 1.007100 1.066100 0.854200 0.895400 0.929600 0.912300 0.962500 0.949700 0.985800 1.001300 0.901700 1.013400 0.949600 0.942800 0.974900 0.799700 1.090900 0.966900 
u_arctos   1.004500 0.810100 0.984900 0.971200 0.914800 1.005000 0.942100 0.991600 0.978400 0.888800 0.000000 0.978300 0.998300 1.057300 0.845400 0.886600 0.920800 0.903500 0.953700 0.940900 0.977000 0.992500 0.892900 1.004600 0.940800 0.934000 0.966100 0.790900 1.082100 0.958100 
n_narica   1.036200 0.841800 1.016600 1.002900 0.946500 1.036700 0.973800 1.023300 1.010100 0.987100 0.978300 0.000000 1.000000 1.089000 0.877100 0.918300 0.952500 0.935200 0.985400 0.972600 1.008700 1.024200 0.924600 1.036300 0.972500 0.965700 0.997800 0.822600 1.113800 0.989800 
v_vulpes   1.056200 0.861800 1.036600 1.022900 0.966500 1.056700 0.993800 1.043300 1.030100 1.007100 0.998300 1.000000 0.000000 1.109000 0.897100 0.938300 0.972500 0.955200 1.005400 0.992600 1.028700 1.044200 0.944600 1.056300 0.992500 0.985700 1.017800 0.842600 1.133800 1.009800 
t_taxus    0.999400 0.805000 0.979800 0.966100 0.941500 1.031700 1.035000 1.084500 1.071300 1.066100 1.057300 1.089000 1.109000 0.000000 0.649100 0.881500 0.915700 0.898400 0.948600 0.935800 0.971900 0.987400 0.887800 0.999500 0.935700 0.928900 0.961000 0.785800 1.077000 0.953000 
u_littoralis0.787500 0.593100 0.767900 0.754200 0.729600 0.819800 0.823100 0.872600 0.859400 0.854200 0.845400 0.877100 0.897100 0.649100 0.000000 0.669600 0.703800 0.686500 0.736700 0.723900 0.760000 0.775500 0.675900 0.787600 0.723800 0.717000 0.749100 0.573900 0.865100 0.741100 
m_mephitis0.786900 0.592500 0.767300 0.753600 0.770800 0.861000 0.864300 0.913800 0.900600 0.895400 0.886600 0.918300 0.938300 0.881500 0.669600 0.000000 0.380000 0.470900 0.521100 0.583300 0.619400 0.669700 0.600500 0.712200 0.648400 0.641600 0.673700 0.515900 0.807100 0.683100 
m_erminea  0.821100 0.626700 0.801500 0.787800 0.805000 0.895200 0.898500 0.948000 0.934800 0.929600 0.920800 0.952500 0.972500 0.915700 0.703800 0.380000 0.000000 0.505100 0.555300 0.617500 0.653600 0.703900 0.634700 0.746400 0.682600 0.675800 0.707900 0.550100 0.841300 0.717300 
lo_canaden0.803800 0.609400 0.784200 0.770500 0.787700 0.877900 0.881200 0.930700 0.917500 0.912300 0.903500 0.935200 0.955200 0.898400 0.686500 0.470900 0.505100 0.000000 0.427000 0.600200 0.636300 0.686600 0.617400 0.729100 0.665300 0.658500 0.690600 0.532800 0.824000 0.700000 
m_nivalis  0.854000 0.659600 0.834400 0.820700 0.837900 0.928100 0.931400 0.980900 0.967700 0.962500 0.953700 0.985400 1.005400 0.948600 0.736700 0.521100 0.555300 0.427000 0.000000 0.650400 0.686500 0.736800 0.667600 0.779300 0.715500 0.708700 0.740800 0.583000 0.874200 0.750200 
m_frenata  0.841200 0.646800 0.821600 0.807900 0.825100 0.915300 0.918600 0.968100 0.954900 0.949700 0.940900 0.972600 0.992600 0.935800 0.723900 0.583300 0.617500 0.600200 0.650400 0.000000 0.350700 0.724000 0.654800 0.766500 0.702700 0.695900 0.728000 0.570200 0.861400 0.737400 
p_onca     0.877300 0.682900 0.857700 0.844000 0.861200 0.951400 0.954700 1.004200 0.991000 0.985800 0.977000 1.008700 1.028700 0.971900 0.760000 0.619400 0.653600 0.636300 0.686500 0.350700 0.000000 0.760100 0.690900 0.802600 0.738800 0.732000 0.764100 0.606300 0.897500 0.773500 
m_americana0.892800 0.698400 0.873200 0.859500 0.876700 0.966900 0.970200 1.019700 1.006500 1.001300 0.992500 1.024200 1.044200 0.987400 0.775500 0.669700 0.703900 0.686600 0.736800 0.724000 0.760100 0.000000 0.706400 0.818100 0.754300 0.747500 0.779600 0.621800 0.913000 0.789000 
l_rufus    0.793200 0.598800 0.773600 0.759900 0.777100 0.867300 0.870600 0.920100 0.906900 0.901700 0.892900 0.924600 0.944600 0.887800 0.675900 0.600500 0.634700 0.617400 0.667600 0.654800 0.690900 0.706400 0.000000 0.403500 0.599900 0.593100 0.625200 0.522200 0.813400 0.689400 
m_pennanti0.904900 0.710500 0.885300 0.871600 0.888800 0.979000 0.982300 1.031800 1.018600 1.013400 1.004600 1.036300 1.056300 0.999500 0.787600 0.712200 0.746400 0.729100 0.779300 0.766500 0.802600 0.818100 0.403500 0.000000 0.711600 0.704800 0.736900 0.633900 0.925100 0.801100 
p_lotor    0.841100 0.646700 0.821500 0.807800 0.825000 0.915200 0.918500 0.968000 0.954800 0.949600 0.940800 0.972500 0.992500 0.935700 0.723800 0.648400 0.682600 0.665300 0.715500 0.702700 0.738800 0.754300 0.599900 0.711600 0.000000 0.432600 0.518300 0.570100 0.861300 0.737300 
s_pygmaea  0.834300 0.639900 0.814700 0.801000 0.818200 0.908400 0.911700 0.961200 0.948000 0.942800 0.934000 0.965700 0.985700 0.928900 0.717000 0.641600 0.675800 0.658500 0.708700 0.695900 0.732000 0.747500 0.593100 0.704800 0.432600 0.000000 0.511500 0.563300 0.854500 0.730500 
p_concolor0.866400 0.672000 0.846800 0.833100 0.850300 0.940500 0.943800 0.993300 0.980100 0.974900 0.966100 0.997800 1.017800 0.961000 0.749100 0.673700 0.707900 0.690600 0.740800 0.728000 0.764100 0.779600 0.625200 0.736900 0.518300 0.511500 0.000000 0.595400 0.886600 0.762600 
c_latrans  0.691200 0.496800 0.671600 0.657900 0.675100 0.765300 0.768600 0.818100 0.804900 0.799700 0.790900 0.822600 0.842600 0.785800 0.573900 0.515900 0.550100 0.532800 0.583000 0.570200 0.606300 0.621800 0.522200 0.633900 0.570100 0.563300 0.595400 0.000000 0.321600 0.474400 
l_pardalis0.982400 0.788000 0.962800 0.949100 0.966300 1.056500 1.059800 1.109300 1.096100 1.090900 1.082100 1.113800 1.133800 1.077000 0.865100 0.807100 0.841300 0.824000 0.874200 0.861400 0.897500 0.913000 0.813400 0.925100 0.861300 0.854500 0.886600 0.321600 0.000000 0.765600 
ly_canaden0.858400 0.664000 0.838800 0.825100 0.842300 0.932500 0.935800 0.985300 0.972100 0.966900 0.958100 0.989800 1.009800 0.953000 0.741100 0.683100 0.717300 0.700000 0.750200 0.737400 0.773500 0.789000 0.689400 0.801100 0.737300 0.730500 0.762600 0.474400 0.765600 0.000000 

