18
m_american0.000000 200.000000 241.000000 342.000000 342.000000 312.000000 616.000000 616.000000 517.000000 657.000000 657.000000 568.000000 534.000000 534.000000 484.000000 484.000000 363.000000 317.000000 
n_vison    200.000000 0.000000 241.000000 342.000000 342.000000 312.000000 616.000000 616.000000 517.000000 657.000000 657.000000 568.000000 534.000000 534.000000 484.000000 484.000000 363.000000 317.000000 
t_taxus    241.000000 241.000000 0.000000 301.000000 301.000000 271.000000 575.000000 575.000000 476.000000 616.000000 616.000000 527.000000 493.000000 493.000000 443.000000 443.000000 322.000000 276.000000 
m_pennanti342.000000 342.000000 301.000000 0.000000 200.000000 230.000000 608.000000 608.000000 509.000000 649.000000 649.000000 560.000000 526.000000 526.000000 476.000000 476.000000 355.000000 309.000000 
m_nivalis  342.000000 342.000000 301.000000 200.000000 0.000000 230.000000 608.000000 608.000000 509.000000 649.000000 649.000000 560.000000 526.000000 526.000000 476.000000 476.000000 355.000000 309.000000 
g_gulo     312.000000 312.000000 271.000000 230.000000 230.000000 0.000000 578.000000 578.000000 479.000000 619.000000 619.000000 530.000000 496.000000 496.000000 446.000000 446.000000 325.000000 279.000000 
c_latrans  616.000000 616.000000 575.000000 608.000000 608.000000 578.000000 0.000000 200.000000 299.000000 623.000000 623.000000 534.000000 500.000000 500.000000 528.000000 528.000000 453.000000 499.000000 
c_lupus    616.000000 616.000000 575.000000 608.000000 608.000000 578.000000 200.000000 0.000000 299.000000 623.000000 623.000000 534.000000 500.000000 500.000000 528.000000 528.000000 453.000000 499.000000 
v_lagopus  517.000000 517.000000 476.000000 509.000000 509.000000 479.000000 299.000000 299.000000 0.000000 524.000000 524.000000 435.000000 401.000000 401.000000 429.000000 429.000000 354.000000 400.000000 
l_rufus    657.000000 657.000000 616.000000 649.000000 649.000000 619.000000 623.000000 623.000000 524.000000 0.000000 200.000000 289.000000 451.000000 451.000000 569.000000 569.000000 494.000000 540.000000 
ly_canaden657.000000 657.000000 616.000000 649.000000 649.000000 619.000000 623.000000 623.000000 524.000000 200.000000 0.000000 289.000000 451.000000 451.000000 569.000000 569.000000 494.000000 540.000000 
p_concolor568.000000 568.000000 527.000000 560.000000 560.000000 530.000000 534.000000 534.000000 435.000000 289.000000 289.000000 0.000000 362.000000 362.000000 480.000000 480.000000 405.000000 451.000000 
m_mephitis534.000000 534.000000 493.000000 526.000000 526.000000 496.000000 500.000000 500.000000 401.000000 451.000000 451.000000 362.000000 0.000000 200.000000 446.000000 446.000000 371.000000 417.000000 
s_putorius534.000000 534.000000 493.000000 526.000000 526.000000 496.000000 500.000000 500.000000 401.000000 451.000000 451.000000 362.000000 200.000000 0.000000 446.000000 446.000000 371.000000 417.000000 
u_american484.000000 484.000000 443.000000 476.000000 476.000000 446.000000 528.000000 528.000000 429.000000 569.000000 569.000000 480.000000 446.000000 446.000000 0.000000 200.000000 321.000000 367.000000 
u_arctos   484.000000 484.000000 443.000000 476.000000 476.000000 446.000000 528.000000 528.000000 429.000000 569.000000 569.000000 480.000000 446.000000 446.000000 200.000000 0.000000 321.000000 367.000000 
p_lotor    363.000000 363.000000 322.000000 355.000000 355.000000 325.000000 453.000000 453.000000 354.000000 494.000000 494.000000 405.000000 371.000000 371.000000 321.000000 321.000000 0.000000 246.000000 
lo_canaden317.000000 317.000000 276.000000 309.000000 309.000000 279.000000 499.000000 499.000000 400.000000 540.000000 540.000000 451.000000 417.000000 417.000000 367.000000 367.000000 246.000000 0.000000 

30
a_lagopus  0.000000 4.900000 5.230500 7.598300 6.996000 6.967400 6.255500 7.673300 6.787300 6.505100 7.618500 7.556600 6.753000 7.744800 6.355500 6.621100 6.314000 8.192600 5.525900 7.577800 7.585500 7.410500 7.709100 9.534300 8.859300 9.533800 9.798300 9.741100 9.954800 8.801300 
c_leuconotus4.900000 0.000000 6.551900 8.919700 8.317400 8.288800 7.576900 8.994700 8.108700 7.826500 8.939900 8.878000 8.074400 9.066200 7.676900 7.942500 7.635400 9.514000 6.847300 8.899200 8.906900 8.731900 9.030500 10.855700 10.180700 10.855200 11.119700 11.062500 11.276200 10.122700 
c_lupus    5.230500 6.551900 0.000000 3.499600 6.155500 6.126900 5.415000 6.832800 5.946800 5.664600 6.778000 6.716100 5.912500 6.904300 5.515000 5.780600 5.473500 7.352100 4.685400 6.737300 6.745000 6.570000 6.868600 8.693800 8.018800 8.693300 8.957800 8.900600 9.114300 7.960800 
l_pardalis7.598300 8.919700 3.499600 0.000000 8.523300 8.494700 7.782800 9.200600 8.314600 8.032400 9.145800 9.083900 8.280300 9.272100 7.882800 8.148400 7.841300 9.719900 7.053200 9.105100 9.112800 8.937800 9.236400 11.061600 10.386600 11.061100 11.325600 11.268400 11.482100 10.328600 
l_canadensis6.996000 8.317400 6.155500 8.523300 0.000000 4.100000 4.330300 5.748100 5.376700 5.094500 6.207900 6.146000 5.342400 6.334200 4.944900 5.210500 4.903400 8.234600 5.567900 7.619800 7.627500 7.452500 7.751100 9.576300 8.901300 9.575800 9.840300 9.783100 9.996800 8.843300 
l_rufus    6.967400 8.288800 6.126900 8.494700 4.100000 0.000000 4.301700 5.719500 5.348100 5.065900 6.179300 6.117400 5.313800 6.305600 4.916300 5.181900 4.874800 8.206000 5.539300 7.591200 7.598900 7.423900 7.722500 9.547700 8.872700 9.547200 9.811700 9.754500 9.968200 8.814700 
c_latrans  6.255500 7.576900 5.415000 7.782800 4.330300 4.301700 0.000000 3.800400 4.636200 4.354000 5.467400 5.405500 4.601900 5.593700 4.204400 4.470000 4.162900 7.494100 4.827400 6.879300 6.887000 6.712000 7.010600 8.835800 8.160800 8.835300 9.099800 9.042600 9.256300 8.102800 
m_pennanti7.673300 8.994700 6.832800 9.200600 5.748100 5.719500 3.800400 0.000000 6.054000 5.771800 6.885200 6.823300 6.019700 7.011500 5.622200 5.887800 5.580700 8.911900 6.245200 8.297100 8.304800 8.129800 8.428400 10.253600 9.578600 10.253100 10.517600 10.460400 10.674100 9.520600 
m_erminea  6.787300 8.108700 5.946800 8.314600 5.376700 5.348100 4.636200 6.054000 0.000000 2.299800 4.841400 5.937300 5.133700 6.125500 4.736200 5.001800 4.694700 8.025900 5.359200 7.411100 7.418800 7.243800 7.542400 9.367600 8.692600 9.367100 9.631600 9.574400 9.788100 8.634600 
m_frenata  6.505100 7.826500 5.664600 8.032400 5.094500 5.065900 4.354000 5.771800 2.299800 0.000000 4.559200 5.655100 4.851500 5.843300 4.454000 4.719600 4.412500 7.743700 5.077000 7.128900 7.136600 6.961600 7.260200 9.085400 8.410400 9.084900 9.349400 9.292200 9.505900 8.352400 
p_onca     7.618500 8.939900 6.778000 9.145800 6.207900 6.179300 5.467400 6.885200 4.841400 4.559200 0.000000 6.768500 5.964900 6.956700 5.567400 5.833000 5.525900 8.857100 6.190400 8.242300 8.250000 8.075000 8.373600 10.198800 9.523800 10.198300 10.462800 10.405600 10.619300 9.465800 
m_americana7.556600 8.878000 6.716100 9.083900 6.146000 6.117400 5.405500 6.823300 5.937300 5.655100 6.768500 0.000000 3.800200 6.275200 4.885900 5.151500 4.844400 8.795200 6.128500 8.180400 8.188100 8.013100 8.311700 10.136900 9.461900 10.136400 10.400900 10.343700 10.557400 9.403900 
u_littoralis6.753000 8.074400 5.912500 8.280300 5.342400 5.313800 4.601900 6.019700 5.133700 4.851500 5.964900 3.800200 0.000000 5.471600 4.082300 4.347900 4.040800 7.991600 5.324900 7.376800 7.384500 7.209500 7.508100 9.333300 8.658300 9.332800 9.597300 9.540100 9.753800 8.600300 
g_gulo     7.744800 9.066200 6.904300 9.272100 6.334200 6.305600 5.593700 7.011500 6.125500 5.843300 6.956700 6.275200 5.471600 0.000000 4.099900 5.048300 4.741200 8.983400 6.316700 8.368600 8.376300 8.201300 8.499900 10.325100 9.650100 10.324600 10.589100 10.531900 10.745600 9.592100 
m_mephitis6.355500 7.676900 5.515000 7.882800 4.944900 4.916300 4.204400 5.622200 4.736200 4.454000 5.567400 4.885900 4.082300 4.099900 0.000000 3.659000 3.351900 7.594100 4.927400 6.979300 6.987000 6.812000 7.110600 8.935800 8.260800 8.935300 9.199800 9.142600 9.356300 8.202800 
l_canadensis6.621100 7.942500 5.780600 8.148400 5.210500 5.181900 4.470000 5.887800 5.001800 4.719600 5.833000 5.151500 4.347900 5.048300 3.659000 0.000000 2.599700 7.859700 5.193000 7.244900 7.252600 7.077600 7.376200 9.201400 8.526400 9.200900 9.465400 9.408200 9.621900 8.468400 
m_nivalis  6.314000 7.635400 5.473500 7.841300 4.903400 4.874800 4.162900 5.580700 4.694700 4.412500 5.525900 4.844400 4.040800 4.741200 3.351900 2.599700 0.000000 7.552600 4.885900 6.937800 6.945500 6.770500 7.069100 8.894300 8.219300 8.893800 9.158300 9.101100 9.314800 8.161300 
m_vison    8.192600 9.514000 7.352100 9.719900 8.234600 8.206000 7.494100 8.911900 8.025900 7.743700 8.857100 8.795200 7.991600 8.983400 7.594100 7.859700 7.552600 0.000000 2.666700 5.933400 8.349900 8.174900 8.473500 10.298700 9.623700 10.298200 10.562700 10.505500 10.719200 9.565700 
v_velox    5.525900 6.847300 4.685400 7.053200 5.567900 5.539300 4.827400 6.245200 5.359200 5.077000 6.190400 6.128500 5.324900 6.316700 4.927400 5.193000 4.885900 2.666700 0.000000 3.266700 5.683200 5.508200 5.806800 7.632000 6.957000 7.631500 7.896000 7.838800 8.052500 6.899000 
u_americanus7.577800 8.899200 6.737300 9.105100 7.619800 7.591200 6.879300 8.297100 7.411100 7.128900 8.242300 8.180400 7.376800 8.368600 6.979300 7.244900 6.937800 5.933400 3.266700 0.000000 7.735100 7.560100 7.858700 9.683900 9.008900 9.683400 9.947900 9.890700 10.104400 8.950900 
p_lotor    7.585500 8.906900 6.745000 9.112800 7.627500 7.598900 6.887000 8.304800 7.418800 7.136600 8.250000 8.188100 7.384500 8.376300 6.987000 7.252600 6.945500 8.349900 5.683200 7.735100 0.000000 5.499600 6.738200 9.486200 8.811200 9.485700 9.750200 9.693000 9.906700 8.753200 
s_pygmaea  7.410500 8.731900 6.570000 8.937800 7.452500 7.423900 6.712000 8.129800 7.243800 6.961600 8.075000 8.013100 7.209500 8.201300 6.812000 7.077600 6.770500 8.174900 5.508200 7.560100 5.499600 0.000000 6.563200 9.311200 8.636200 9.310700 9.575200 9.518000 9.731700 8.578200 
p_concolor7.709100 9.030500 6.868600 9.236400 7.751100 7.722500 7.010600 8.428400 7.542400 7.260200 8.373600 8.311700 7.508100 8.499900 7.110600 7.376200 7.069100 8.473500 5.806800 7.858700 6.738200 6.563200 0.000000 9.609800 8.934800 9.609300 9.873800 9.816600 10.030300 8.876800 
t_taxus    9.534300 10.855700 8.693800 11.061600 9.576300 9.547700 8.835800 10.253600 9.367600 9.085400 10.198800 10.136900 9.333300 10.325100 8.935800 9.201400 8.894300 10.298700 7.632000 9.683900 9.486200 9.311200 9.609800 0.000000 8.300000 9.487900 10.169800 10.112600 10.326300 9.747600 
u_arctos   8.859300 10.180700 8.018800 10.386600 8.901300 8.872700 8.160800 9.578600 8.692600 8.410400 9.523800 9.461900 8.658300 9.650100 8.260800 8.526400 8.219300 9.623700 6.957000 9.008900 8.811200 8.636200 8.934800 8.300000 0.000000 8.812900 9.494800 9.437600 9.651300 9.072600 
s_putorius9.533800 10.855200 8.693300 11.061100 9.575800 9.547200 8.835300 10.253100 9.367100 9.084900 10.198300 10.136400 9.332800 10.324600 8.935300 9.200900 8.893800 10.298200 7.631500 9.683400 9.485700 9.310700 9.609300 9.487900 8.812900 0.000000 10.169300 10.112100 10.325800 9.747100 
h_yaguarondi9.798300 11.119700 8.957800 11.325600 9.840300 9.811700 9.099800 10.517600 9.631600 9.349400 10.462800 10.400900 9.597300 10.589100 9.199800 9.465400 9.158300 10.562700 7.896000 9.947900 9.750200 9.575200 9.873800 10.169800 9.494800 10.169300 0.000000 9.599000 10.029100 10.011600 
n_narica   9.741100 11.062500 8.900600 11.268400 9.783100 9.754500 9.042600 10.460400 9.574400 9.292200 10.405600 10.343700 9.540100 10.531900 9.142600 9.408200 9.101100 10.505500 7.838800 9.890700 9.693000 9.518000 9.816600 10.112600 9.437600 10.112100 9.599000 0.000000 9.971900 9.954400 
v_vulpes   9.954800 11.276200 9.114300 11.482100 9.996800 9.968200 9.256300 10.674100 9.788100 9.505900 10.619300 10.557400 9.753800 10.745600 9.356300 9.621900 9.314800 10.719200 8.052500 10.104400 9.906700 9.731700 10.030300 10.326300 9.651300 10.325800 10.029100 9.971900 0.000000 10.168100 
b_astutus  8.801300 10.122700 7.960800 10.328600 8.843300 8.814700 8.102800 9.520600 8.634600 8.352400 9.465800 9.403900 8.600300 9.592100 8.202800 8.468400 8.161300 9.565700 6.899000 8.950900 8.753200 8.578200 8.876800 9.747600 9.072600 9.747100 10.011600 9.954400 10.168100 0.000000 

