19
u_littoral0.000000 200.000000 251.000000 349.000000 393.000000 469.000000 507.000000 674.000000 674.000000 766.000000 766.000000 690.000000 667.000000 573.000000 673.000000 673.000000 703.000000 703.000000 662.000000 
u_american200.000000 0.000000 251.000000 349.000000 393.000000 469.000000 507.000000 674.000000 674.000000 766.000000 766.000000 690.000000 667.000000 573.000000 673.000000 673.000000 703.000000 703.000000 662.000000 
c_latrans  251.000000 251.000000 0.000000 298.000000 342.000000 418.000000 456.000000 623.000000 623.000000 715.000000 715.000000 639.000000 616.000000 522.000000 622.000000 622.000000 652.000000 652.000000 611.000000 
u_arctos   349.000000 349.000000 298.000000 0.000000 244.000000 320.000000 358.000000 525.000000 525.000000 617.000000 617.000000 541.000000 518.000000 424.000000 524.000000 524.000000 554.000000 554.000000 513.000000 
l_pardalis393.000000 393.000000 342.000000 244.000000 0.000000 276.000000 314.000000 481.000000 481.000000 573.000000 573.000000 497.000000 474.000000 380.000000 480.000000 480.000000 510.000000 510.000000 469.000000 
ly_canaden469.000000 469.000000 418.000000 320.000000 276.000000 0.000000 238.000000 405.000000 405.000000 497.000000 497.000000 421.000000 398.000000 304.000000 404.000000 404.000000 434.000000 434.000000 393.000000 
p_onca     507.000000 507.000000 456.000000 358.000000 314.000000 238.000000 0.000000 367.000000 367.000000 459.000000 459.000000 383.000000 360.000000 266.000000 366.000000 366.000000 396.000000 396.000000 355.000000 
m_pennanti674.000000 674.000000 623.000000 525.000000 481.000000 405.000000 367.000000 0.000000 200.000000 398.000000 398.000000 322.000000 299.000000 301.000000 461.000000 461.000000 491.000000 491.000000 450.000000 
m_american674.000000 674.000000 623.000000 525.000000 481.000000 405.000000 367.000000 200.000000 0.000000 398.000000 398.000000 322.000000 299.000000 301.000000 461.000000 461.000000 491.000000 491.000000 450.000000 
n_vison    766.000000 766.000000 715.000000 617.000000 573.000000 497.000000 459.000000 398.000000 398.000000 0.000000 200.000000 276.000000 299.000000 393.000000 553.000000 553.000000 583.000000 583.000000 542.000000 
m_frenata  766.000000 766.000000 715.000000 617.000000 573.000000 497.000000 459.000000 398.000000 398.000000 200.000000 0.000000 276.000000 299.000000 393.000000 553.000000 553.000000 583.000000 583.000000 542.000000 
m_nivalis  690.000000 690.000000 639.000000 541.000000 497.000000 421.000000 383.000000 322.000000 322.000000 276.000000 276.000000 0.000000 223.000000 317.000000 477.000000 477.000000 507.000000 507.000000 466.000000 
lo_canaden667.000000 667.000000 616.000000 518.000000 474.000000 398.000000 360.000000 299.000000 299.000000 299.000000 299.000000 223.000000 0.000000 294.000000 454.000000 454.000000 484.000000 484.000000 443.000000 
t_taxus    573.000000 573.000000 522.000000 424.000000 380.000000 304.000000 266.000000 301.000000 301.000000 393.000000 393.000000 317.000000 294.000000 0.000000 360.000000 360.000000 390.000000 390.000000 349.000000 
c_lupus    673.000000 673.000000 622.000000 524.000000 480.000000 404.000000 366.000000 461.000000 461.000000 553.000000 553.000000 477.000000 454.000000 360.000000 0.000000 200.000000 340.000000 340.000000 299.000000 
n_narica   673.000000 673.000000 622.000000 524.000000 480.000000 404.000000 366.000000 461.000000 461.000000 553.000000 553.000000 477.000000 454.000000 360.000000 200.000000 0.000000 340.000000 340.000000 299.000000 
v_lagopus  703.000000 703.000000 652.000000 554.000000 510.000000 434.000000 396.000000 491.000000 491.000000 583.000000 583.000000 507.000000 484.000000 390.000000 340.000000 340.000000 0.000000 200.000000 241.000000 
b_astutus  703.000000 703.000000 652.000000 554.000000 510.000000 434.000000 396.000000 491.000000 491.000000 583.000000 583.000000 507.000000 484.000000 390.000000 340.000000 340.000000 200.000000 0.000000 241.000000 
p_lotor    662.000000 662.000000 611.000000 513.000000 469.000000 393.000000 355.000000 450.000000 450.000000 542.000000 542.000000 466.000000 443.000000 349.000000 299.000000 299.000000 241.000000 241.000000 0.000000 

30
a_lagopus  0.000000 0.490100 0.523100 0.759900 0.699500 0.696700 0.625400 0.767200 0.678700 0.650400 0.761800 0.662100 0.631400 0.774500 0.635600 0.755600 0.675300 0.819300 0.552600 0.757800 0.758600 0.741100 0.770900 0.953500 0.886000 0.953400 0.979800 0.974100 0.995500 0.880200 
c_leuconotus0.490100 0.000000 0.655200 0.892000 0.831600 0.828800 0.757500 0.899300 0.810800 0.782500 0.893900 0.794200 0.763500 0.906600 0.767700 0.887700 0.807400 0.951400 0.684700 0.889900 0.890700 0.873200 0.903000 1.085600 1.018100 1.085500 1.111900 1.106200 1.127600 1.012300 
c_lupus    0.523100 0.655200 0.000000 0.349600 0.615400 0.612600 0.541300 0.683100 0.594600 0.566300 0.677700 0.578000 0.547300 0.690400 0.551500 0.671500 0.591200 0.735200 0.468500 0.673700 0.674500 0.657000 0.686800 0.869400 0.801900 0.869300 0.895700 0.890000 0.911400 0.796100 
l_pardalis0.759900 0.892000 0.349600 0.000000 0.852200 0.849400 0.778100 0.919900 0.831400 0.803100 0.914500 0.814800 0.784100 0.927200 0.788300 0.908300 0.828000 0.972000 0.705300 0.910500 0.911300 0.893800 0.923600 1.106200 1.038700 1.106100 1.132500 1.126800 1.148200 1.032900 
ly_canaden0.699500 0.831600 0.615400 0.852200 0.000000 0.409800 0.432900 0.574700 0.537600 0.509300 0.620700 0.521000 0.490300 0.633400 0.494500 0.614500 0.534200 0.823400 0.556700 0.761900 0.762700 0.745200 0.775000 0.957600 0.890100 0.957500 0.983900 0.978200 0.999600 0.884300 
l_rufus    0.696700 0.828800 0.612600 0.849400 0.409800 0.000000 0.430100 0.571900 0.534800 0.506500 0.617900 0.518200 0.487500 0.630600 0.491700 0.611700 0.531400 0.820600 0.553900 0.759100 0.759900 0.742400 0.772200 0.954800 0.887300 0.954700 0.981100 0.975400 0.996800 0.881500 
c_latrans  0.625400 0.757500 0.541300 0.778100 0.432900 0.430100 0.000000 0.380000 0.463500 0.435200 0.546600 0.446900 0.416200 0.559300 0.420400 0.540400 0.460100 0.749300 0.482600 0.687800 0.688600 0.671100 0.700900 0.883500 0.816000 0.883400 0.909800 0.904100 0.925500 0.810200 
m_pennanti0.767200 0.899300 0.683100 0.919900 0.574700 0.571900 0.380000 0.000000 0.605300 0.577000 0.688400 0.588700 0.558000 0.701100 0.562200 0.682200 0.601900 0.891100 0.624400 0.829600 0.830400 0.812900 0.842700 1.025300 0.957800 1.025200 1.051600 1.045900 1.067300 0.952000 
m_erminea  0.678700 0.810800 0.594600 0.831400 0.537600 0.534800 0.463500 0.605300 0.000000 0.230100 0.484100 0.500200 0.469500 0.612600 0.473700 0.593700 0.513400 0.802600 0.535900 0.741100 0.741900 0.724400 0.754200 0.936800 0.869300 0.936700 0.963100 0.957400 0.978800 0.863500 
m_frenata  0.650400 0.782500 0.566300 0.803100 0.509300 0.506500 0.435200 0.577000 0.230100 0.000000 0.455800 0.471900 0.441200 0.584300 0.445400 0.565400 0.485100 0.774300 0.507600 0.712800 0.713600 0.696100 0.725900 0.908500 0.841000 0.908400 0.934800 0.929100 0.950500 0.835200 
p_onca     0.761800 0.893900 0.677700 0.914500 0.620700 0.617900 0.546600 0.688400 0.484100 0.455800 0.000000 0.583300 0.552600 0.695700 0.556800 0.676800 0.596500 0.885700 0.619000 0.824200 0.825000 0.807500 0.837300 1.019900 0.952400 1.019800 1.046200 1.040500 1.061900 0.946600 
lo_canaden0.662100 0.794200 0.578000 0.814800 0.521000 0.518200 0.446900 0.588700 0.500200 0.471900 0.583300 0.000000 0.260100 0.504800 0.365900 0.515100 0.434800 0.786000 0.519300 0.724500 0.725300 0.707800 0.737600 0.920200 0.852700 0.920100 0.946500 0.940800 0.962200 0.846900 
m_nivalis  0.631400 0.763500 0.547300 0.784100 0.490300 0.487500 0.416200 0.558000 0.469500 0.441200 0.552600 0.260100 0.000000 0.474100 0.335200 0.484400 0.404100 0.755300 0.488600 0.693800 0.694600 0.677100 0.706900 0.889500 0.822000 0.889400 0.915800 0.910100 0.931500 0.816200 
g_gulo     0.774500 0.906600 0.690400 0.927200 0.633400 0.630600 0.559300 0.701100 0.612600 0.584300 0.695700 0.504800 0.474100 0.000000 0.410100 0.627500 0.547200 0.898400 0.631700 0.836900 0.837700 0.820200 0.850000 1.032600 0.965100 1.032500 1.058900 1.053200 1.074600 0.959300 
m_mephitis0.635600 0.767700 0.551500 0.788300 0.494500 0.491700 0.420400 0.562200 0.473700 0.445400 0.556800 0.365900 0.335200 0.410100 0.000000 0.488600 0.408300 0.759500 0.492800 0.698000 0.698800 0.681300 0.711100 0.893700 0.826200 0.893600 0.920000 0.914300 0.935700 0.820400 
m_americana0.755600 0.887700 0.671500 0.908300 0.614500 0.611700 0.540400 0.682200 0.593700 0.565400 0.676800 0.515100 0.484400 0.627500 0.488600 0.000000 0.379900 0.879500 0.612800 0.818000 0.818800 0.801300 0.831100 1.013700 0.946200 1.013600 1.040000 1.034300 1.055700 0.940400 
u_littoralis0.675300 0.807400 0.591200 0.828000 0.534200 0.531400 0.460100 0.601900 0.513400 0.485100 0.596500 0.434800 0.404100 0.547200 0.408300 0.379900 0.000000 0.799200 0.532500 0.737700 0.738500 0.721000 0.750800 0.933400 0.865900 0.933300 0.959700 0.954000 0.975400 0.860100 
m_vison    0.819300 0.951400 0.735200 0.972000 0.823400 0.820600 0.749300 0.891100 0.802600 0.774300 0.885700 0.786000 0.755300 0.898400 0.759500 0.879500 0.799200 0.000000 0.266700 0.593500 0.835100 0.817600 0.847400 1.030000 0.962500 1.029900 1.056300 1.050600 1.072000 0.956700 
v_velox    0.552600 0.684700 0.468500 0.705300 0.556700 0.553900 0.482600 0.624400 0.535900 0.507600 0.619000 0.519300 0.488600 0.631700 0.492800 0.612800 0.532500 0.266700 0.000000 0.326800 0.568400 0.550900 0.580700 0.763300 0.695800 0.763200 0.789600 0.783900 0.805300 0.690000 
u_americanus0.757800 0.889900 0.673700 0.910500 0.761900 0.759100 0.687800 0.829600 0.741100 0.712800 0.824200 0.724500 0.693800 0.836900 0.698000 0.818000 0.737700 0.593500 0.326800 0.000000 0.773600 0.756100 0.785900 0.968500 0.901000 0.968400 0.994800 0.989100 1.010500 0.895200 
p_lotor    0.758600 0.890700 0.674500 0.911300 0.762700 0.759900 0.688600 0.830400 0.741900 0.713600 0.825000 0.725300 0.694600 0.837700 0.698800 0.818800 0.738500 0.835100 0.568400 0.773600 0.000000 0.549700 0.674300 0.948700 0.881200 0.948600 0.975000 0.969300 0.990700 0.875400 
s_pygmaea  0.741100 0.873200 0.657000 0.893800 0.745200 0.742400 0.671100 0.812900 0.724400 0.696100 0.807500 0.707800 0.677100 0.820200 0.681300 0.801300 0.721000 0.817600 0.550900 0.756100 0.549700 0.000000 0.656800 0.931200 0.863700 0.931100 0.957500 0.951800 0.973200 0.857900 
p_concolor0.770900 0.903000 0.686800 0.923600 0.775000 0.772200 0.700900 0.842700 0.754200 0.725900 0.837300 0.737600 0.706900 0.850000 0.711100 0.831100 0.750800 0.847400 0.580700 0.785900 0.674300 0.656800 0.000000 0.961000 0.893500 0.960900 0.987300 0.981600 1.003000 0.887700 
t_taxus    0.953500 1.085600 0.869400 1.106200 0.957600 0.954800 0.883500 1.025300 0.936800 0.908500 1.019900 0.920200 0.889500 1.032600 0.893700 1.013700 0.933400 1.030000 0.763300 0.968500 0.948700 0.931200 0.961000 0.000000 0.829900 0.949100 1.016900 1.011200 1.032600 0.974900 
u_arctos   0.886000 1.018100 0.801900 1.038700 0.890100 0.887300 0.816000 0.957800 0.869300 0.841000 0.952400 0.852700 0.822000 0.965100 0.826200 0.946200 0.865900 0.962500 0.695800 0.901000 0.881200 0.863700 0.893500 0.829900 0.000000 0.881600 0.949400 0.943700 0.965100 0.907400 
s_putorius0.953400 1.085500 0.869300 1.106100 0.957500 0.954700 0.883400 1.025200 0.936700 0.908400 1.019800 0.920100 0.889400 1.032500 0.893600 1.013600 0.933300 1.029900 0.763200 0.968400 0.948600 0.931100 0.960900 0.949100 0.881600 0.000000 1.016800 1.011100 1.032500 0.974800 
h_yaguarondi0.979800 1.111900 0.895700 1.132500 0.983900 0.981100 0.909800 1.051600 0.963100 0.934800 1.046200 0.946500 0.915800 1.058900 0.920000 1.040000 0.959700 1.056300 0.789600 0.994800 0.975000 0.957500 0.987300 1.016900 0.949400 1.016800 0.000000 0.959500 1.003100 1.001200 
n_narica   0.974100 1.106200 0.890000 1.126800 0.978200 0.975400 0.904100 1.045900 0.957400 0.929100 1.040500 0.940800 0.910100 1.053200 0.914300 1.034300 0.954000 1.050600 0.783900 0.989100 0.969300 0.951800 0.981600 1.011200 0.943700 1.011100 0.959500 0.000000 0.997400 0.995500 
v_vulpes   0.995500 1.127600 0.911400 1.148200 0.999600 0.996800 0.925500 1.067300 0.978800 0.950500 1.061900 0.962200 0.931500 1.074600 0.935700 1.055700 0.975400 1.072000 0.805300 1.010500 0.990700 0.973200 1.003000 1.032600 0.965100 1.032500 1.003100 0.997400 0.000000 1.016900 
b_astutus  0.880200 1.012300 0.796100 1.032900 0.884300 0.881500 0.810200 0.952000 0.863500 0.835200 0.946600 0.846900 0.816200 0.959300 0.820400 0.940400 0.860100 0.956700 0.690000 0.895200 0.875400 0.857900 0.887700 0.974900 0.907400 0.974800 1.001200 0.995500 1.016900 0.000000 

