20
p_onca     0.000000 200.000000 233.000000 291.000000 291.000000 366.000000 366.000000 337.000000 309.000000 293.000000 305.000000 305.000000 316.000000 316.000000 435.000000 435.000000 384.000000 362.000000 327.000000 303.000000 
l_pardalis200.000000 0.000000 233.000000 291.000000 291.000000 366.000000 366.000000 337.000000 309.000000 293.000000 305.000000 305.000000 316.000000 316.000000 435.000000 435.000000 384.000000 362.000000 327.000000 303.000000 
ly_canaden233.000000 233.000000 0.000000 258.000000 258.000000 333.000000 333.000000 304.000000 276.000000 260.000000 272.000000 272.000000 283.000000 283.000000 402.000000 402.000000 351.000000 329.000000 294.000000 270.000000 
v_lagopus  291.000000 291.000000 258.000000 0.000000 200.000000 345.000000 345.000000 316.000000 288.000000 272.000000 284.000000 284.000000 295.000000 295.000000 414.000000 414.000000 363.000000 341.000000 306.000000 282.000000 
c_lupus    291.000000 291.000000 258.000000 200.000000 0.000000 345.000000 345.000000 316.000000 288.000000 272.000000 284.000000 284.000000 295.000000 295.000000 414.000000 414.000000 363.000000 341.000000 306.000000 282.000000 
lo_canaden366.000000 366.000000 333.000000 345.000000 345.000000 0.000000 200.000000 229.000000 257.000000 273.000000 309.000000 309.000000 320.000000 320.000000 439.000000 439.000000 388.000000 366.000000 331.000000 307.000000 
m_mephitis366.000000 366.000000 333.000000 345.000000 345.000000 200.000000 0.000000 229.000000 257.000000 273.000000 309.000000 309.000000 320.000000 320.000000 439.000000 439.000000 388.000000 366.000000 331.000000 307.000000 
s_putorius337.000000 337.000000 304.000000 316.000000 316.000000 229.000000 229.000000 0.000000 228.000000 244.000000 280.000000 280.000000 291.000000 291.000000 410.000000 410.000000 359.000000 337.000000 302.000000 278.000000 
b_astutus  309.000000 309.000000 276.000000 288.000000 288.000000 257.000000 257.000000 228.000000 0.000000 216.000000 252.000000 252.000000 263.000000 263.000000 382.000000 382.000000 331.000000 309.000000 274.000000 250.000000 
p_lotor    293.000000 293.000000 260.000000 272.000000 272.000000 273.000000 273.000000 244.000000 216.000000 0.000000 236.000000 236.000000 247.000000 247.000000 366.000000 366.000000 315.000000 293.000000 258.000000 234.000000 
t_taxus    305.000000 305.000000 272.000000 284.000000 284.000000 309.000000 309.000000 280.000000 252.000000 236.000000 0.000000 200.000000 247.000000 247.000000 366.000000 366.000000 315.000000 293.000000 258.000000 234.000000 
n_narica   305.000000 305.000000 272.000000 284.000000 284.000000 309.000000 309.000000 280.000000 252.000000 236.000000 200.000000 0.000000 247.000000 247.000000 366.000000 366.000000 315.000000 293.000000 258.000000 234.000000 
u_arctos   316.000000 316.000000 283.000000 295.000000 295.000000 320.000000 320.000000 291.000000 263.000000 247.000000 247.000000 247.000000 0.000000 200.000000 357.000000 357.000000 306.000000 284.000000 249.000000 225.000000 
m_american316.000000 316.000000 283.000000 295.000000 295.000000 320.000000 320.000000 291.000000 263.000000 247.000000 247.000000 247.000000 200.000000 0.000000 357.000000 357.000000 306.000000 284.000000 249.000000 225.000000 
g_gulo     435.000000 435.000000 402.000000 414.000000 414.000000 439.000000 439.000000 410.000000 382.000000 366.000000 366.000000 366.000000 357.000000 357.000000 0.000000 200.000000 251.000000 273.000000 308.000000 332.000000 
m_erminea  435.000000 435.000000 402.000000 414.000000 414.000000 439.000000 439.000000 410.000000 382.000000 366.000000 366.000000 366.000000 357.000000 357.000000 200.000000 0.000000 251.000000 273.000000 308.000000 332.000000 
n_vison    384.000000 384.000000 351.000000 363.000000 363.000000 388.000000 388.000000 359.000000 331.000000 315.000000 315.000000 315.000000 306.000000 306.000000 251.000000 251.000000 0.000000 222.000000 257.000000 281.000000 
m_nivalis  362.000000 362.000000 329.000000 341.000000 341.000000 366.000000 366.000000 337.000000 309.000000 293.000000 293.000000 293.000000 284.000000 284.000000 273.000000 273.000000 222.000000 0.000000 235.000000 259.000000 
m_frenata  327.000000 327.000000 294.000000 306.000000 306.000000 331.000000 331.000000 302.000000 274.000000 258.000000 258.000000 258.000000 249.000000 249.000000 308.000000 308.000000 257.000000 235.000000 0.000000 224.000000 
m_pennanti303.000000 303.000000 270.000000 282.000000 282.000000 307.000000 307.000000 278.000000 250.000000 234.000000 234.000000 234.000000 225.000000 225.000000 332.000000 332.000000 281.000000 259.000000 224.000000 0.000000 

30
t_taxus    0.000000 5.999600 10.828600 11.221500 10.798300 8.651800 9.486900 9.219000 10.680800 9.252400 9.531000 10.621400 10.060200 10.470900 9.965500 9.583500 10.090700 9.695600 9.417000 9.051700 8.766000 7.913500 8.534900 9.879500 9.361600 10.239000 9.587400 10.012400 9.800900 9.875900 
u_littoralis5.999600 0.000000 8.528600 8.921500 8.498300 6.351800 7.186900 6.919000 8.380800 6.952400 7.231000 8.321400 7.760200 8.170900 7.665500 7.283500 7.790700 7.395600 7.117000 6.751700 6.466000 5.613500 6.234900 7.579500 7.061600 7.939000 7.287400 7.712400 7.500900 7.575900 
a_lagopus  10.828600 8.528600 0.000000 9.999500 10.763500 8.617000 9.452100 9.184200 10.646000 9.217600 9.496200 10.586600 10.025400 10.436100 9.930700 9.548700 10.055900 9.660800 9.382200 9.016900 8.731200 7.878700 8.500100 9.844700 9.326800 10.204200 9.552600 9.977600 9.766100 9.841100 
v_vulpes   11.221500 8.921500 9.999500 0.000000 11.156400 9.009900 9.845000 9.577100 11.038900 9.610500 9.889100 10.979500 10.418300 10.829000 10.323600 9.941600 10.448800 10.053700 9.775100 9.409800 9.124100 8.271600 8.893000 10.237600 9.719700 10.597100 9.945500 10.370500 10.159000 10.234000 
u_arctos   10.798300 8.498300 10.763500 11.156400 0.000000 5.900100 8.978000 8.710100 10.171900 8.743500 9.022100 10.112500 9.551300 9.962000 9.456600 9.074600 9.581800 9.186700 8.908100 8.542800 8.257100 7.404600 8.026000 9.370600 8.852700 9.730100 9.078500 9.503500 9.292000 9.367000 
v_velox    8.651800 6.351800 8.617000 9.009900 5.900100 0.000000 6.831500 6.563600 8.025400 6.597000 6.875600 7.966000 7.404800 7.815500 7.310100 6.928100 7.435300 7.040200 6.761600 6.396300 6.110600 5.258100 5.879500 7.224100 6.706200 7.583600 6.932000 7.357000 7.145500 7.220500 
p_concolor9.486900 7.186900 9.452100 9.845000 8.978000 6.831500 0.000000 4.300100 7.433700 7.432100 7.710700 8.801100 8.239900 8.650600 8.145200 7.763200 8.270400 7.875300 7.596700 7.231400 6.945700 6.093200 6.714600 8.059200 7.541300 8.418700 7.767100 8.192100 7.980600 8.055600 
s_pygmaea  9.219000 6.919000 9.184200 9.577100 8.710100 6.563600 4.300100 0.000000 7.165800 7.164200 7.442800 8.533200 7.972000 8.382700 7.877300 7.495300 8.002500 7.607400 7.328800 6.963500 6.677800 5.825300 6.446700 7.791300 7.273400 8.150800 7.499200 7.924200 7.712700 7.787700 
s_putorius10.680800 8.380800 10.646000 11.038900 10.171900 8.025400 7.433700 7.165800 0.000000 8.626000 8.904600 9.995000 9.433800 9.844500 9.339100 8.957100 9.464300 9.069200 8.790600 8.425300 8.139600 7.287100 7.908500 9.253100 8.735200 9.612600 8.961000 9.386000 9.174500 9.249500 
m_frenata  9.252400 6.952400 9.217600 9.610500 8.743500 6.597000 7.432100 7.164200 8.626000 0.000000 3.399800 6.660800 7.245600 7.656300 7.150900 7.528700 8.035900 7.640800 7.362200 6.996900 6.711200 5.858700 6.480100 7.824700 7.306800 8.184200 7.532600 7.957600 7.746100 7.821100 
p_onca     9.531000 7.231000 9.496200 9.889100 9.022100 6.875600 7.710700 7.442800 8.904600 3.399800 0.000000 6.939400 7.524200 7.934900 7.429500 7.807300 8.314500 7.919400 7.640800 7.275500 6.989800 6.137300 6.758700 8.103300 7.585400 8.462800 7.811200 8.236200 8.024700 8.099700 
n_narica   10.621400 8.321400 10.586600 10.979500 10.112500 7.966000 8.801100 8.533200 9.995000 6.660800 6.939400 0.000000 8.614600 9.025300 8.519900 8.897700 9.404900 9.009800 8.731200 8.365900 8.080200 7.227700 7.849100 9.193700 8.675800 9.553200 8.901600 9.326600 9.115100 9.190100 
c_leuconotus10.060200 7.760200 10.025400 10.418300 9.551300 7.404800 8.239900 7.972000 9.433800 7.245600 7.524200 8.614600 0.000000 6.400500 6.343900 8.336500 8.843700 8.448600 8.170000 7.804700 7.519000 6.666500 7.287900 8.632500 8.114600 8.992000 8.340400 8.765400 8.553900 8.628900 
h_yaguarondi10.470900 8.170900 10.436100 10.829000 9.962000 7.815500 8.650600 8.382700 9.844500 7.656300 7.934900 9.025300 6.400500 0.000000 6.754600 8.747200 9.254400 8.859300 8.580700 8.215400 7.929700 7.077200 7.698600 9.043200 8.525300 9.402700 8.751100 9.176100 8.964600 9.039600 
m_vison    9.965500 7.665500 9.930700 10.323600 9.456600 7.310100 8.145200 7.877300 9.339100 7.150900 7.429500 8.519900 6.343900 6.754600 0.000000 8.241800 8.749000 8.353900 8.075300 7.710000 7.424300 6.571800 7.193200 8.537800 8.019900 8.897300 8.245700 8.670700 8.459200 8.534200 
g_gulo     9.583500 7.283500 9.548700 9.941600 9.074600 6.928100 7.763200 7.495300 8.957100 7.528700 7.807300 8.897700 8.336500 8.747200 8.241800 0.000000 6.000000 7.751500 7.472900 7.107600 6.821900 5.969400 6.590800 7.935400 7.417500 8.294900 7.643300 8.068300 7.856800 7.931800 
l_pardalis10.090700 7.790700 10.055900 10.448800 9.581800 7.435300 8.270400 8.002500 9.464300 8.035900 8.314500 9.404900 8.843700 9.254400 8.749000 6.000000 0.000000 8.258700 7.980100 7.614800 7.329100 6.476600 7.098000 8.442600 7.924700 8.802100 8.150500 8.575500 8.364000 8.439000 
b_astutus  9.695600 7.395600 9.660800 10.053700 9.186700 7.040200 7.875300 7.607400 9.069200 7.640800 7.919400 9.009800 8.448600 8.859300 8.353900 7.751500 8.258700 0.000000 5.800000 7.219700 6.934000 6.081500 6.702900 8.047500 7.529600 8.407000 7.755400 8.180400 7.968900 8.043900 
l_canadensis9.417000 7.117000 9.382200 9.775100 8.908100 6.761600 7.596700 7.328800 8.790600 7.362200 7.640800 8.731200 8.170000 8.580700 8.075300 7.472900 7.980100 5.800000 0.000000 6.941100 6.655400 5.802900 6.424300 7.768900 7.251000 8.128400 7.476800 7.901800 7.690300 7.765300 
l_rufus    9.051700 6.751700 9.016900 9.409800 8.542800 6.396300 7.231400 6.963500 8.425300 6.996900 7.275500 8.365900 7.804700 8.215400 7.710000 7.107600 7.614800 7.219700 6.941100 0.000000 4.000100 4.132200 4.753600 7.095800 6.577900 7.455300 6.803700 7.228700 7.017200 7.092200 
m_erminea  8.766000 6.466000 8.731200 9.124100 8.257100 6.110600 6.945700 6.677800 8.139600 6.711200 6.989800 8.080200 7.519000 7.929700 7.424300 6.821900 7.329100 6.934000 6.655400 4.000100 0.000000 3.846500 4.467900 6.810100 6.292200 7.169600 6.518000 6.943000 6.731500 6.806500 
c_latrans  7.913500 5.613500 7.878700 8.271600 7.404600 5.258100 6.093200 5.825300 7.287100 5.858700 6.137300 7.227700 6.666500 7.077200 6.571800 5.969400 6.476600 6.081500 5.802900 4.132200 3.846500 0.000000 2.099800 5.957600 5.439700 6.317100 5.665500 6.090500 5.879000 5.954000 
p_lotor    8.534900 6.234900 8.500100 8.893000 8.026000 5.879500 6.714600 6.446700 7.908500 6.480100 6.758700 7.849100 7.287900 7.698600 7.193200 6.590800 7.098000 6.702900 6.424300 4.753600 4.467900 2.099800 0.000000 6.579000 6.061100 6.938500 6.286900 6.711900 6.500400 6.575400 
m_americana9.879500 7.579500 9.844700 10.237600 9.370600 7.224100 8.059200 7.791300 9.253100 7.824700 8.103300 9.193700 8.632500 9.043200 8.537800 7.935400 8.442600 8.047500 7.768900 7.095800 6.810100 5.957600 6.579000 0.000000 5.099900 7.409300 6.912700 7.337700 7.126200 7.201200 
m_mephitis9.361600 7.061600 9.326800 9.719700 8.852700 6.706200 7.541300 7.273400 8.735200 7.306800 7.585400 8.675800 8.114600 8.525300 8.019900 7.417500 7.924700 7.529600 7.251000 6.577900 6.292200 5.439700 6.061100 5.099900 0.000000 6.891400 6.394800 6.819800 6.608300 6.683300 
m_pennanti10.239000 7.939000 10.204200 10.597100 9.730100 7.583600 8.418700 8.150800 9.612600 8.184200 8.462800 9.553200 8.992000 9.402700 8.897300 8.294900 8.802100 8.407000 8.128400 7.455300 7.169600 6.317100 6.938500 7.409300 6.891400 0.000000 7.272200 7.697200 7.485700 7.560700 
l_canadensis9.587400 7.287400 9.552600 9.945500 9.078500 6.932000 7.767100 7.499200 8.961000 7.532600 7.811200 8.901600 8.340400 8.751100 8.245700 7.643300 8.150500 7.755400 7.476800 6.803700 6.518000 5.665500 6.286900 6.912700 6.394800 7.272200 0.000000 5.700000 6.125100 6.200100 
m_nivalis  10.012400 7.712400 9.977600 10.370500 9.503500 7.357000 8.192100 7.924200 9.386000 7.957600 8.236200 9.326600 8.765400 9.176100 8.670700 8.068300 8.575500 8.180400 7.901800 7.228700 6.943000 6.090500 6.711900 7.337700 6.819800 7.697200 5.700000 0.000000 6.550100 6.625100 
c_lupus    9.800900 7.500900 9.766100 10.159000 9.292000 7.145500 7.980600 7.712700 9.174500 7.746100 8.024700 9.115100 8.553900 8.964600 8.459200 7.856800 8.364000 7.968900 7.690300 7.017200 6.731500 5.879000 6.500400 7.126200 6.608300 7.485700 6.125100 6.550100 0.000000 6.100000 
u_americanus9.875900 7.575900 9.841100 10.234000 9.367000 7.220500 8.055600 7.787700 9.249500 7.821100 8.099700 9.190100 8.628900 9.039600 8.534200 7.931800 8.439000 8.043900 7.765300 7.092200 6.806500 5.954000 6.575400 7.201200 6.683300 7.560700 6.200100 6.625100 6.100000 0.000000 

